40 40 3 195

0.3 0 3
0.3 0 5
0.3 0 15
0.3 0 24
0.3 0 27
0.3 0 28
0.3 0 29
0.3 0 33
0.3 0 35
0.3 1 5
0.3 1 6
0.3 1 7
0.3 1 34
0.3 2 4
0.3 2 7
0.3 2 9
0.3 2 13
0.3 2 23
0.3 2 25
0.3 2 26
0.3 2 30
0.3 2 31
0.3 2 38
0.3 3 4
0.3 3 7
0.3 3 9
0.3 3 15
0.3 3 18
0.3 3 21
0.3 3 23
0.3 3 24
0.3 3 25
0.3 3 26
0.3 3 31
0.3 3 33
0.3 3 36
0.3 4 5
0.3 4 10
0.3 4 12
0.3 4 25
0.3 4 26
0.3 4 27
0.3 4 30
0.3 4 33
0.3 4 37
0.3 5 7
0.3 5 9
0.3 5 10
0.3 5 11
0.3 5 13
0.3 5 14
0.3 5 16
0.3 5 31
0.3 5 32
0.3 5 35
0.3 6 8
0.3 6 9
0.3 6 10
0.3 6 15
0.3 6 20
0.3 6 22
0.3 6 25
0.3 6 26
0.3 6 28
0.3 6 29
0.3 6 32
0.3 6 34
0.3 7 11
0.3 7 14
0.3 7 16
0.3 7 30
0.3 7 37
0.3 8 9
0.3 8 12
0.3 8 16
0.3 8 24
0.3 8 26
0.3 8 28
0.3 8 29
0.3 8 30
0.3 8 31
0.3 8 33
0.3 9 12
0.3 9 17
0.3 9 18
0.3 9 29
0.3 10 12
0.3 10 20
0.3 10 21
0.3 10 25
0.3 10 27
0.3 10 29
0.3 10 31
0.3 10 32
0.3 10 35
0.3 11 14
0.3 11 19
0.3 11 25
0.3 11 27
0.3 11 33
0.3 11 36
0.3 11 38
0.3 11 39
0.3 12 13
0.3 12 15
0.3 12 21
0.3 12 23
0.3 12 35
0.3 12 36
0.3 12 38
0.3 13 15
0.3 13 18
0.3 13 25
0.3 13 26
0.3 13 28
0.3 13 36
0.3 13 37
0.3 14 19
0.3 14 22
0.3 14 27
0.3 14 35
0.3 15 19
0.3 15 20
0.3 15 23
0.3 15 24
0.3 15 29
0.3 15 38
0.3 16 18
0.3 16 19
0.3 16 21
0.3 16 26
0.3 16 28
0.3 16 30
0.3 16 33
0.3 16 36
0.3 17 20
0.3 17 26
0.3 17 27
0.3 17 29
0.3 17 35
0.3 17 36
0.3 18 24
0.3 18 28
0.3 18 34
0.3 18 39
0.3 19 24
0.3 19 39
0.3 20 22
0.3 20 25
0.3 20 31
0.3 20 32
0.3 20 33
0.3 20 37
0.3 21 22
0.3 21 29
0.3 21 36
0.3 21 37
0.3 21 38
0.3 22 25
0.3 22 39
0.3 23 28
0.3 23 31
0.3 23 34
0.3 24 32
0.3 24 35
0.3 24 38
0.3 25 27
0.3 25 29
0.3 25 30
0.3 25 31
0.3 25 38
0.3 26 36
0.3 26 38
0.3 27 28
0.3 27 32
0.3 27 35
0.3 27 39
0.3 28 30
0.3 28 31
0.3 28 33
0.3 28 36
0.3 29 30
0.3 29 33
0.3 30 32
0.3 30 33
0.3 30 35
0.3 30 36
0.3 31 35
0.3 32 38
0.3 32 39
0.3 33 34
0.3 33 39
0.3 34 37
0.3 36 38
0.3 37 38

0 386 475 152 128 145 267 268 80 392 278 235 134 176 269 268 311 205 316 443 279 418 438 396 421 337 433 83 370 301 472 221 379 149 387 206 342 328 420 134 
386 0 383 179 242 379 74 290 300 109 281 448 263 371 437 93 374 347 224 453 168 196 369 491 62 80 339 396 279 479 278 335 357 374 95 462 431 425 312 266 
475 383 0 374 445 454 225 252 186 108 324 487 189 479 295 178 199 165 171 172 85 475 217 317 443 476 461 439 201 426 147 326 374 359 383 270 305 179 456 468 
152 179 374 0 295 183 462 69 172 93 209 254 192 122 243 54 247 210 414 212 350 469 463 233 430 354 479 128 284 377 450 74 403 448 316 238 172 253 464 281 
128 242 445 295 0 357 416 56 482 354 242 478 306 455 308 219 375 65 228 240 111 270 101 462 162 370 149 347 312 257 410 285 348 189 451 490 388 257 54 174 
145 379 454 183 357 0 218 202 68 411 446 287 493 195 375 256 148 371 126 162 481 332 386 133 74 403 70 128 96 334 231 235 109 430 473 453 317 217 423 282 
267 74 225 462 416 218 0 68 274 422 377 146 102 63 83 484 54 400 302 406 224 487 434 98 187 115 71 173 429 160 414 255 365 406 82 174 230 181 295 62 
268 290 252 69 56 202 68 0 160 307 460 149 227 289 70 498 456 270 216 219 77 221 396 269 300 497 386 63 146 276 243 405 252 139 321 331 381 65 281 77 
80 300 186 172 482 68 274 160 0 93 235 268 300 380 63 210 181 80 302 123 338 102 461 257 177 171 496 313 149 136 97 185 244 59 232 458 219 357 379 454 
392 109 108 93 354 411 422 307 93 0 128 165 353 462 225 385 281 284 121 121 151 195 123 486 384 57 131 272 56 296 396 59 130 164 230 306 333 338 408 286 
278 281 324 209 242 446 377 460 235 128 0 374 212 276 83 61 225 488 236 335 366 248 70 137 323 183 462 83 476 128 330 300 258 53 342 352 332 243 197 487 
235 448 487 254 478 287 146 149 268 165 374 0 287 340 262 449 113 480 446 344 110 87 363 425 360 283 398 335 370 443 343 465 415 198 55 286 429 468 409 306 
134 263 189 192 306 493 102 227 300 353 212 287 0 195 485 264 314 254 375 368 300 70 304 204 345 288 196 364 76 58 474 352 432 315 182 196 102 124 314 258 
176 371 479 122 455 195 63 289 380 462 276 340 195 0 260 229 438 216 467 150 75 284 489 188 407 76 215 286 454 104 272 480 445 323 70 396 190 277 75 160 
269 437 295 243 308 375 83 70 63 225 83 262 485 260 0 431 304 410 150 68 233 387 132 310 164 289 68 416 159 312 352 443 113 246 329 452 207 456 197 201 
268 93 178 54 219 256 484 498 210 385 61 449 264 229 431 0 281 271 221 245 463 131 135 137 114 415 410 326 117 84 284 410 98 229 391 53 227 163 222 439 
311 374 199 247 375 148 54 456 181 281 225 113 314 438 304 281 0 296 132 271 265 264 231 291 370 410 348 183 318 264 290 471 415 324 94 63 405 209 274 399 
205 347 165 210 65 371 400 270 80 284 488 480 254 216 410 271 296 0 66 453 345 110 303 270 356 112 58 319 395 177 142 232 51 52 459 152 287 324 253 386 
316 224 171 414 228 126 302 216 302 121 236 446 375 467 150 221 132 66 0 77 124 365 394 417 201 482 198 491 239 151 499 52 100 318 151 279 328 200 146 205 
443 453 172 212 240 162 406 219 123 121 335 344 368 150 68 245 271 453 77 0 190 308 376 67 294 462 130 409 143 81 417 469 139 180 412 175 282 379 472 227 
279 168 85 350 111 481 224 77 338 151 366 110 300 75 233 463 265 345 124 190 0 418 257 339 59 225 297 228 285 72 244 355 356 261 201 265 333 289 174 297 
418 196 475 469 270 332 487 221 102 195 248 87 70 284 387 131 264 110 365 308 418 0 431 427 96 145 319 338 57 341 79 453 259 367 69 374 433 201 188 174 
438 369 217 463 101 386 434 396 461 123 70 363 304 489 132 135 231 303 394 376 257 431 0 55 104 282 246 417 133 174 439 254 343 486 405 151 368 492 231 302 
396 491 317 233 462 133 98 269 257 486 137 425 204 188 310 137 291 270 417 67 339 427 55 0 353 94 359 132 193 307 291 50 356 419 407 377 86 106 289 99 
421 62 443 430 162 74 187 300 177 384 323 360 345 407 164 114 370 356 201 294 59 96 104 353 0 452 300 174 443 104 411 243 452 287 145 95 220 425 479 63 
337 80 476 354 370 403 115 497 171 57 183 283 288 76 289 415 410 112 482 462 225 145 282 94 452 0 207 213 177 464 452 371 421 256 477 398 259 492 267 187 
433 339 461 479 149 70 71 386 496 131 462 398 196 215 68 410 348 58 198 130 297 319 246 359 300 207 0 402 109 206 345 208 64 370 406 380 295 215 122 308 
83 396 439 128 347 128 173 63 313 272 83 335 364 286 416 326 183 319 491 409 228 338 417 132 174 213 402 0 74 497 374 294 452 365 466 254 163 336 204 122 
370 279 201 284 312 96 429 146 149 56 476 370 76 454 159 117 318 395 239 143 285 57 133 193 443 177 109 74 0 140 364 452 372 292 297 288 318 52 263 491 
301 479 426 377 257 334 160 276 136 296 128 443 58 104 312 84 264 177 151 81 72 341 174 307 104 464 206 497 140 0 98 72 86 370 53 391 274 409 124 195 
472 278 147 450 410 231 414 243 97 396 330 343 474 272 352 284 290 142 499 417 244 79 439 291 411 452 345 374 364 98 0 342 294 321 209 52 50 341 303 182 
221 335 326 74 285 235 255 405 185 59 300 465 352 480 443 410 471 232 52 469 355 453 254 50 243 371 208 294 452 72 342 0 250 148 183 444 159 86 389 124 
379 357 374 403 348 109 365 252 244 130 258 415 432 445 113 98 415 51 100 139 356 259 343 356 452 421 64 452 372 86 294 250 0 244 305 353 204 333 386 167 
149 374 359 448 189 430 406 139 59 164 53 198 315 323 246 229 324 52 318 180 261 367 486 419 287 256 370 365 292 370 321 148 244 0 91 272 61 470 258 149 
387 95 383 316 451 473 82 321 232 230 342 55 182 70 329 391 94 459 151 412 201 69 405 407 145 477 406 466 297 53 209 183 305 91 0 181 488 289 109 111 
206 462 270 238 490 453 174 331 458 306 352 286 196 396 452 53 63 152 279 175 265 374 151 377 95 398 380 254 288 391 52 444 353 272 181 0 299 296 146 291 
342 431 305 172 388 317 230 381 219 333 332 429 102 190 207 227 405 287 328 282 333 433 368 86 220 259 295 163 318 274 50 159 204 61 488 299 0 393 181 137 
328 425 179 253 257 217 181 65 357 338 243 468 124 277 456 163 209 324 200 379 289 201 492 106 425 492 215 336 52 409 341 86 333 470 289 296 393 0 354 123 
420 312 456 464 54 423 295 281 379 408 197 409 314 75 197 222 274 253 146 472 174 188 231 289 479 267 122 204 263 124 303 389 386 258 109 146 181 354 0 74 
134 266 468 281 174 282 62 77 454 286 487 306 258 160 201 439 399 386 205 227 297 174 302 99 63 187 308 122 491 195 182 124 167 149 111 291 137 123 74 0 

1154 0 29
1154 1 4
1154 2 21
1154 3 30
1154 4 0
1154 5 10
1154 6 5
1154 7 38
1154 8 31
1154 9 8
1154 10 34
1154 11 6
1154 12 13
1154 13 32
1154 14 18
1154 15 22
1154 16 10
1154 17 24
1154 18 11
1154 19 15
1154 20 15
1154 21 27
1154 22 8
1154 23 13
1154 24 17
1154 25 5
1154 26 34
1154 27 3
1154 28 11
1154 29 6
1154 30 24
1154 31 29
1154 32 10
1154 33 6
1154 34 20
1154 35 38
1154 36 5
1154 37 25
1154 38 37
1154 39 36
