40 40 4 78

0.3 0 4
0.3 0 5
0.3 0 9
0.3 0 15
0.3 0 25
0.3 1 13
0.3 1 21
0.3 1 34
0.3 2 13
0.3 2 19
0.3 2 20
0.3 3 4
0.3 3 13
0.3 3 17
0.3 3 26
0.3 4 12
0.3 4 29
0.3 4 32
0.3 4 38
0.3 5 10
0.3 5 12
0.3 5 13
0.3 5 14
0.3 5 21
0.3 5 22
0.3 5 34
0.3 6 33
0.3 7 11
0.3 7 14
0.3 7 27
0.3 7 31
0.3 8 10
0.3 8 11
0.3 8 13
0.3 8 20
0.3 8 32
0.3 9 26
0.3 9 33
0.3 9 34
0.3 10 13
0.3 11 31
0.3 11 36
0.3 12 21
0.3 12 23
0.3 12 35
0.3 13 18
0.3 13 20
0.3 13 29
0.3 13 33
0.3 14 18
0.3 14 34
0.3 15 39
0.3 16 19
0.3 16 27
0.3 17 38
0.3 18 22
0.3 18 24
0.3 18 36
0.3 19 20
0.3 19 26
0.3 19 31
0.3 19 34
0.3 20 30
0.3 21 33
0.3 22 25
0.3 22 33
0.3 22 39
0.3 25 32
0.3 26 30
0.3 28 29
0.3 28 31
0.3 28 39
0.3 30 34
0.3 32 33
0.3 32 34
0.3 33 38
0.3 36 37
0.3 37 38

0 169 213 108 471 448 356 493 163 247 224 78 469 270 270 152 187 181 99 65 298 313 392 391 462 211 182 197 246 497 254 436 343 425 397 231 350 413 296 233 
169 0 307 220 361 181 103 152 111 66 261 464 449 479 376 224 86 388 152 84 98 441 127 360 95 304 67 479 269 251 88 309 109 149 416 456 401 305 352 217 
213 307 0 470 112 153 57 61 264 61 358 277 346 131 342 118 277 385 440 258 167 436 193 471 312 249 165 160 177 431 359 289 123 303 318 370 266 114 493 139 
108 220 470 0 323 384 159 253 489 309 231 261 236 119 295 364 62 496 120 80 468 111 165 214 455 226 391 234 390 450 211 294 344 417 57 317 317 414 156 479 
471 361 112 323 0 322 78 269 274 95 370 333 465 130 128 201 379 88 206 68 87 116 269 178 267 405 464 128 416 226 225 471 286 393 145 343 185 297 277 296 
448 181 153 384 322 0 458 165 278 215 142 94 391 407 415 303 71 395 440 463 101 346 272 288 172 156 57 292 362 107 308 221 294 405 370 235 453 325 84 196 
356 103 57 159 78 458 0 477 96 196 395 475 401 313 263 446 347 441 318 90 350 463 163 123 97 402 101 458 500 95 388 308 151 474 136 176 360 348 128 380 
493 152 61 253 269 165 477 0 200 198 118 321 367 242 283 270 500 64 493 333 136 182 130 321 233 367 267 450 357 142 489 114 106 102 181 468 278 321 435 451 
163 111 264 489 274 278 96 200 0 305 244 318 295 435 260 383 491 277 406 453 167 83 147 138 270 201 463 182 440 419 353 209 453 129 159 78 295 142 325 400 
247 66 61 309 95 215 196 198 305 0 162 252 413 276 205 352 130 499 463 115 327 275 201 222 163 420 277 421 498 94 236 160 469 85 360 236 286 154 326 285 
224 261 358 231 370 142 395 118 244 162 0 123 91 226 454 82 467 304 282 155 483 394 149 398 410 77 171 457 314 205 163 300 356 290 419 93 261 218 296 304 
78 464 277 261 333 94 475 321 318 252 123 0 55 195 357 125 195 108 435 92 435 87 87 282 434 175 118 440 389 114 153 323 482 66 344 142 434 92 128 384 
469 449 346 236 465 391 401 367 295 413 91 55 0 315 312 493 290 491 176 176 343 80 136 93 292 91 385 187 387 298 391 470 438 288 354 343 74 473 106 182 
270 479 131 119 130 407 313 242 435 276 226 195 315 0 321 65 323 75 99 204 274 267 211 373 404 331 244 420 235 469 227 190 252 478 126 427 110 208 195 229 
270 376 342 295 128 415 263 283 260 205 454 357 312 321 0 57 458 115 116 401 192 261 154 260 57 114 477 423 102 453 157 500 238 495 358 277 307 83 449 54 
152 224 118 364 201 303 446 270 383 352 82 125 493 65 57 0 317 384 271 116 129 117 189 207 319 311 60 65 82 391 115 127 271 452 156 433 191 247 498 482 
187 86 277 62 379 71 347 500 491 130 467 195 290 323 458 317 0 111 190 481 292 319 380 209 248 444 271 244 128 410 180 255 458 308 177 81 451 361 199 171 
181 388 385 496 88 395 441 64 277 499 304 108 491 75 115 384 111 0 111 106 154 111 493 358 229 230 358 63 228 54 499 386 330 303 184 350 162 304 147 431 
99 152 440 120 206 440 318 493 406 463 282 435 176 99 116 271 190 111 0 55 169 410 222 358 423 245 101 259 456 424 476 332 102 101 384 166 284 74 484 367 
65 84 258 80 68 463 90 333 453 115 155 92 176 204 401 116 481 106 55 0 331 192 361 309 480 442 101 427 143 245 391 437 150 120 155 167 285 193 398 347 
298 98 167 468 87 101 350 136 167 327 483 435 343 274 192 129 292 154 169 331 0 144 143 151 272 340 422 73 422 232 178 277 106 278 123 183 275 370 219 189 
313 441 436 111 116 346 463 182 83 275 394 87 80 267 261 117 319 111 410 192 144 0 259 200 51 459 119 237 469 135 220 216 475 271 234 356 447 442 415 237 
392 127 193 165 269 272 163 130 147 201 149 87 136 211 154 189 380 493 222 361 143 259 0 226 240 260 252 284 109 338 123 363 464 440 379 387 271 298 350 347 
391 360 471 214 178 288 123 321 138 222 398 282 93 373 260 207 209 358 358 309 151 200 226 0 185 87 358 332 349 361 470 106 162 143 127 335 121 443 442 299 
462 95 312 455 267 172 97 233 270 163 410 434 292 404 57 319 248 229 423 480 272 51 240 185 0 394 70 495 249 310 264 392 366 274 483 163 332 280 427 109 
211 304 249 226 405 156 402 367 201 420 77 175 91 331 114 311 444 230 245 442 340 459 260 87 394 0 193 412 52 153 434 334 297 53 270 213 116 493 178 161 
182 67 165 391 464 57 101 267 463 277 171 118 385 244 477 60 271 358 101 101 422 119 252 358 70 193 0 401 339 416 486 490 358 92 446 279 417 121 470 401 
197 479 160 234 128 292 458 450 182 421 457 440 187 420 423 65 244 63 259 427 73 237 284 332 495 412 401 0 80 58 124 377 243 184 308 346 399 225 52 88 
246 269 177 390 416 362 500 357 440 498 314 389 387 235 102 82 128 228 456 143 422 469 109 349 249 52 339 80 0 155 105 408 411 162 120 179 123 453 371 203 
497 251 431 450 226 107 95 142 419 94 205 114 298 469 453 391 410 54 424 245 232 135 338 361 310 153 416 58 155 0 495 301 158 119 445 346 339 66 50 500 
254 88 359 211 225 308 388 489 353 236 163 153 391 227 157 115 180 499 476 391 178 220 123 470 264 434 486 124 105 495 0 127 76 144 477 346 489 61 159 146 
436 309 289 294 471 221 308 114 209 160 300 323 470 190 500 127 255 386 332 437 277 216 363 106 392 334 490 377 408 301 127 0 253 293 467 116 423 122 166 386 
343 109 123 344 286 294 151 106 453 469 356 482 438 252 238 271 458 330 102 150 106 475 464 162 366 297 358 243 411 158 76 253 0 218 360 57 239 77 108 217 
425 149 303 417 393 405 474 102 129 85 290 66 288 478 495 452 308 303 101 120 278 271 440 143 274 53 92 184 162 119 144 293 218 0 294 215 461 126 152 235 
397 416 318 57 145 370 136 181 159 360 419 344 354 126 358 156 177 184 384 155 123 234 379 127 483 270 446 308 120 445 477 467 360 294 0 384 446 242 273 120 
231 456 370 317 343 235 176 468 78 236 93 142 343 427 277 433 81 350 166 167 183 356 387 335 163 213 279 346 179 346 346 116 57 215 384 0 130 81 91 219 
350 401 266 317 185 453 360 278 295 286 261 434 74 110 307 191 451 162 284 285 275 447 271 121 332 116 417 399 123 339 489 423 239 461 446 130 0 401 393 381 
413 305 114 414 297 325 348 321 142 154 218 92 473 208 83 247 361 304 74 193 370 442 298 443 280 493 121 225 453 66 61 122 77 126 242 81 401 0 107 206 
296 352 493 156 277 84 128 435 325 326 296 128 106 195 449 498 199 147 484 398 219 415 350 442 427 178 470 52 371 50 159 166 108 152 273 91 393 107 0 376 
233 217 139 479 296 196 380 451 400 285 304 384 182 229 54 482 171 431 367 347 189 237 347 299 109 161 401 88 203 500 146 386 217 235 120 219 381 206 376 0 

834.57 0 20
834.57 1 8
834.57 2 0
834.57 3 4
834.57 4 6
834.57 5 4
834.57 6 0
834.57 7 26
834.57 8 23
834.57 9 20
834.57 10 9
834.57 11 14
834.57 12 22
834.57 13 31
834.57 14 25
834.57 15 6
834.57 16 8
834.57 17 19
834.57 18 26
834.57 19 15
834.57 20 33
834.57 21 20
834.57 22 37
834.57 23 3
834.57 24 35
834.57 25 12
834.57 26 30
834.57 27 7
834.57 28 13
834.57 29 25
834.57 30 28
834.57 31 33
834.57 32 33
834.57 33 28
834.57 34 25
834.57 35 0
834.57 36 32
834.57 37 26
834.57 38 16
834.57 39 5
