10 10 3 11

0.3 0 2
0.3 0 6
0.3 0 8
0.3 1 6
0.3 2 3
0.3 2 4
0.3 2 9
0.3 4 7
0.3 6 7
0.3 6 8
0.3 7 8

0 160 431 212 165 477 282 317 202 479 
160 0 345 266 457 401 101 314 201 102 
431 345 0 99 122 411 268 134 378 267 
212 266 99 0 451 97 100 366 69 307 
165 457 122 451 0 422 231 234 338 259 
477 401 411 97 422 0 428 262 223 450 
282 101 268 100 231 428 0 301 231 207 
317 314 134 366 234 262 301 0 104 170 
202 201 378 69 338 223 231 104 0 497 
479 102 267 307 259 450 207 170 497 0 

477 0 7
477 1 2
477 2 4
477 3 0
477 4 0
477 5 0
477 6 2
477 7 0
477 8 3
477 9 0
