20 20 3 47

0.25 0 2
0.25 0 3
0.25 0 15
0.25 1 4
0.25 1 7
0.25 1 12
0.25 1 14
0.25 1 18
0.25 2 4
0.25 2 7
0.25 2 9
0.25 2 10
0.25 2 12
0.25 2 13
0.25 2 18
0.25 3 5
0.25 3 8
0.25 3 9
0.25 3 16
0.25 3 19
0.25 4 12
0.25 4 14
0.25 5 9
0.25 5 16
0.25 6 17
0.25 7 10
0.25 7 16
0.25 7 17
0.25 8 13
0.25 8 14
0.25 8 15
0.25 8 16
0.25 9 12
0.25 9 13
0.25 9 14
0.25 9 17
0.25 9 18
0.25 10 16
0.25 10 17
0.25 10 18
0.25 11 15
0.25 11 19
0.25 12 19
0.25 14 15
0.25 14 17
0.25 14 19
0.25 16 19

0 119 496 238 286 258 358 405 336 156 482 230 160 169 403 121 117 417 434 407 
119 0 372 131 278 360 171 97 247 341 324 461 118 460 496 285 58 201 64 195 
496 372 0 487 281 280 383 480 91 101 82 190 472 157 468 168 466 313 320 453 
238 131 487 0 190 433 215 130 161 387 364 302 211 276 483 484 112 156 345 67 
286 278 281 190 0 322 369 63 243 237 245 52 212 428 214 160 476 68 498 258 
258 360 280 433 322 0 399 243 413 65 401 388 208 464 148 334 204 146 150 421 
358 171 383 215 369 399 0 366 105 454 262 344 433 223 349 347 277 453 347 236 
405 97 480 130 63 243 366 0 324 467 150 370 165 375 283 386 330 404 470 369 
336 247 91 161 243 413 105 324 0 204 448 130 382 400 326 468 52 113 462 305 
156 341 101 387 237 65 454 467 204 0 241 463 137 390 59 310 266 469 115 315 
482 324 82 364 245 401 262 150 448 241 0 425 146 65 445 108 155 219 142 93 
230 461 190 302 52 388 344 370 130 463 425 0 412 202 484 342 268 405 63 257 
160 118 472 211 212 208 433 165 382 137 146 412 0 148 198 209 417 178 482 403 
169 460 157 276 428 464 223 375 400 390 65 202 148 0 316 204 346 129 80 234 
403 496 468 483 214 148 349 283 326 59 445 484 198 316 0 357 417 469 187 478 
121 285 168 484 160 334 347 386 468 310 108 342 209 204 357 0 439 452 389 430 
117 58 466 112 476 204 277 330 52 266 155 268 417 346 417 439 0 138 343 78 
417 201 313 156 68 146 453 404 113 469 219 405 178 129 469 452 138 0 293 231 
434 64 320 345 498 150 347 470 462 115 142 63 482 80 187 389 343 293 0 79 
407 195 453 67 258 421 236 369 305 315 93 257 403 234 478 430 78 231 79 0 

483.45 0 1
483.45 1 6
483.45 2 15
483.45 3 18
483.45 4 13
483.45 5 18
483.45 6 5
483.45 7 4
483.45 8 9
483.45 9 0
483.45 10 11
483.45 11 5
483.45 12 13
483.45 13 3
483.45 14 18
483.45 15 17
483.45 16 7
483.45 17 5
483.45 18 13
483.45 19 2
