10 10 4 11

0.2 1 2
0.2 1 6
0.2 1 7
0.2 2 5
0.2 2 6
0.2 2 9
0.2 3 9
0.2 4 9
0.2 5 6
0.2 5 7
0.2 7 9

0 317 153 79 53 90 256 230 195 383 
317 0 216 187 443 300 500 194 294 458 
153 216 0 231 149 127 138 287 280 232 
79 187 231 0 178 60 85 157 218 238 
53 443 149 178 0 139 355 307 397 135 
90 300 127 60 139 0 452 251 202 273 
256 500 138 85 355 452 0 283 248 488 
230 194 287 157 307 251 283 0 83 419 
195 294 280 218 397 202 248 83 0 283 
383 458 232 238 135 273 488 419 283 0 

241.5 0 6
241.5 1 4
241.5 2 6
241.5 3 0
241.5 4 5
241.5 5 6
241.5 6 7
241.5 7 8
241.5 8 0
241.5 9 1
