40 40 4 78

0.25 0 15
0.25 0 39
0.25 1 19
0.25 1 20
0.25 1 26
0.25 1 32
0.25 2 4
0.25 2 7
0.25 2 13
0.25 2 22
0.25 2 23
0.25 2 25
0.25 3 5
0.25 3 8
0.25 3 30
0.25 4 9
0.25 4 20
0.25 4 27
0.25 4 39
0.25 5 11
0.25 5 21
0.25 5 27
0.25 5 38
0.25 6 11
0.25 6 15
0.25 6 22
0.25 6 34
0.25 7 27
0.25 7 28
0.25 8 16
0.25 8 26
0.25 8 31
0.25 8 35
0.25 10 12
0.25 10 15
0.25 10 35
0.25 10 38
0.25 11 21
0.25 11 31
0.25 11 38
0.25 12 36
0.25 13 16
0.25 13 30
0.25 13 34
0.25 14 19
0.25 14 20
0.25 14 23
0.25 14 25
0.25 15 16
0.25 15 23
0.25 15 28
0.25 16 25
0.25 16 27
0.25 16 37
0.25 17 20
0.25 17 33
0.25 18 21
0.25 18 24
0.25 18 29
0.25 18 32
0.25 18 33
0.25 19 21
0.25 19 38
0.25 20 21
0.25 20 23
0.25 20 32
0.25 20 33
0.25 22 37
0.25 22 39
0.25 24 29
0.25 24 34
0.25 25 32
0.25 25 33
0.25 27 30
0.25 27 31
0.25 29 37
0.25 30 33
0.25 31 32

0 141 405 74 100 392 228 297 410 211 469 54 330 339 240 422 224 454 143 253 343 60 339 76 250 205 440 238 61 284 276 119 232 402 227 273 475 250 228 398 
141 0 240 96 260 321 200 196 247 332 81 132 271 286 286 441 499 123 128 308 311 127 337 478 381 245 240 298 123 426 157 383 483 76 329 403 114 192 161 283 
405 240 0 307 385 108 83 143 215 371 332 407 68 251 321 434 377 433 129 342 200 346 316 110 92 313 132 255 404 147 314 386 384 170 283 244 213 249 240 193 
74 96 307 0 258 456 351 413 51 303 258 284 407 120 409 328 460 281 341 122 282 59 113 310 264 173 422 353 372 295 408 383 321 380 279 491 323 277 425 181 
100 260 385 258 0 189 488 411 359 89 138 492 73 127 346 486 75 108 140 168 85 478 362 222 345 388 130 477 68 256 254 290 272 256 297 459 210 400 238 456 
392 321 108 456 189 0 377 473 405 470 75 360 315 343 57 219 492 151 369 192 328 158 309 213 335 197 401 401 408 50 315 346 230 102 439 205 125 350 65 416 
228 200 83 351 488 377 0 73 282 123 135 449 376 292 445 286 61 66 240 496 354 344 455 389 288 154 333 92 333 373 163 405 225 262 61 105 188 230 248 252 
297 196 143 413 411 473 73 0 405 147 141 249 353 61 323 105 289 163 181 491 103 457 286 326 363 137 82 109 371 274 461 404 382 449 350 349 155 308 219 215 
410 247 215 51 359 405 282 405 0 425 221 218 168 103 283 52 192 153 146 137 409 261 297 71 117 284 213 79 385 165 188 307 487 75 462 390 321 432 208 256 
211 332 371 303 89 470 123 147 425 0 435 354 57 374 351 128 335 351 440 139 255 474 337 435 473 403 457 380 233 205 387 92 474 103 114 413 257 247 240 464 
469 81 332 258 138 75 135 141 221 435 0 481 77 174 347 347 71 217 68 257 260 304 296 369 179 108 176 216 169 144 125 497 135 73 391 158 395 127 77 464 
54 132 407 284 492 360 449 249 218 354 481 0 407 337 97 63 250 373 178 500 478 104 375 93 377 128 116 362 200 500 99 382 124 103 234 446 247 119 467 485 
330 271 68 407 73 315 376 353 168 57 77 407 0 121 434 181 388 238 122 193 458 492 389 498 194 444 317 412 469 145 237 348 322 335 151 489 202 324 66 120 
339 286 251 120 127 343 292 61 103 374 174 337 121 0 406 427 325 143 67 106 67 210 62 231 99 346 470 135 499 470 331 441 75 66 310 363 376 274 121 276 
240 286 321 409 346 57 445 323 283 351 347 97 434 406 0 187 183 266 131 334 75 92 108 108 473 441 350 74 366 199 194 213 494 330 350 83 67 436 260 172 
422 441 434 328 486 219 286 105 52 128 347 63 181 427 187 0 293 413 195 273 287 76 497 452 226 61 426 87 331 113 207 249 277 420 126 427 320 493 341 285 
224 499 377 460 75 492 61 289 192 335 71 250 388 325 183 293 0 348 451 153 185 489 112 467 327 318 77 202 166 469 236 354 135 165 255 446 188 359 55 142 
454 123 433 281 108 151 66 163 153 351 217 373 238 143 266 413 348 0 118 424 217 397 64 355 407 326 428 341 207 271 465 399 149 476 138 481 370 309 299 313 
143 128 129 341 140 369 240 181 146 440 68 178 122 67 131 195 451 118 0 348 282 129 258 496 95 144 370 263 355 150 382 213 440 239 231 114 441 119 72 427 
253 308 342 122 168 192 496 491 137 139 257 500 193 106 334 273 153 424 348 0 383 153 85 469 126 463 374 258 203 134 457 235 320 82 376 411 367 338 401 206 
343 311 200 282 85 328 354 103 409 255 260 478 458 67 75 287 185 217 282 383 0 151 318 436 160 131 124 267 359 428 114 112 211 155 241 106 219 87 105 412 
60 127 346 59 478 158 344 457 261 474 304 104 492 210 92 76 489 397 129 153 151 0 68 384 483 116 381 291 403 456 466 484 423 171 432 353 134 118 432 116 
339 337 316 113 362 309 455 286 297 337 296 375 389 62 108 497 112 64 258 85 318 68 0 481 391 395 191 186 417 495 141 407 226 152 259 171 166 435 215 330 
76 478 110 310 222 213 389 326 71 435 369 93 498 231 108 452 467 355 496 469 436 384 481 0 111 408 157 343 117 494 276 203 120 250 369 229 127 332 160 74 
250 381 92 264 345 335 288 363 117 473 179 377 194 99 473 226 327 407 95 126 160 483 391 111 0 473 231 164 376 114 216 260 389 177 289 142 273 232 191 433 
205 245 313 173 388 197 154 137 284 403 108 128 444 346 441 61 318 326 144 463 131 116 395 408 473 0 360 467 414 167 134 123 55 422 260 438 279 189 436 113 
440 240 132 422 130 401 333 82 213 457 176 116 317 470 350 426 77 428 370 374 124 381 191 157 231 360 0 223 460 317 340 494 320 151 417 300 292 307 114 134 
238 298 255 353 477 401 92 109 79 380 216 362 412 135 74 87 202 341 263 258 267 291 186 343 164 467 223 0 218 440 333 306 402 51 83 409 391 410 149 187 
61 123 404 372 68 408 333 371 385 233 169 200 469 499 366 331 166 207 355 203 359 403 417 117 376 414 460 218 0 80 401 162 168 97 317 188 295 314 433 292 
284 426 147 295 256 50 373 274 165 205 144 500 145 470 199 113 469 271 150 134 428 456 495 494 114 167 317 440 80 0 279 150 420 294 121 407 408 105 417 209 
276 157 314 408 254 315 163 461 188 387 125 99 237 331 194 207 236 465 382 457 114 466 141 276 216 134 340 333 401 279 0 292 193 351 317 215 499 53 407 384 
119 383 386 383 290 346 405 404 307 92 497 382 348 441 213 249 354 399 213 235 112 484 407 203 260 123 494 306 162 150 292 0 350 449 495 168 269 271 367 396 
232 483 384 321 272 230 225 382 487 474 135 124 322 75 494 277 135 149 440 320 211 423 226 120 389 55 320 402 168 420 193 350 0 77 156 65 228 247 284 198 
402 76 170 380 256 102 262 449 75 103 73 103 335 66 330 420 165 476 239 82 155 171 152 250 177 422 151 51 97 294 351 449 77 0 99 409 419 459 353 283 
227 329 283 279 297 439 61 350 462 114 391 234 151 310 350 126 255 138 231 376 241 432 259 369 289 260 417 83 317 121 317 495 156 99 0 158 298 498 499 76 
273 403 244 491 459 205 105 349 390 413 158 446 489 363 83 427 446 481 114 411 106 353 171 229 142 438 300 409 188 407 215 168 65 409 158 0 388 353 229 153 
475 114 213 323 210 125 188 155 321 257 395 247 202 376 67 320 188 370 441 367 219 134 166 127 273 279 292 391 295 408 499 269 228 419 298 388 0 308 125 405 
250 192 249 277 400 350 230 308 432 247 127 119 324 274 436 493 359 309 119 338 87 118 435 332 232 189 307 410 314 105 53 271 247 459 498 353 308 0 246 485 
228 161 240 425 238 65 248 219 208 240 77 467 66 121 260 341 55 299 72 401 105 432 215 160 191 436 114 149 433 417 407 367 284 353 499 229 125 246 0 74 
398 283 193 181 456 416 252 215 256 464 464 485 120 276 172 285 142 313 427 206 412 116 330 74 433 113 134 187 292 209 384 396 198 283 76 153 405 485 74 0 

634.25 0 26
634.25 1 27
634.25 2 22
634.25 3 14
634.25 4 26
634.25 5 26
634.25 6 2
634.25 7 28
634.25 8 30
634.25 9 8
634.25 10 31
634.25 11 24
634.25 12 1
634.25 13 8
634.25 14 9
634.25 15 16
634.25 16 4
634.25 17 24
634.25 18 8
634.25 19 11
634.25 20 28
634.25 21 9
634.25 22 2
634.25 23 36
634.25 24 30
634.25 25 34
634.25 26 2
634.25 27 28
634.25 28 2
634.25 29 12
634.25 30 11
634.25 31 28
634.25 32 29
634.25 33 34
634.25 34 31
634.25 35 16
634.25 36 9
634.25 37 33
634.25 38 33
634.25 39 28
