50 50 4 122

0.25 0 30
0.25 0 39
0.25 0 41
0.25 0 47
0.25 0 48
0.25 1 14
0.25 1 21
0.25 1 23
0.25 1 31
0.25 1 34
0.25 2 10
0.25 2 14
0.25 2 28
0.25 2 42
0.25 2 45
0.25 3 9
0.25 3 23
0.25 3 24
0.25 3 26
0.25 3 29
0.25 4 9
0.25 4 21
0.25 4 31
0.25 5 14
0.25 5 24
0.25 5 28
0.25 5 42
0.25 7 12
0.25 7 16
0.25 7 18
0.25 7 25
0.25 7 47
0.25 8 16
0.25 8 18
0.25 8 19
0.25 8 22
0.25 8 29
0.25 8 32
0.25 9 22
0.25 10 12
0.25 10 27
0.25 10 39
0.25 10 43
0.25 10 48
0.25 11 28
0.25 11 31
0.25 11 37
0.25 12 30
0.25 12 35
0.25 12 40
0.25 13 14
0.25 13 16
0.25 13 17
0.25 13 19
0.25 13 26
0.25 13 28
0.25 13 29
0.25 13 35
0.25 13 46
0.25 14 19
0.25 14 22
0.25 14 28
0.25 14 32
0.25 14 33
0.25 14 35
0.25 14 41
0.25 14 47
0.25 15 37
0.25 15 41
0.25 16 20
0.25 16 24
0.25 16 27
0.25 16 42
0.25 16 49
0.25 17 29
0.25 17 46
0.25 18 38
0.25 18 41
0.25 18 43
0.25 20 34
0.25 20 43
0.25 21 26
0.25 21 36
0.25 22 23
0.25 22 27
0.25 22 35
0.25 22 41
0.25 23 43
0.25 25 39
0.25 26 44
0.25 27 42
0.25 28 35
0.25 28 45
0.25 29 31
0.25 29 39
0.25 30 32
0.25 30 43
0.25 31 32
0.25 31 48
0.25 32 34
0.25 32 48
0.25 32 49
0.25 33 45
0.25 33 49
0.25 34 41
0.25 34 44
0.25 34 48
0.25 35 37
0.25 35 39
0.25 37 41
0.25 38 41
0.25 38 43
0.25 38 48
0.25 39 42
0.25 39 43
0.25 40 49
0.25 41 46
0.25 43 46
0.25 44 45
0.25 46 47
0.25 46 48
0.25 47 48

0 55 212 480 293 434 465 403 150 357 276 305 152 207 64 182 318 467 191 383 437 385 182 358 424 405 323 359 129 408 271 500 418 343 112 71 190 423 422 194 123 450 157 369 257 298 91 158 54 477 
55 0 445 421 492 408 122 484 229 133 343 181 271 280 68 337 369 471 264 351 334 156 467 293 399 193 452 270 197 410 181 154 489 469 273 419 144 202 393 294 488 87 250 334 369 338 249 173 465 78 
212 445 0 200 203 118 203 249 56 266 175 139 274 471 492 321 424 241 467 167 320 451 389 215 409 274 190 374 291 474 363 446 310 475 452 239 219 283 416 393 287 204 468 485 339 236 497 450 55 199 
480 421 200 0 57 441 178 225 155 267 186 251 124 374 186 425 336 391 213 177 495 231 264 500 223 215 352 150 216 487 388 118 487 286 159 145 378 123 198 334 236 188 380 409 463 448 223 376 307 399 
293 492 203 57 0 152 336 274 147 348 228 281 488 467 433 494 116 465 238 84 111 274 417 64 401 382 329 461 262 313 154 248 236 291 106 110 439 428 71 126 86 465 413 452 272 302 479 265 240 228 
434 408 118 441 152 0 138 203 451 406 217 74 121 100 425 307 316 255 214 309 384 252 53 255 393 130 192 196 267 264 105 307 116 341 152 58 374 166 419 267 217 75 276 52 270 498 91 330 354 483 
465 122 203 178 336 138 0 446 341 174 481 257 480 280 288 395 475 492 473 481 236 85 174 363 90 179 464 309 89 202 200 174 367 333 367 378 447 484 370 244 432 423 327 61 178 432 334 498 500 456 
403 484 249 225 274 203 446 0 275 172 130 143 368 195 410 123 248 294 329 187 467 358 138 198 262 306 472 151 118 74 125 155 97 201 436 238 390 82 54 122 252 467 281 169 126 445 176 486 293 182 
150 229 56 155 147 451 341 275 0 102 200 171 450 355 405 273 310 478 72 420 206 216 355 363 458 480 416 255 227 481 464 382 204 51 320 344 445 404 73 167 375 158 439 216 74 277 309 136 437 379 
357 133 266 267 348 406 174 172 102 0 229 414 82 411 363 201 140 192 108 305 155 90 427 252 89 294 178 137 236 448 432 137 454 173 283 449 276 70 122 206 374 348 403 226 91 365 193 53 82 295 
276 343 175 186 228 217 481 130 200 229 0 434 144 284 153 354 152 354 278 405 319 155 473 372 428 235 354 293 377 143 312 86 340 461 177 363 176 423 190 264 155 325 342 299 107 267 406 123 77 426 
305 181 139 251 281 74 257 143 171 414 434 0 293 105 232 419 379 152 357 140 333 153 217 252 213 136 253 218 328 415 412 400 310 417 129 245 411 53 333 407 485 388 78 282 82 439 290 148 471 342 
152 271 274 124 488 121 480 368 450 82 144 293 0 399 98 55 243 404 242 412 488 374 134 466 310 393 307 109 441 390 281 499 209 242 364 120 398 221 167 343 483 147 439 364 284 258 484 331 389 230 
207 280 471 374 467 100 280 195 355 411 284 105 399 0 471 471 335 325 405 95 376 182 203 288 389 275 366 208 465 226 226 73 363 310 419 330 81 276 204 224 428 66 340 114 234 96 273 53 475 316 
64 68 492 186 433 425 288 410 405 363 153 232 98 471 0 409 184 61 323 354 450 354 442 462 282 105 439 346 327 449 301 333 142 131 194 287 331 154 290 246 372 457 90 459 326 492 335 158 119 65 
182 337 321 425 494 307 395 123 273 201 354 419 55 471 409 0 421 221 212 134 164 191 336 346 458 350 100 169 365 86 457 56 215 291 172 260 391 253 194 216 78 101 412 256 122 287 128 269 353 130 
318 369 424 336 116 316 475 248 310 140 152 379 243 335 184 421 0 400 146 258 410 65 445 376 252 314 100 411 280 397 175 480 99 115 261 416 394 186 256 451 296 447 311 196 200 386 462 439 302 174 
467 471 241 391 465 255 492 294 478 192 354 152 404 325 61 221 400 0 420 299 466 90 299 316 484 239 74 360 486 276 338 458 306 102 92 405 445 103 436 236 377 369 397 225 465 426 177 124 131 252 
191 264 467 213 238 214 473 329 72 108 278 357 242 405 323 212 146 420 0 298 145 157 52 273 329 269 444 485 210 401 110 344 265 136 434 420 147 339 289 197 426 213 218 460 105 280 268 203 400 428 
383 351 167 177 84 309 481 187 420 305 405 140 412 95 354 134 258 299 298 0 96 428 485 104 210 123 81 349 399 176 157 296 345 192 136 287 151 64 187 160 359 126 214 355 278 338 142 95 100 129 
437 334 320 495 111 384 236 467 206 155 319 333 488 376 450 164 410 466 145 96 0 402 161 483 450 334 336 166 152 468 238 321 126 311 412 156 326 457 253 159 72 111 215 98 193 405 173 69 423 438 
385 156 451 231 274 252 85 358 216 90 155 153 374 182 354 191 65 90 157 428 402 0 362 357 323 51 500 291 69 111 236 288 259 376 210 408 203 77 133 115 93 140 423 414 279 441 415 142 200 310 
182 467 389 264 417 53 174 138 355 427 473 217 134 203 442 336 445 299 52 485 161 362 0 464 171 287 101 130 139 281 124 239 83 369 164 256 243 346 166 180 242 329 360 275 227 268 270 243 334 228 
358 293 215 500 64 255 363 198 363 252 372 252 466 288 462 346 376 316 273 104 483 357 464 0 295 292 74 316 208 119 55 395 471 70 251 51 135 440 277 95 119 292 188 57 323 360 307 346 107 412 
424 399 409 223 401 393 90 262 458 89 428 213 310 389 282 458 252 484 329 210 450 323 171 295 0 485 269 78 186 130 224 294 52 78 281 382 379 389 284 162 455 61 316 486 456 280 56 133 454 427 
405 193 274 215 382 130 179 306 480 294 235 136 393 275 105 350 314 239 269 123 334 51 287 292 485 0 381 416 380 370 400 413 446 340 263 106 404 225 482 299 224 474 227 176 187 275 382 327 190 53 
323 452 190 352 329 192 464 472 416 178 354 253 307 366 439 100 100 74 444 81 336 500 101 74 269 381 0 316 288 484 343 294 472 121 396 141 483 111 454 191 206 472 185 294 329 133 305 285 339 481 
359 270 374 150 461 196 309 151 255 137 293 218 109 208 346 169 411 360 485 349 166 291 130 316 78 416 316 0 452 473 300 136 345 393 268 310 332 344 424 113 405 150 132 339 103 161 121 327 87 275 
129 197 291 216 262 267 89 118 227 236 377 328 441 465 327 365 280 486 210 399 152 69 139 208 186 380 288 452 0 249 384 212 365 439 351 469 483 480 419 196 180 99 59 260 79 339 431 357 463 399 
408 410 474 487 313 264 202 74 481 448 143 415 390 226 449 86 397 276 401 176 468 111 281 119 130 370 484 473 249 0 315 177 148 280 384 455 362 318 70 412 487 403 498 189 133 145 60 448 229 402 
271 181 363 388 154 105 200 125 464 432 312 412 281 226 301 457 175 338 110 157 238 236 124 55 224 400 343 300 384 315 0 157 209 381 222 190 173 445 230 384 428 112 453 484 434 482 439 149 390 130 
500 154 446 118 248 307 174 155 382 137 86 400 499 73 333 56 480 458 344 296 321 288 239 395 294 413 294 136 212 177 157 0 489 488 413 247 172 158 340 340 253 499 374 128 286 343 228 465 224 375 
418 489 310 487 236 116 367 97 204 454 340 310 209 363 142 215 99 306 265 345 126 259 83 471 52 446 472 345 365 148 209 489 0 455 156 373 456 226 413 412 230 440 454 473 453 433 260 120 401 430 
343 469 475 286 291 341 333 201 51 173 461 417 242 310 131 291 115 102 136 192 311 376 369 70 78 340 121 393 439 280 381 488 455 0 381 380 98 434 145 483 422 266 420 468 480 425 435 306 152 280 
112 273 452 159 106 152 367 436 320 283 177 129 364 419 194 172 261 92 434 136 412 210 164 251 281 263 396 268 351 384 222 413 156 381 0 342 500 438 245 381 439 394 253 243 455 497 157 97 481 273 
71 419 239 145 110 58 378 238 344 449 363 245 120 330 287 260 416 405 420 287 156 408 256 51 382 106 141 310 469 455 190 247 373 380 342 0 394 361 190 244 474 160 366 180 224 441 445 92 140 365 
190 144 219 378 439 374 447 390 445 276 176 411 398 81 331 391 394 445 147 151 326 203 243 135 379 404 483 332 483 362 173 172 456 98 500 394 0 306 64 249 138 498 195 470 249 178 232 342 456 469 
423 202 283 123 428 166 484 82 404 70 423 53 221 276 154 253 186 103 339 64 457 77 346 440 389 225 111 344 480 318 445 158 226 434 438 361 306 0 321 331 126 316 79 461 133 428 441 94 236 436 
422 393 416 198 71 419 370 54 73 122 190 333 167 204 290 194 256 436 289 187 253 133 166 277 284 482 454 424 419 70 230 340 413 145 245 190 64 321 0 73 432 333 146 300 56 141 120 284 383 253 
194 294 393 334 126 267 244 122 167 206 264 407 343 224 246 216 451 236 197 160 159 115 180 95 162 299 191 113 196 412 384 340 412 483 381 244 249 331 73 0 463 363 133 392 274 161 492 428 149 104 
123 488 287 236 86 217 432 252 375 374 155 485 483 428 372 78 296 377 426 359 72 93 242 119 455 224 206 405 180 487 428 253 230 422 439 474 138 126 432 463 0 164 189 186 381 292 134 304 268 230 
450 87 204 188 465 75 423 467 158 348 325 388 147 66 457 101 447 369 213 126 111 140 329 292 61 474 472 150 99 403 112 499 440 266 394 160 498 316 333 363 164 0 195 305 114 359 233 357 167 178 
157 250 468 380 413 276 327 281 439 403 342 78 439 340 90 412 311 397 218 214 215 423 360 188 316 227 185 132 59 498 453 374 454 420 253 366 195 79 146 133 189 195 0 381 306 99 488 75 119 152 
369 334 485 409 452 52 61 169 216 226 299 282 364 114 459 256 196 225 460 355 98 414 275 57 486 176 294 339 260 189 484 128 473 468 243 180 470 461 300 392 186 305 381 0 164 256 324 134 363 410 
257 369 339 463 272 270 178 126 74 91 107 82 284 234 326 122 200 465 105 278 193 279 227 323 456 187 329 103 79 133 434 286 453 480 455 224 249 133 56 274 381 114 306 164 0 161 212 116 141 200 
298 338 236 448 302 498 432 445 277 365 267 439 258 96 492 287 386 426 280 338 405 441 268 360 280 275 133 161 339 145 482 343 433 425 497 441 178 428 141 161 292 359 99 256 161 0 323 391 395 167 
91 249 497 223 479 91 334 176 309 193 406 290 484 273 335 128 462 177 268 142 173 415 270 307 56 382 305 121 431 60 439 228 260 435 157 445 232 441 120 492 134 233 488 324 212 323 0 353 422 247 
158 173 450 376 265 330 498 486 136 53 123 148 331 53 158 269 439 124 203 95 69 142 243 346 133 327 285 327 357 448 149 465 120 306 97 92 342 94 284 428 304 357 75 134 116 391 353 0 149 324 
54 465 55 307 240 354 500 293 437 82 77 471 389 475 119 353 302 131 400 100 423 200 334 107 454 190 339 87 463 229 390 224 401 152 481 140 456 236 383 149 268 167 119 363 141 395 422 149 0 125 
477 78 199 399 228 483 456 182 379 295 426 342 230 316 65 130 174 252 428 129 438 310 228 412 427 53 481 275 399 402 130 375 430 280 273 365 469 436 253 104 230 178 152 410 200 167 247 324 125 0 

762 0 43
762 1 44
762 2 25
762 3 9
762 4 31
762 5 18
762 6 8
762 7 11
762 8 35
762 9 15
762 10 24
762 11 4
762 12 45
762 13 3
762 14 40
762 15 37
762 16 30
762 17 31
762 18 5
762 19 8
762 20 15
762 21 32
762 22 37
762 23 47
762 24 42
762 25 42
762 26 43
762 27 10
762 28 26
762 29 44
762 30 27
762 31 20
762 32 39
762 33 3
762 34 35
762 35 27
762 36 21
762 37 47
762 38 43
762 39 12
762 40 18
762 41 18
762 42 16
762 43 15
762 44 21
762 45 7
762 46 3
762 47 2
762 48 43
762 49 13
