40 40 3 78

0.4 0 3
0.4 0 7
0.4 0 28
0.4 0 31
0.4 1 16
0.4 1 26
0.4 1 38
0.4 2 10
0.4 3 6
0.4 3 24
0.4 3 32
0.4 4 6
0.4 4 8
0.4 4 16
0.4 5 6
0.4 5 15
0.4 5 28
0.4 6 20
0.4 6 22
0.4 6 39
0.4 7 17
0.4 7 18
0.4 7 31
0.4 7 38
0.4 8 12
0.4 8 22
0.4 8 38
0.4 9 11
0.4 9 20
0.4 9 21
0.4 9 35
0.4 10 14
0.4 10 39
0.4 11 26
0.4 11 27
0.4 11 30
0.4 12 29
0.4 12 38
0.4 14 20
0.4 15 28
0.4 15 29
0.4 16 19
0.4 16 26
0.4 16 37
0.4 17 21
0.4 17 28
0.4 17 34
0.4 18 21
0.4 18 25
0.4 18 36
0.4 18 38
0.4 19 21
0.4 19 32
0.4 19 37
0.4 19 39
0.4 20 21
0.4 21 31
0.4 21 38
0.4 22 30
0.4 22 31
0.4 23 28
0.4 23 32
0.4 23 33
0.4 24 27
0.4 24 30
0.4 25 29
0.4 25 35
0.4 26 33
0.4 26 38
0.4 27 28
0.4 28 38
0.4 29 33
0.4 30 35
0.4 30 39
0.4 31 34
0.4 31 35
0.4 34 38
0.4 36 37

0 479 114 478 321 391 97 138 54 53 431 335 59 408 54 200 237 475 198 426 136 494 174 204 134 132 233 335 296 349 415 166 198 171 342 314 349 140 287 123 
479 0 452 65 235 258 172 132 381 244 217 471 354 153 275 296 336 430 231 113 258 344 164 336 203 324 77 325 139 396 393 337 66 492 212 220 358 431 363 65 
114 452 0 235 169 286 59 341 160 158 458 105 86 122 115 68 453 338 224 194 204 231 258 178 162 344 144 51 297 124 423 119 404 158 481 363 116 189 66 242 
478 65 235 0 228 130 403 176 483 379 441 215 167 81 141 202 462 177 204 168 197 63 439 273 128 356 367 263 204 144 66 88 236 246 448 120 166 362 488 369 
321 235 169 228 0 137 461 471 445 422 120 231 439 207 125 410 157 95 230 312 293 437 175 95 342 168 362 196 180 241 223 109 125 150 263 198 415 108 158 498 
391 258 286 130 137 0 201 210 112 499 418 436 215 487 201 171 300 215 239 476 384 389 281 467 490 71 309 442 121 127 66 293 403 155 283 430 405 371 84 288 
97 172 59 403 461 201 0 174 216 137 348 82 165 287 357 481 293 157 67 295 392 226 64 403 294 210 205 290 412 54 258 311 498 101 100 170 79 84 109 350 
138 132 341 176 471 210 174 0 217 414 208 421 75 101 185 197 309 243 365 352 147 253 162 342 73 252 185 497 149 128 301 317 149 302 479 317 474 366 371 245 
54 381 160 483 445 112 216 217 0 128 500 136 335 321 445 84 157 249 198 301 331 458 305 77 193 224 359 308 474 405 277 300 202 153 117 351 272 348 52 337 
53 244 158 379 422 499 137 414 128 0 395 351 451 257 475 468 184 331 355 320 272 363 199 76 336 323 60 151 353 172 92 87 291 266 343 339 422 495 352 277 
431 217 458 441 120 418 348 208 500 395 0 136 457 363 123 435 460 177 85 97 496 259 362 456 201 86 303 305 389 227 205 115 214 128 413 207 475 89 296 351 
335 471 105 215 231 436 82 421 136 351 136 0 52 243 159 135 338 90 473 69 368 93 148 492 172 65 380 463 470 378 399 211 119 293 422 353 223 68 276 371 
59 354 86 167 439 215 165 75 335 451 457 52 0 195 139 495 465 326 245 387 198 327 136 466 137 312 220 493 367 232 269 193 434 227 463 161 308 122 339 270 
408 153 122 81 207 487 287 101 321 257 363 243 195 0 356 191 325 74 355 452 108 170 131 337 168 330 55 371 246 323 290 91 255 148 390 393 478 263 275 395 
54 275 115 141 125 201 357 185 445 475 123 159 139 356 0 449 183 245 448 457 61 240 291 479 74 88 310 229 481 103 130 451 70 413 296 295 461 262 248 191 
200 296 68 202 410 171 481 197 84 468 435 135 495 191 449 0 320 62 174 317 316 119 476 480 429 211 493 296 85 98 298 480 170 478 323 452 467 86 343 271 
237 336 453 462 157 300 293 309 157 184 460 338 465 325 183 320 0 117 192 362 126 260 308 205 402 372 91 250 239 68 343 339 301 375 480 179 465 218 428 241 
475 430 338 177 95 215 157 243 249 331 177 90 326 74 245 62 117 0 331 187 487 339 494 490 308 446 325 399 351 84 386 50 70 361 236 296 128 273 400 172 
198 231 224 204 230 239 67 365 198 355 85 473 245 355 448 174 192 331 0 56 318 423 433 385 140 333 60 57 264 341 317 121 241 140 134 81 224 488 328 163 
426 113 194 168 312 476 295 352 301 320 97 69 387 452 457 317 362 187 56 0 184 297 377 67 149 459 128 267 241 257 133 155 162 234 287 209 244 273 494 269 
136 258 204 197 293 384 392 147 331 272 496 368 198 108 61 316 126 487 318 184 0 110 460 137 273 113 119 148 308 141 226 133 153 105 51 488 465 266 94 245 
494 344 231 63 437 389 226 253 458 363 259 93 327 170 240 119 260 339 423 297 110 0 232 472 427 114 221 305 370 104 280 297 245 100 130 168 456 297 321 465 
174 164 258 439 175 281 64 162 305 199 362 148 136 131 291 476 308 494 433 377 460 232 0 148 335 387 450 298 248 204 225 142 254 108 324 50 61 447 295 294 
204 336 178 273 95 467 403 342 77 76 456 492 466 337 479 480 205 490 385 67 137 472 148 0 459 221 272 365 74 155 487 308 168 497 241 73 244 202 139 450 
134 203 162 128 342 490 294 73 193 336 201 172 137 168 74 429 402 308 140 149 273 427 335 459 0 372 261 139 224 180 435 491 235 87 381 180 104 486 274 309 
132 324 344 356 168 71 210 252 224 323 86 65 312 330 88 211 372 446 333 459 113 114 387 221 372 0 409 368 259 158 86 283 487 484 342 75 286 116 393 181 
233 77 144 367 362 309 205 185 359 60 303 380 220 55 310 493 91 325 60 128 119 221 450 272 261 409 0 86 322 386 167 101 426 94 330 318 310 438 78 221 
335 325 51 263 196 442 290 497 308 151 305 463 493 371 229 296 250 399 57 267 148 305 298 365 139 368 86 0 88 354 92 157 98 312 62 280 468 287 123 140 
296 139 297 204 180 121 412 149 474 353 389 470 367 246 481 85 239 351 264 241 308 370 248 74 224 259 322 88 0 368 423 325 68 138 75 149 230 302 145 177 
349 396 124 144 241 127 54 128 405 172 227 378 232 323 103 98 68 84 341 257 141 104 204 155 180 158 386 354 368 0 471 474 399 182 88 275 482 95 319 234 
415 393 423 66 223 66 258 301 277 92 205 399 269 290 130 298 343 386 317 133 226 280 225 487 435 86 167 92 423 471 0 334 382 234 393 360 414 454 499 481 
166 337 119 88 109 293 311 317 300 87 115 211 193 91 451 480 339 50 121 155 133 297 142 308 491 283 101 157 325 474 334 0 216 259 367 413 286 392 138 458 
198 66 404 236 125 403 498 149 202 291 214 119 434 255 70 170 301 70 241 162 153 245 254 168 235 487 426 98 68 399 382 216 0 174 457 445 95 232 388 249 
171 492 158 246 150 155 101 302 153 266 128 293 227 148 413 478 375 361 140 234 105 100 108 497 87 484 94 312 138 182 234 259 174 0 374 222 480 349 272 430 
342 212 481 448 263 283 100 479 117 343 413 422 463 390 296 323 480 236 134 287 51 130 324 241 381 342 330 62 75 88 393 367 457 374 0 240 402 253 125 326 
314 220 363 120 198 430 170 317 351 339 207 353 161 393 295 452 179 296 81 209 488 168 50 73 180 75 318 280 149 275 360 413 445 222 240 0 216 291 497 246 
349 358 116 166 415 405 79 474 272 422 475 223 308 478 461 467 465 128 224 244 465 456 61 244 104 286 310 468 230 482 414 286 95 480 402 216 0 219 306 424 
140 431 189 362 108 371 84 366 348 495 89 68 122 263 262 86 218 273 488 273 266 297 447 202 486 116 438 287 302 95 454 392 232 349 253 291 219 0 391 176 
287 363 66 488 158 84 109 371 52 352 296 276 339 275 248 343 428 400 328 494 94 321 295 139 274 393 78 123 145 319 499 138 388 272 125 497 306 391 0 197 
123 65 242 369 498 288 350 245 337 277 351 371 270 395 191 271 241 172 163 269 245 465 294 450 309 181 221 140 177 234 481 458 249 430 326 246 424 176 197 0 

1227 0 30
1227 1 3
1227 2 27
1227 3 8
1227 4 24
1227 5 15
1227 6 7
1227 7 8
1227 8 5
1227 9 34
1227 10 2
1227 11 36
1227 12 13
1227 13 17
1227 14 38
1227 15 27
1227 16 5
1227 17 13
1227 18 5
1227 19 16
1227 20 3
1227 21 34
1227 22 25
1227 23 8
1227 24 13
1227 25 35
1227 26 20
1227 27 20
1227 28 1
1227 29 36
1227 30 31
1227 31 32
1227 32 29
1227 33 20
1227 34 28
1227 35 14
1227 36 24
1227 37 35
1227 38 10
1227 39 18
