40 40 3 195

0.3 0 11
0.3 0 17
0.3 0 19
0.3 0 30
0.3 0 36
0.3 0 37
0.3 1 3
0.3 1 7
0.3 1 12
0.3 1 22
0.3 1 24
0.3 1 34
0.3 2 3
0.3 2 8
0.3 2 11
0.3 2 15
0.3 2 21
0.3 2 23
0.3 2 24
0.3 2 26
0.3 2 30
0.3 2 32
0.3 2 37
0.3 3 12
0.3 3 13
0.3 3 18
0.3 3 23
0.3 3 25
0.3 3 29
0.3 3 32
0.3 3 37
0.3 4 14
0.3 4 19
0.3 4 28
0.3 4 29
0.3 4 30
0.3 4 33
0.3 4 35
0.3 4 36
0.3 5 8
0.3 5 13
0.3 5 21
0.3 5 26
0.3 5 27
0.3 5 35
0.3 5 37
0.3 5 39
0.3 6 8
0.3 6 15
0.3 6 17
0.3 6 19
0.3 6 22
0.3 6 23
0.3 6 26
0.3 6 27
0.3 6 36
0.3 7 13
0.3 7 16
0.3 7 17
0.3 7 18
0.3 7 20
0.3 7 23
0.3 7 28
0.3 7 29
0.3 7 33
0.3 7 35
0.3 7 39
0.3 8 10
0.3 8 13
0.3 8 22
0.3 9 12
0.3 9 16
0.3 9 17
0.3 9 23
0.3 9 24
0.3 9 25
0.3 9 28
0.3 9 32
0.3 9 34
0.3 9 36
0.3 9 37
0.3 9 39
0.3 10 12
0.3 10 14
0.3 10 15
0.3 10 17
0.3 10 22
0.3 10 23
0.3 10 28
0.3 10 30
0.3 10 33
0.3 10 36
0.3 10 37
0.3 11 15
0.3 11 16
0.3 11 21
0.3 11 23
0.3 11 28
0.3 11 29
0.3 12 14
0.3 12 16
0.3 12 17
0.3 12 18
0.3 12 19
0.3 12 22
0.3 12 24
0.3 12 27
0.3 12 30
0.3 12 31
0.3 12 38
0.3 13 14
0.3 13 18
0.3 13 30
0.3 13 33
0.3 13 35
0.3 13 38
0.3 14 18
0.3 14 21
0.3 14 29
0.3 14 35
0.3 14 36
0.3 14 37
0.3 14 39
0.3 15 17
0.3 15 19
0.3 15 26
0.3 15 32
0.3 16 18
0.3 16 20
0.3 16 33
0.3 16 37
0.3 16 38
0.3 17 24
0.3 17 27
0.3 17 32
0.3 17 33
0.3 18 21
0.3 18 25
0.3 18 31
0.3 18 35
0.3 18 39
0.3 19 21
0.3 19 25
0.3 19 26
0.3 19 32
0.3 19 36
0.3 20 23
0.3 20 24
0.3 20 29
0.3 20 37
0.3 21 32
0.3 21 37
0.3 21 39
0.3 22 23
0.3 22 24
0.3 22 29
0.3 22 32
0.3 22 34
0.3 22 37
0.3 22 39
0.3 23 26
0.3 23 30
0.3 23 38
0.3 24 25
0.3 24 28
0.3 24 33
0.3 24 34
0.3 24 37
0.3 25 30
0.3 25 34
0.3 25 35
0.3 25 36
0.3 25 37
0.3 25 39
0.3 26 29
0.3 26 34
0.3 26 36
0.3 26 37
0.3 27 30
0.3 27 34
0.3 28 34
0.3 29 31
0.3 29 32
0.3 29 33
0.3 29 36
0.3 29 37
0.3 29 38
0.3 30 37
0.3 31 33
0.3 31 34
0.3 31 37
0.3 32 35
0.3 33 38
0.3 34 38
0.3 36 39

0 283 289 375 273 155 416 331 172 144 119 381 150 443 83 303 163 410 391 422 383 223 231 341 350 386 272 278 362 210 90 111 234 489 199 113 286 320 63 278 
283 0 271 86 310 98 416 259 280 259 259 137 158 119 351 274 158 384 312 148 438 353 388 235 180 137 65 342 357 446 330 315 118 460 431 266 406 76 324 484 
289 271 0 438 292 242 371 467 436 329 395 370 116 320 204 450 239 209 428 132 247 93 315 488 346 497 145 303 361 325 415 125 189 437 359 433 410 162 341 411 
375 86 438 0 185 132 136 292 405 142 441 254 429 135 165 278 220 394 244 198 92 440 400 229 403 440 76 214 160 279 242 476 209 319 340 130 416 176 462 265 
273 310 292 185 0 223 92 236 276 395 101 260 250 152 159 423 68 306 347 167 232 432 289 382 202 78 433 258 134 302 361 56 124 291 494 128 204 348 317 470 
155 98 242 132 223 0 386 164 206 434 437 357 217 409 61 69 354 435 458 197 380 249 79 296 237 459 148 74 203 186 400 436 125 191 119 132 195 464 207 470 
416 416 371 136 92 386 0 373 487 190 82 396 119 487 266 97 85 441 277 419 324 224 478 59 76 405 413 436 414 145 494 132 498 113 67 200 62 304 471 414 
331 259 467 292 236 164 373 0 68 136 139 164 147 151 267 57 79 70 356 407 237 194 93 206 411 135 276 354 54 387 497 257 87 261 156 180 243 365 412 79 
172 280 436 405 276 206 487 68 0 273 195 132 59 496 127 171 326 312 320 419 422 148 419 495 285 345 144 101 167 95 496 189 471 472 200 92 357 237 118 318 
144 259 329 142 395 434 190 136 273 0 500 308 98 124 401 212 303 359 210 464 440 306 463 448 468 250 108 368 194 265 136 127 331 407 120 286 321 242 112 486 
119 259 395 441 101 437 82 139 195 500 0 150 423 471 224 495 156 271 88 108 157 365 266 93 154 488 61 208 440 147 298 99 344 374 102 391 144 493 281 320 
381 137 370 254 260 357 396 164 132 308 150 0 268 456 294 479 434 290 427 267 113 481 271 65 220 497 309 220 227 419 260 193 163 102 460 89 178 160 487 303 
150 158 116 429 250 217 119 147 59 98 423 268 0 334 226 207 233 272 75 129 117 450 263 347 349 194 463 350 245 410 234 93 131 446 379 456 311 59 108 283 
443 119 320 135 152 409 487 151 496 124 471 456 334 0 77 325 156 95 298 449 462 111 206 88 156 271 146 303 63 87 424 490 333 103 53 102 274 389 442 425 
83 351 204 165 159 61 266 267 127 401 224 294 226 77 0 205 159 446 92 78 402 279 409 95 229 163 153 278 386 146 376 116 230 309 291 402 231 204 110 398 
303 274 450 278 423 69 97 57 171 212 495 479 207 325 205 0 260 141 165 56 265 388 218 324 261 429 420 361 415 361 478 176 257 452 464 115 422 142 142 345 
163 158 239 220 68 354 85 79 326 303 156 434 233 156 159 260 0 410 214 400 128 441 380 131 357 238 340 318 364 100 69 467 300 332 212 490 216 370 366 166 
410 384 209 394 306 435 441 70 312 359 271 290 272 95 446 141 410 0 436 131 98 102 103 464 176 474 356 447 395 238 237 342 71 378 155 424 111 419 83 315 
391 312 428 244 347 458 277 356 320 210 88 427 75 298 92 165 214 436 0 220 183 124 72 494 60 148 320 213 399 276 77 363 119 452 404 103 396 497 486 77 
422 148 132 198 167 197 419 407 419 464 108 267 129 449 78 56 400 131 220 0 486 118 392 103 373 294 110 178 431 170 464 251 50 365 231 161 94 211 298 470 
383 438 247 92 232 380 324 237 422 440 157 113 117 462 402 265 128 98 183 486 0 248 418 442 473 129 469 122 419 339 219 305 83 234 72 443 377 368 155 372 
223 353 93 440 432 249 224 194 148 306 365 481 450 111 279 388 441 102 124 118 248 0 259 463 98 83 455 53 346 381 198 81 150 313 488 380 482 327 389 262 
231 388 315 400 289 79 478 93 419 463 266 271 263 206 409 218 380 103 72 392 418 259 0 259 418 54 299 484 144 101 302 399 155 210 172 268 57 217 356 489 
341 235 488 229 382 296 59 206 495 448 93 65 347 88 95 324 131 464 494 103 442 463 259 0 53 437 442 392 96 257 99 313 346 378 313 172 197 474 485 83 
350 180 346 403 202 237 76 411 285 468 154 220 349 156 229 261 357 176 60 373 473 98 418 53 0 417 309 113 174 433 456 130 437 234 120 316 134 187 417 423 
386 137 497 440 78 459 405 135 345 250 488 497 194 271 163 429 238 474 148 294 129 83 54 437 417 0 92 209 147 402 58 110 422 84 400 136 243 433 232 332 
272 65 145 76 433 148 413 276 144 108 61 309 463 146 153 420 340 356 320 110 469 455 299 442 309 92 0 102 287 304 483 78 374 133 230 464 331 366 147 292 
278 342 303 214 258 74 436 354 101 368 208 220 350 303 278 361 318 447 213 178 122 53 484 392 113 209 102 0 273 107 357 112 256 278 230 114 56 403 107 94 
362 357 361 160 134 203 414 54 167 194 440 227 245 63 386 415 364 395 399 431 419 346 144 96 174 147 287 273 0 499 68 417 338 211 162 153 400 351 235 405 
210 446 325 279 302 186 145 387 95 265 147 419 410 87 146 361 100 238 276 170 339 381 101 257 433 402 304 107 499 0 89 96 421 403 135 235 154 380 313 414 
90 330 415 242 361 400 494 497 496 136 298 260 234 424 376 478 69 237 77 464 219 198 302 99 456 58 483 357 68 89 0 358 320 55 298 184 59 322 211 186 
111 315 125 476 56 436 132 257 189 127 99 193 93 490 116 176 467 342 363 251 305 81 399 313 130 110 78 112 417 96 358 0 278 406 67 216 392 170 455 389 
234 118 189 209 124 125 498 87 471 331 344 163 131 333 230 257 300 71 119 50 83 150 155 346 437 422 374 256 338 421 320 278 0 118 272 207 59 162 344 398 
489 460 437 319 291 191 113 261 472 407 374 102 446 103 309 452 332 378 452 365 234 313 210 378 234 84 133 278 211 403 55 406 118 0 364 116 419 191 259 303 
199 431 359 340 494 119 67 156 200 120 102 460 379 53 291 464 212 155 404 231 72 488 172 313 120 400 230 230 162 135 298 67 272 364 0 52 64 52 416 154 
113 266 433 130 128 132 200 180 92 286 391 89 456 102 402 115 490 424 103 161 443 380 268 172 316 136 464 114 153 235 184 216 207 116 52 0 420 460 367 123 
286 406 410 416 204 195 62 243 357 321 144 178 311 274 231 422 216 111 396 94 377 482 57 197 134 243 331 56 400 154 59 392 59 419 64 420 0 154 416 272 
320 76 162 176 348 464 304 365 237 242 493 160 59 389 204 142 370 419 497 211 368 327 217 474 187 433 366 403 351 380 322 170 162 191 52 460 154 0 142 274 
63 324 341 462 317 207 471 412 118 112 281 487 108 442 110 142 366 83 486 298 155 389 356 485 417 232 147 107 235 313 211 455 344 259 416 367 416 142 0 360 
278 484 411 265 470 470 414 79 318 486 320 303 283 425 398 345 166 315 77 470 372 262 489 83 423 332 292 94 405 414 186 389 398 303 154 123 272 274 360 0 

1244 0 17
1244 1 36
1244 2 25
1244 3 19
1244 4 7
1244 5 6
1244 6 2
1244 7 6
1244 8 7
1244 9 13
1244 10 32
1244 11 8
1244 12 13
1244 13 25
1244 14 8
1244 15 25
1244 16 11
1244 17 9
1244 18 0
1244 19 11
1244 20 31
1244 21 31
1244 22 10
1244 23 3
1244 24 0
1244 25 21
1244 26 14
1244 27 0
1244 28 8
1244 29 23
1244 30 7
1244 31 25
1244 32 9
1244 33 21
1244 34 33
1244 35 17
1244 36 15
1244 37 36
1244 38 12
1244 39 23
