50 50 4 245

0.4 0 1
0.4 0 2
0.4 0 45
0.4 0 46
0.4 0 48
0.4 1 11
0.4 1 20
0.4 1 21
0.4 1 31
0.4 1 33
0.4 1 39
0.4 1 41
0.4 1 43
0.4 2 5
0.4 2 9
0.4 2 10
0.4 2 16
0.4 2 22
0.4 2 30
0.4 2 32
0.4 2 42
0.4 2 49
0.4 3 4
0.4 3 10
0.4 3 13
0.4 3 14
0.4 3 16
0.4 3 24
0.4 3 36
0.4 3 39
0.4 3 44
0.4 4 13
0.4 4 17
0.4 4 33
0.4 4 36
0.4 4 46
0.4 4 48
0.4 5 6
0.4 5 7
0.4 5 9
0.4 5 16
0.4 5 20
0.4 5 22
0.4 5 28
0.4 5 34
0.4 5 38
0.4 5 39
0.4 5 40
0.4 5 46
0.4 6 10
0.4 6 14
0.4 6 17
0.4 6 27
0.4 6 29
0.4 6 36
0.4 6 41
0.4 6 43
0.4 6 47
0.4 7 8
0.4 7 13
0.4 7 17
0.4 7 23
0.4 7 25
0.4 7 32
0.4 7 34
0.4 7 48
0.4 8 16
0.4 8 26
0.4 8 30
0.4 8 32
0.4 8 34
0.4 8 35
0.4 8 36
0.4 8 43
0.4 8 44
0.4 8 45
0.4 8 46
0.4 9 17
0.4 9 21
0.4 9 22
0.4 9 24
0.4 9 26
0.4 9 42
0.4 10 25
0.4 10 26
0.4 10 31
0.4 10 37
0.4 10 44
0.4 11 14
0.4 11 17
0.4 11 25
0.4 11 26
0.4 11 27
0.4 11 30
0.4 11 31
0.4 11 33
0.4 11 36
0.4 11 41
0.4 11 49
0.4 12 16
0.4 12 17
0.4 12 18
0.4 12 19
0.4 12 20
0.4 12 23
0.4 12 28
0.4 12 29
0.4 12 34
0.4 12 39
0.4 12 40
0.4 12 42
0.4 12 44
0.4 12 45
0.4 12 46
0.4 12 47
0.4 12 49
0.4 13 18
0.4 13 28
0.4 13 29
0.4 13 33
0.4 13 43
0.4 14 28
0.4 14 30
0.4 14 38
0.4 14 42
0.4 14 45
0.4 15 28
0.4 15 31
0.4 15 40
0.4 15 47
0.4 16 18
0.4 16 19
0.4 16 26
0.4 16 33
0.4 16 38
0.4 16 39
0.4 16 48
0.4 17 19
0.4 17 23
0.4 17 28
0.4 17 29
0.4 17 36
0.4 17 39
0.4 17 42
0.4 17 48
0.4 18 19
0.4 18 20
0.4 18 21
0.4 18 23
0.4 18 25
0.4 18 33
0.4 18 35
0.4 19 20
0.4 19 21
0.4 19 24
0.4 19 26
0.4 19 31
0.4 19 34
0.4 19 35
0.4 19 36
0.4 19 37
0.4 19 49
0.4 20 23
0.4 20 28
0.4 20 38
0.4 20 39
0.4 20 41
0.4 20 42
0.4 20 45
0.4 20 46
0.4 21 22
0.4 21 25
0.4 21 37
0.4 21 38
0.4 22 25
0.4 22 41
0.4 22 46
0.4 23 29
0.4 23 30
0.4 23 35
0.4 23 38
0.4 23 44
0.4 24 26
0.4 24 45
0.4 24 47
0.4 24 48
0.4 25 28
0.4 25 36
0.4 25 46
0.4 26 31
0.4 26 41
0.4 26 46
0.4 26 48
0.4 26 49
0.4 27 38
0.4 27 45
0.4 27 48
0.4 28 36
0.4 28 37
0.4 28 43
0.4 28 45
0.4 29 42
0.4 30 33
0.4 30 39
0.4 30 40
0.4 30 45
0.4 30 46
0.4 31 34
0.4 31 35
0.4 31 38
0.4 31 39
0.4 31 48
0.4 32 38
0.4 32 41
0.4 32 44
0.4 33 34
0.4 33 36
0.4 33 37
0.4 33 42
0.4 34 37
0.4 35 41
0.4 35 48
0.4 35 49
0.4 36 40
0.4 36 47
0.4 37 38
0.4 37 45
0.4 37 47
0.4 37 49
0.4 38 42
0.4 38 45
0.4 38 47
0.4 39 42
0.4 39 43
0.4 39 44
0.4 40 42
0.4 40 49
0.4 41 42
0.4 41 43
0.4 42 45
0.4 42 47
0.4 43 45
0.4 43 46
0.4 46 47
0.4 46 48

0 384 162 153 339 406 116 110 240 111 342 326 390 119 261 466 198 249 94 385 474 104 274 289 125 211 350 332 63 222 366 163 276 465 453 434 167 429 54 147 306 122 145 368 129 303 492 167 133 329 
384 0 128 101 201 396 383 205 341 271 276 189 319 351 467 411 71 63 337 267 166 494 488 139 312 151 400 308 139 147 75 93 153 164 114 355 356 218 378 468 178 333 486 436 74 309 174 290 100 234 
162 128 0 367 202 408 359 344 203 168 235 216 361 75 372 326 464 403 466 335 157 470 131 274 480 349 86 101 398 317 332 303 258 226 134 104 286 459 460 283 360 441 470 53 489 123 401 478 103 338 
153 101 367 0 119 122 495 289 123 263 407 360 58 117 390 64 372 470 398 387 494 243 257 268 332 160 423 115 297 236 219 446 221 294 482 185 405 166 217 425 271 487 173 498 179 74 460 227 307 199 
339 201 202 119 0 233 313 280 210 96 270 379 81 91 431 480 393 493 138 182 413 248 218 123 402 388 111 182 421 443 98 263 122 185 474 371 108 143 186 319 463 229 428 90 490 453 437 385 80 133 
406 396 408 122 233 0 127 425 489 74 498 263 407 112 463 383 354 492 320 200 57 153 118 454 201 166 459 401 205 214 274 107 315 78 315 384 202 322 229 321 283 185 428 370 274 171 156 329 296 106 
116 383 359 495 313 127 0 328 433 158 485 63 82 477 280 89 302 58 237 375 166 218 128 239 408 161 340 465 348 483 161 219 146 203 251 480 142 409 363 390 107 273 484 333 181 123 266 418 258 374 
110 205 344 289 280 425 328 0 261 210 87 208 396 125 249 303 355 52 346 59 78 418 99 178 112 463 419 425 242 119 469 130 410 231 65 288 401 323 461 112 288 57 340 193 354 420 359 398 268 302 
240 341 203 123 210 489 433 261 0 146 410 423 116 388 79 424 133 416 411 468 364 390 392 191 197 184 64 79 93 125 257 75 96 63 330 497 482 294 254 472 277 115 479 381 72 308 464 297 442 99 
111 271 168 263 96 74 158 210 146 0 84 258 385 372 288 151 51 366 314 426 302 245 215 463 253 347 450 283 249 331 437 182 486 336 345 417 426 213 427 225 410 212 460 219 120 203 340 415 446 402 
342 276 235 407 270 498 485 87 410 84 0 140 444 498 487 486 141 488 90 139 60 407 153 165 336 50 62 383 414 67 93 67 427 308 211 481 364 102 121 391 83 55 173 328 331 252 110 135 274 416 
326 189 216 360 379 263 63 208 423 258 140 0 98 247 193 256 127 171 401 189 190 364 141 273 171 293 180 370 468 375 294 325 371 388 162 343 292 62 145 465 95 87 143 333 458 441 275 292 317 220 
390 319 361 58 81 407 82 396 116 385 444 98 0 458 76 245 488 110 173 499 394 117 185 427 83 255 318 408 485 286 455 182 374 196 230 122 474 196 332 128 414 65 358 340 336 354 462 178 176 156 
119 351 75 117 91 112 477 125 388 372 498 247 458 0 383 358 284 345 166 183 277 270 103 334 496 164 476 397 403 431 418 228 154 333 243 127 472 117 258 424 396 322 57 276 311 299 174 196 185 344 
261 467 372 390 431 463 280 249 79 288 487 193 76 383 0 253 153 374 150 476 475 357 339 97 360 111 71 75 106 342 286 449 75 386 140 257 98 75 87 337 488 443 180 161 61 169 286 167 119 180 
466 411 326 64 480 383 89 303 424 151 486 256 245 358 253 0 126 466 186 464 487 480 495 261 211 402 371 421 354 270 385 418 292 325 206 311 280 358 445 326 287 252 399 344 219 294 175 161 473 168 
198 71 464 372 393 354 302 355 133 51 141 127 488 284 153 126 0 366 275 80 165 278 478 139 186 368 232 284 310 89 466 112 423 478 146 98 269 161 336 494 122 153 159 466 64 387 141 456 336 325 
249 63 403 470 493 492 58 52 416 366 488 171 110 345 374 466 366 0 119 320 381 230 256 439 79 153 314 343 210 398 55 170 195 270 208 158 484 392 328 145 431 412 129 79 193 469 100 374 105 190 
94 337 466 398 138 320 237 346 411 314 90 401 173 166 150 186 275 119 0 490 117 264 140 427 82 279 125 152 380 124 181 180 178 404 483 306 309 405 287 296 439 345 152 52 98 312 354 496 253 416 
385 267 335 387 182 200 375 59 468 426 139 189 499 183 476 464 80 320 490 0 381 348 222 449 409 401 347 61 230 350 119 450 373 118 265 306 306 187 197 112 292 270 61 158 99 500 389 468 372 308 
474 166 157 494 413 57 166 78 364 302 60 190 394 277 475 487 165 381 117 381 0 482 370 80 212 148 375 214 200 314 336 239 384 326 195 298 212 236 83 298 266 127 180 92 468 306 144 273 164 371 
104 494 470 243 248 153 218 418 390 245 407 364 117 270 357 480 278 230 264 348 482 0 210 318 122 139 233 90 222 210 481 222 106 169 496 229 338 163 373 156 147 408 429 439 431 216 485 487 400 432 
274 488 131 257 218 118 128 99 392 215 153 141 185 103 339 495 478 256 140 222 370 210 0 51 212 318 421 325 88 286 384 430 58 488 51 79 160 371 492 236 317 399 453 478 130 357 306 452 61 233 
289 139 274 268 123 454 239 178 191 463 165 273 427 334 97 261 139 439 427 449 80 318 51 0 423 284 234 289 211 464 252 329 420 63 434 87 341 84 364 167 406 384 171 228 126 124 469 482 225 290 
125 312 480 332 402 201 408 112 197 253 336 171 83 496 360 211 186 79 82 409 212 122 212 423 0 375 463 387 142 138 473 425 481 286 216 229 319 343 309 226 236 87 448 59 183 252 498 440 462 427 
211 151 349 160 388 166 161 463 184 347 50 293 255 164 111 402 368 153 279 401 148 139 318 284 375 0 77 406 129 325 347 403 167 289 273 323 345 362 471 443 332 91 329 273 445 312 238 482 287 180 
350 400 86 423 111 459 340 419 64 450 62 180 318 476 71 371 232 314 125 347 375 233 421 234 463 77 0 229 242 174 341 383 302 465 290 147 51 499 119 202 263 396 54 104 340 416 496 56 78 92 
332 308 101 115 182 401 465 425 79 283 383 370 408 397 75 421 284 343 152 61 214 90 325 289 387 406 229 0 138 231 53 472 452 65 294 178 234 379 447 464 143 450 484 176 472 113 263 375 164 107 
63 139 398 297 421 205 348 242 93 249 414 468 485 403 106 354 310 210 380 230 200 222 88 211 142 129 242 138 0 160 228 406 280 150 294 275 141 138 360 129 410 498 212 254 233 305 111 474 171 404 
222 147 317 236 443 214 483 119 125 331 67 375 286 431 342 270 89 398 124 350 314 210 286 464 138 325 174 231 160 0 278 110 362 128 110 235 474 331 173 209 216 402 452 182 138 213 376 205 255 73 
366 75 332 219 98 274 161 469 257 437 93 294 455 418 286 385 466 55 181 119 336 481 384 252 473 347 341 53 228 278 0 249 407 70 243 211 284 230 162 319 113 345 193 173 143 468 277 303 222 73 
163 93 303 446 263 107 219 130 75 182 67 325 182 228 449 418 112 170 180 450 239 222 430 329 425 403 383 472 406 110 249 0 55 321 246 209 465 273 364 433 423 120 307 328 68 314 102 347 254 439 
276 153 258 221 122 315 146 410 96 486 427 371 374 154 75 292 423 195 178 373 384 106 58 420 481 167 302 452 280 362 407 55 0 449 382 90 86 499 50 383 100 235 437 118 162 473 257 201 305 257 
465 164 226 294 185 78 203 231 63 336 308 388 196 333 386 325 478 270 404 118 326 169 488 63 286 289 465 65 150 128 70 321 449 0 83 473 277 188 329 308 423 492 162 383 338 90 385 280 482 117 
453 114 134 482 474 315 251 65 330 345 211 162 230 243 140 206 146 208 483 265 195 496 51 434 216 273 290 294 294 110 243 246 382 83 0 100 126 390 287 358 193 313 186 81 198 338 62 73 60 137 
434 355 104 185 371 384 480 288 497 417 481 343 122 127 257 311 98 158 306 306 298 229 79 87 229 323 147 178 275 235 211 209 90 473 100 0 351 348 187 201 62 170 121 158 151 181 193 86 91 96 
167 356 286 405 108 202 142 401 482 426 364 292 474 472 98 280 269 484 309 306 212 338 160 341 319 345 51 234 141 474 284 465 86 277 126 351 0 460 57 128 413 176 296 252 112 418 491 108 277 173 
429 218 459 166 143 322 409 323 294 213 102 62 196 117 75 358 161 392 405 187 236 163 371 84 343 362 499 379 138 331 230 273 499 188 390 348 460 0 356 247 457 85 169 364 85 167 485 441 475 461 
54 378 460 217 186 229 363 461 254 427 121 145 332 258 87 445 336 328 287 197 83 373 492 364 309 471 119 447 360 173 162 364 50 329 287 187 57 356 0 263 300 384 167 57 456 307 258 434 65 104 
147 468 283 425 319 321 390 112 472 225 391 465 128 424 337 326 494 145 296 112 298 156 236 167 226 443 202 464 129 209 319 433 383 308 358 201 128 247 263 0 396 448 275 132 341 226 454 355 425 222 
306 178 360 271 463 283 107 288 277 410 83 95 414 396 488 287 122 431 439 292 266 147 317 406 236 332 263 143 410 216 113 423 100 423 193 62 413 457 300 396 0 454 128 82 362 321 324 112 420 119 
122 333 441 487 229 185 273 57 115 212 55 87 65 322 443 252 153 412 345 270 127 408 399 384 87 91 396 450 498 402 345 120 235 492 313 170 176 85 384 448 454 0 290 92 493 59 319 275 496 227 
145 486 470 173 428 428 484 340 479 460 173 143 358 57 180 399 159 129 152 61 180 429 453 171 448 329 54 484 212 452 193 307 437 162 186 121 296 169 167 275 128 290 0 171 298 373 229 146 448 148 
368 436 53 498 90 370 333 193 381 219 328 333 340 276 161 344 466 79 52 158 92 439 478 228 59 273 104 176 254 182 173 328 118 383 81 158 252 364 57 132 82 92 171 0 198 381 493 447 95 432 
129 74 489 179 490 274 181 354 72 120 331 458 336 311 61 219 64 193 98 99 468 431 130 126 183 445 340 472 233 138 143 68 162 338 198 151 112 85 456 341 362 493 298 198 0 64 443 178 180 70 
303 309 123 74 453 171 123 420 308 203 252 441 354 299 169 294 387 469 312 500 306 216 357 124 252 312 416 113 305 213 468 314 473 90 338 181 418 167 307 226 321 59 373 381 64 0 221 471 273 278 
492 174 401 460 437 156 266 359 464 340 110 275 462 174 286 175 141 100 354 389 144 485 306 469 498 238 496 263 111 376 277 102 257 385 62 193 491 485 258 454 324 319 229 493 443 221 0 107 275 99 
167 290 478 227 385 329 418 398 297 415 135 292 178 196 167 161 456 374 496 468 273 487 452 482 440 482 56 375 474 205 303 347 201 280 73 86 108 441 434 355 112 275 146 447 178 471 107 0 467 102 
133 100 103 307 80 296 258 268 442 446 274 317 176 185 119 473 336 105 253 372 164 400 61 225 462 287 78 164 171 255 222 254 305 482 60 91 277 475 65 425 420 496 448 95 180 273 275 467 0 174 
329 234 338 199 133 106 374 302 99 402 416 220 156 344 180 168 325 190 416 308 371 432 233 290 427 180 92 107 404 73 73 439 257 117 137 96 173 461 104 222 119 227 148 432 70 278 99 102 174 0 

1488.5 0 48
1488.5 1 31
1488.5 2 43
1488.5 3 0
1488.5 4 1
1488.5 5 4
1488.5 6 24
1488.5 7 6
1488.5 8 29
1488.5 9 32
1488.5 10 38
1488.5 11 42
1488.5 12 25
1488.5 13 9
1488.5 14 37
1488.5 15 17
1488.5 16 32
1488.5 17 39
1488.5 18 20
1488.5 19 42
1488.5 20 47
1488.5 21 13
1488.5 22 30
1488.5 23 33
1488.5 24 23
1488.5 25 26
1488.5 26 2
1488.5 27 24
1488.5 28 19
1488.5 29 27
1488.5 30 27
1488.5 31 23
1488.5 32 10
1488.5 33 22
1488.5 34 23
1488.5 35 16
1488.5 36 26
1488.5 37 4
1488.5 38 27
1488.5 39 11
1488.5 40 41
1488.5 41 16
1488.5 42 4
1488.5 43 18
1488.5 44 25
1488.5 45 46
1488.5 46 35
1488.5 47 13
1488.5 48 36
1488.5 49 11
