30 30 4 43

0.25 0 4
0.25 0 9
0.25 1 3
0.25 1 23
0.25 2 3
0.25 2 8
0.25 2 16
0.25 2 22
0.25 3 9
0.25 3 12
0.25 3 15
0.25 3 18
0.25 3 23
0.25 3 24
0.25 3 29
0.25 4 12
0.25 4 14
0.25 4 15
0.25 5 25
0.25 6 28
0.25 7 27
0.25 8 10
0.25 8 11
0.25 8 16
0.25 8 26
0.25 9 14
0.25 9 20
0.25 9 24
0.25 10 11
0.25 10 24
0.25 11 17
0.25 11 29
0.25 12 13
0.25 14 16
0.25 14 25
0.25 16 27
0.25 17 23
0.25 19 22
0.25 20 25
0.25 20 28
0.25 22 26
0.25 22 27
0.25 25 29

0 225 433 154 53 244 473 131 284 421 274 374 333 381 155 444 132 180 178 317 418 92 267 185 214 275 412 411 387 200 
225 0 197 250 216 377 149 390 214 116 161 342 275 173 158 171 478 89 418 221 500 165 267 321 437 402 454 495 285 285 
433 197 0 68 257 127 345 163 499 476 174 301 381 412 273 269 309 55 184 393 138 201 107 178 52 151 483 211 466 463 
154 250 68 0 83 149 106 162 459 177 325 454 308 445 385 187 240 74 78 266 480 221 107 228 458 142 248 363 421 293 
53 216 257 83 0 307 233 389 353 356 218 332 158 488 463 51 457 297 326 167 287 269 296 290 278 499 276 188 195 69 
244 377 127 149 307 0 89 117 196 219 357 221 237 173 87 393 400 154 385 356 84 239 81 497 138 258 118 122 217 184 
473 149 345 106 233 89 0 129 112 261 364 452 233 398 217 305 202 329 352 264 254 473 479 324 343 316 473 316 131 213 
131 390 163 162 389 117 129 0 102 189 55 290 369 428 237 446 495 243 178 334 348 263 387 126 499 213 385 377 57 422 
284 214 499 459 353 196 112 102 0 318 454 73 376 498 175 136 117 240 53 452 367 305 233 101 274 195 426 77 111 107 
421 116 476 177 356 219 261 189 318 0 234 354 50 446 231 429 145 464 356 220 480 100 477 90 163 74 321 298 410 50 
274 161 174 325 218 357 364 55 454 234 0 108 142 228 101 99 169 499 81 203 170 141 430 99 383 377 383 201 79 185 
374 342 301 454 332 221 452 290 73 354 108 0 488 451 362 63 54 460 447 178 431 429 349 365 208 179 184 256 438 168 
333 275 381 308 158 237 233 369 376 50 142 488 0 277 414 426 404 389 274 398 52 306 385 355 403 163 343 182 437 411 
381 173 412 445 488 173 398 428 498 446 228 451 277 0 421 495 237 250 111 332 341 229 357 345 136 219 302 127 84 422 
155 158 273 385 463 87 217 237 175 231 101 362 414 421 0 448 419 163 333 95 323 409 324 152 238 177 85 77 139 313 
444 171 269 187 51 393 305 446 136 429 99 63 426 495 448 0 80 471 69 288 475 92 330 333 236 143 368 65 400 347 
132 478 309 240 457 400 202 495 117 145 169 54 404 237 419 80 0 227 116 116 215 470 329 232 394 332 179 468 216 456 
180 89 55 74 297 154 329 243 240 464 499 460 389 250 163 471 227 0 357 372 385 369 87 336 486 60 214 370 423 402 
178 418 184 78 326 385 352 178 53 356 81 447 274 111 333 69 116 357 0 379 446 390 135 66 285 57 237 317 427 453 
317 221 393 266 167 356 264 334 452 220 203 178 398 332 95 288 116 372 379 0 499 337 380 368 258 442 348 52 231 171 
418 500 138 480 287 84 254 348 367 480 170 431 52 341 323 475 215 385 446 499 0 104 385 391 96 146 98 444 390 80 
92 165 201 221 269 239 473 263 305 100 141 429 306 229 409 92 470 369 390 337 104 0 270 157 337 452 86 446 52 135 
267 267 107 107 296 81 479 387 233 477 430 349 385 357 324 330 329 87 135 380 385 270 0 224 116 177 387 216 499 109 
185 321 178 228 290 497 324 126 101 90 99 365 355 345 152 333 232 336 66 368 391 157 224 0 379 246 108 180 392 420 
214 437 52 458 278 138 343 499 274 163 383 208 403 136 238 236 394 486 285 258 96 337 116 379 0 437 93 50 203 138 
275 402 151 142 499 258 316 213 195 74 377 179 163 219 177 143 332 60 57 442 146 452 177 246 437 0 328 471 200 314 
412 454 483 248 276 118 473 385 426 321 383 184 343 302 85 368 179 214 237 348 98 86 387 108 93 328 0 423 314 311 
411 495 211 363 188 122 316 377 77 298 201 256 182 127 77 65 468 370 317 52 444 446 216 180 50 471 423 0 89 291 
387 285 466 421 195 217 131 57 111 410 79 438 437 84 139 400 216 423 427 231 390 52 499 392 203 200 314 89 0 464 
200 285 463 293 69 184 213 422 107 50 185 168 411 422 313 347 456 402 453 171 80 135 109 420 138 314 311 291 464 0 

463.5 0 21
463.5 1 17
463.5 2 25
463.5 3 25
463.5 4 1
463.5 5 10
463.5 6 17
463.5 7 6
463.5 8 15
463.5 9 16
463.5 10 5
463.5 11 1
463.5 12 21
463.5 13 4
463.5 14 11
463.5 15 2
463.5 16 2
463.5 17 24
463.5 18 7
463.5 19 20
463.5 20 22
463.5 21 5
463.5 22 27
463.5 23 0
463.5 24 15
463.5 25 26
463.5 26 4
463.5 27 28
463.5 28 10
463.5 29 25
