50 50 4 245

0.3 0 4
0.3 0 9
0.3 0 11
0.3 0 20
0.3 0 23
0.3 0 28
0.3 0 32
0.3 0 35
0.3 0 37
0.3 0 41
0.3 0 43
0.3 0 48
0.3 1 9
0.3 1 15
0.3 1 17
0.3 1 30
0.3 1 41
0.3 1 42
0.3 1 45
0.3 1 46
0.3 1 47
0.3 2 5
0.3 2 12
0.3 2 17
0.3 2 18
0.3 2 21
0.3 2 25
0.3 2 26
0.3 2 29
0.3 2 43
0.3 3 6
0.3 3 13
0.3 3 14
0.3 3 16
0.3 3 20
0.3 3 23
0.3 3 24
0.3 3 35
0.3 4 11
0.3 4 12
0.3 4 22
0.3 4 28
0.3 4 30
0.3 4 32
0.3 4 41
0.3 4 43
0.3 5 8
0.3 5 12
0.3 5 22
0.3 5 25
0.3 5 32
0.3 5 36
0.3 5 39
0.3 5 43
0.3 5 47
0.3 6 12
0.3 6 15
0.3 6 17
0.3 6 19
0.3 6 28
0.3 6 34
0.3 6 36
0.3 6 37
0.3 6 43
0.3 6 45
0.3 7 10
0.3 7 11
0.3 7 19
0.3 7 26
0.3 7 34
0.3 7 36
0.3 7 44
0.3 7 46
0.3 7 47
0.3 8 10
0.3 8 15
0.3 8 21
0.3 8 23
0.3 8 27
0.3 8 29
0.3 8 31
0.3 8 32
0.3 8 39
0.3 8 43
0.3 8 45
0.3 9 24
0.3 9 28
0.3 9 30
0.3 9 32
0.3 9 34
0.3 9 45
0.3 9 49
0.3 10 35
0.3 10 42
0.3 10 43
0.3 10 45
0.3 10 48
0.3 11 12
0.3 11 14
0.3 11 20
0.3 11 27
0.3 11 42
0.3 12 13
0.3 12 15
0.3 12 16
0.3 12 20
0.3 12 23
0.3 12 25
0.3 12 29
0.3 12 31
0.3 12 34
0.3 12 37
0.3 12 40
0.3 12 45
0.3 12 47
0.3 13 15
0.3 13 17
0.3 13 19
0.3 13 33
0.3 13 34
0.3 13 35
0.3 13 36
0.3 13 40
0.3 13 45
0.3 13 48
0.3 14 20
0.3 14 21
0.3 14 32
0.3 15 19
0.3 15 31
0.3 15 38
0.3 15 39
0.3 15 42
0.3 15 45
0.3 15 49
0.3 16 17
0.3 16 22
0.3 16 23
0.3 16 27
0.3 16 28
0.3 16 33
0.3 16 38
0.3 16 40
0.3 16 49
0.3 17 18
0.3 17 33
0.3 17 38
0.3 18 24
0.3 18 26
0.3 18 38
0.3 18 47
0.3 19 22
0.3 19 23
0.3 19 43
0.3 20 27
0.3 20 36
0.3 20 41
0.3 20 47
0.3 21 22
0.3 21 23
0.3 21 24
0.3 21 25
0.3 21 37
0.3 21 38
0.3 21 40
0.3 21 46
0.3 22 23
0.3 22 25
0.3 22 31
0.3 22 32
0.3 22 36
0.3 22 43
0.3 23 37
0.3 23 38
0.3 23 41
0.3 23 44
0.3 23 49
0.3 24 48
0.3 25 26
0.3 25 30
0.3 25 33
0.3 25 38
0.3 25 39
0.3 25 42
0.3 25 47
0.3 26 32
0.3 26 33
0.3 26 36
0.3 26 41
0.3 26 45
0.3 27 28
0.3 27 29
0.3 27 39
0.3 27 42
0.3 27 46
0.3 27 48
0.3 27 49
0.3 28 32
0.3 28 33
0.3 28 45
0.3 28 48
0.3 29 33
0.3 29 38
0.3 29 39
0.3 29 44
0.3 29 47
0.3 29 48
0.3 30 33
0.3 30 36
0.3 30 39
0.3 30 44
0.3 30 48
0.3 31 33
0.3 31 36
0.3 31 37
0.3 31 39
0.3 31 41
0.3 31 43
0.3 31 44
0.3 31 47
0.3 31 49
0.3 32 39
0.3 32 45
0.3 32 48
0.3 33 38
0.3 34 38
0.3 34 49
0.3 35 45
0.3 35 46
0.3 36 45
0.3 36 46
0.3 36 47
0.3 36 48
0.3 37 43
0.3 37 44
0.3 38 39
0.3 38 40
0.3 38 47
0.3 39 48
0.3 40 42
0.3 40 45
0.3 41 48
0.3 42 45
0.3 43 45
0.3 44 45

0 265 265 486 483 435 290 329 151 126 441 138 58 406 370 416 127 184 163 439 333 236 55 487 372 240 475 323 211 390 429 185 111 283 273 386 117 426 152 62 417 88 59 479 185 217 162 263 116 492 
265 0 217 309 182 430 335 209 460 297 127 450 59 100 293 287 467 183 358 383 237 99 445 442 475 337 364 234 410 117 91 439 107 67 321 125 52 193 484 387 275 407 453 107 426 151 320 218 458 126 
265 217 0 162 76 151 187 302 297 371 218 430 234 60 168 146 388 160 125 239 405 323 298 333 111 50 165 355 275 54 457 236 309 490 432 104 243 258 479 432 477 297 116 60 114 132 484 394 67 190 
486 309 162 0 477 165 356 171 122 360 334 466 136 390 396 493 126 176 397 258 419 226 397 305 415 258 116 425 99 101 252 141 409 443 439 102 257 327 439 204 149 453 276 249 254 443 274 185 493 231 
483 182 76 477 0 202 316 99 224 273 433 100 125 341 226 192 134 325 367 345 432 169 331 150 284 186 425 337 439 233 302 190 454 70 253 305 281 452 498 457 482 384 103 341 92 214 389 416 173 317 
435 430 151 165 202 0 457 181 465 61 485 389 213 271 312 403 283 63 228 348 204 470 421 165 417 398 339 85 459 279 57 489 53 215 437 402 297 258 460 118 370 335 414 300 235 406 150 443 374 403 
290 335 187 356 316 457 0 377 315 289 290 262 147 289 404 52 302 179 290 104 400 73 133 57 108 407 62 288 161 150 435 355 470 433 217 112 272 377 359 258 493 252 479 403 108 412 161 423 468 130 
329 209 302 171 99 181 377 0 239 131 261 173 364 138 442 81 396 113 316 102 434 315 271 397 145 57 469 209 363 171 288 331 284 55 474 434 158 192 457 296 491 462 439 269 421 283 73 380 95 353 
151 460 297 122 224 465 315 239 0 177 193 320 294 116 496 243 394 463 325 52 138 270 147 255 160 372 340 358 51 444 364 276 279 72 347 72 195 99 467 178 232 189 420 434 419 455 427 331 315 139 
126 297 371 360 273 61 289 131 177 0 91 226 481 238 246 274 450 159 379 373 63 445 128 269 257 468 270 213 403 261 312 425 151 64 303 348 102 130 311 309 305 348 458 459 187 78 458 345 414 395 
441 127 218 334 433 485 290 261 193 91 0 438 60 274 66 77 147 347 489 328 303 394 457 97 428 178 154 498 358 485 231 142 132 204 178 64 293 308 192 451 496 451 281 137 371 161 88 308 56 171 
138 450 430 466 100 389 262 173 320 226 438 0 371 81 415 88 139 257 93 284 198 102 404 259 415 362 237 127 210 202 332 213 198 136 415 171 100 275 364 232 122 124 161 124 402 492 332 292 379 161 
58 59 234 136 125 213 147 364 294 481 60 371 0 496 100 96 222 205 275 364 208 181 157 165 357 141 177 388 261 164 52 463 113 205 79 398 241 420 431 50 208 418 372 419 57 284 353 476 181 429 
406 100 60 390 341 271 289 138 116 238 274 81 496 0 136 472 62 318 52 441 185 298 182 378 93 237 161 93 277 98 383 352 434 361 131 124 342 252 348 187 478 267 100 104 61 274 329 360 298 103 
370 293 168 396 226 312 404 442 496 246 66 415 100 136 0 312 396 276 227 348 387 471 72 386 178 458 316 347 415 362 202 303 207 70 149 429 254 56 339 187 87 150 64 362 408 244 393 355 216 456 
416 287 146 493 192 403 52 81 243 274 77 88 96 472 312 0 308 282 164 195 417 112 334 249 461 251 351 492 94 131 100 164 435 247 100 199 166 453 109 59 93 347 283 119 107 463 234 345 369 421 
127 467 388 126 134 283 302 396 394 450 147 139 222 62 396 308 0 285 163 93 237 453 412 148 54 444 289 281 164 325 452 402 92 235 353 433 225 236 101 363 371 497 83 411 276 51 144 74 464 260 
184 183 160 176 325 63 179 113 463 159 347 257 205 318 276 282 285 0 354 214 234 126 93 483 397 141 177 230 458 483 490 461 167 70 101 99 133 398 205 106 355 386 448 415 357 406 171 238 153 292 
163 358 125 397 367 228 290 316 325 379 489 93 275 52 227 164 163 354 0 373 227 252 103 83 57 372 198 152 147 175 375 153 294 272 94 448 238 414 348 54 146 56 429 148 116 118 423 197 240 292 
439 383 239 258 345 348 104 102 52 373 328 284 364 441 348 195 93 214 373 0 496 297 356 311 470 56 232 303 155 439 434 277 75 453 359 426 75 206 485 391 283 272 184 172 469 167 248 220 94 290 
333 237 405 419 432 204 400 434 138 63 303 198 208 185 387 417 237 234 227 496 0 139 438 142 62 391 341 288 445 441 164 150 268 495 415 177 82 269 480 403 228 136 105 233 119 180 99 215 483 303 
236 99 323 226 169 470 73 315 270 445 394 102 181 298 471 112 453 126 252 297 139 0 155 191 386 50 155 147 328 272 313 474 475 299 92 380 277 423 456 276 363 486 369 129 99 185 81 149 241 208 
55 445 298 397 331 421 133 271 147 128 457 404 157 182 72 334 412 93 103 356 438 155 0 199 355 467 175 186 257 93 130 296 321 157 494 366 184 498 303 259 316 415 191 450 411 326 258 476 55 134 
487 442 333 305 150 165 57 397 255 269 97 259 165 378 386 249 148 483 83 311 142 191 199 0 468 395 433 436 247 385 142 231 449 291 128 351 462 160 226 386 76 319 461 277 172 347 388 216 400 226 
372 475 111 415 284 417 108 145 160 257 428 415 357 93 178 461 54 397 57 470 62 386 355 468 0 153 478 330 322 306 356 323 297 429 226 450 264 289 419 394 430 403 261 164 331 65 423 442 85 130 
240 337 50 258 186 398 407 57 372 468 178 362 141 237 458 251 444 141 372 56 391 50 467 395 153 0 389 478 110 56 222 359 179 214 441 89 372 434 496 318 280 205 288 191 256 406 428 446 481 64 
475 364 165 116 425 339 62 469 340 270 154 237 177 161 316 351 289 177 198 232 341 155 175 433 478 389 0 91 140 339 155 403 107 428 224 159 58 325 322 347 78 484 444 56 407 188 255 462 108 488 
323 234 355 425 337 85 288 209 358 213 498 127 388 93 347 492 281 230 152 303 288 147 186 436 330 478 91 0 257 127 118 428 431 448 119 430 342 157 140 206 454 434 356 343 253 83 181 114 112 263 
211 410 275 99 439 459 161 363 51 403 358 210 261 277 415 94 164 458 147 155 445 328 257 247 322 110 140 257 0 116 60 427 313 390 468 487 391 111 65 374 69 195 347 58 472 355 346 268 72 403 
390 117 54 101 233 279 150 171 444 261 485 202 164 98 362 131 325 483 175 439 441 272 93 385 306 56 339 127 116 0 439 413 226 187 102 482 160 246 369 267 495 395 323 242 278 382 113 292 328 374 
429 91 457 252 302 57 435 288 364 312 231 332 52 383 202 100 452 490 375 434 164 313 130 142 356 222 155 118 60 439 0 122 52 77 481 341 229 257 276 327 479 402 55 59 455 109 163 337 433 115 
185 439 236 141 190 489 355 331 276 425 142 213 463 352 303 164 402 461 153 277 150 474 296 231 323 359 403 428 427 413 122 0 130 379 241 372 459 243 167 142 436 234 112 243 156 279 215 481 138 151 
111 107 309 409 454 53 470 284 279 151 132 198 113 434 207 435 92 167 294 75 268 475 321 449 297 179 107 431 313 226 52 130 0 411 373 313 369 390 352 361 477 57 275 56 410 483 383 460 493 451 
283 67 490 443 70 215 433 55 72 64 204 136 205 361 70 247 235 70 272 453 495 299 157 291 429 214 428 448 390 187 77 379 411 0 412 151 178 222 462 465 211 199 121 276 275 398 146 231 451 256 
273 321 432 439 253 437 217 474 347 303 178 415 79 131 149 100 353 101 94 359 415 92 494 128 226 441 224 119 468 102 481 241 373 412 0 181 215 69 106 52 291 393 94 443 116 221 439 372 337 332 
386 125 104 102 305 402 112 434 72 348 64 171 398 124 429 199 433 99 448 426 177 380 366 351 450 89 159 430 487 482 341 372 313 151 181 0 150 341 106 73 214 391 84 103 453 403 271 131 165 267 
117 52 243 257 281 297 272 158 195 102 293 100 241 342 254 166 225 133 238 75 82 277 184 462 264 372 58 342 391 160 229 459 369 178 215 150 0 430 421 82 80 484 241 282 461 59 453 380 80 365 
426 193 258 327 452 258 377 192 99 130 308 275 420 252 56 453 236 398 414 206 269 423 498 160 289 434 325 157 111 246 257 243 390 222 69 341 430 0 171 260 284 145 279 345 174 339 99 294 304 168 
152 484 479 439 498 460 359 457 467 311 192 364 431 348 339 109 101 205 348 485 480 456 303 226 419 496 322 140 65 369 276 167 352 462 106 106 421 171 0 319 205 108 229 78 129 392 50 462 210 326 
62 387 432 204 457 118 258 296 178 309 451 232 50 187 187 59 363 106 54 391 403 276 259 386 394 318 347 206 374 267 327 142 361 465 52 73 82 260 319 0 469 172 368 422 135 220 135 417 345 210 
417 275 477 149 482 370 493 491 232 305 496 122 208 478 87 93 371 355 146 283 228 363 316 76 430 280 78 454 69 495 479 436 477 211 291 214 80 284 205 469 0 443 236 59 68 368 264 345 424 62 
88 407 297 453 384 335 252 462 189 348 451 124 418 267 150 347 497 386 56 272 136 486 415 319 403 205 484 434 195 395 402 234 57 199 393 391 484 145 108 172 443 0 461 372 450 52 296 476 423 447 
59 453 116 276 103 414 479 439 420 458 281 161 372 100 64 283 83 448 429 184 105 369 191 461 261 288 444 356 347 323 55 112 275 121 94 84 241 279 229 368 236 461 0 496 487 212 173 209 223 322 
479 107 60 249 341 300 403 269 434 459 137 124 419 104 362 119 411 415 148 172 233 129 450 277 164 191 56 343 58 242 59 243 56 276 443 103 282 345 78 422 59 372 496 0 75 151 323 76 312 441 
185 426 114 254 92 235 108 421 419 187 371 402 57 61 408 107 276 357 116 469 119 99 411 172 331 256 407 253 472 278 455 156 410 275 116 453 461 174 129 135 68 450 487 75 0 276 124 335 427 257 
217 151 132 443 214 406 412 283 455 78 161 492 284 274 244 463 51 406 118 167 180 185 326 347 65 406 188 83 355 382 109 279 483 398 221 403 59 339 392 220 368 52 212 151 276 0 66 63 389 484 
162 320 484 274 389 150 161 73 427 458 88 332 353 329 393 234 144 171 423 248 99 81 258 388 423 428 255 181 346 113 163 215 383 146 439 271 453 99 50 135 264 296 173 323 124 66 0 371 180 118 
263 218 394 185 416 443 423 380 331 345 308 292 476 360 355 345 74 238 197 220 215 149 476 216 442 446 462 114 268 292 337 481 460 231 372 131 380 294 462 417 345 476 209 76 335 63 371 0 146 223 
116 458 67 493 173 374 468 95 315 414 56 379 181 298 216 369 464 153 240 94 483 241 55 400 85 481 108 112 72 328 433 138 493 451 337 165 80 304 210 345 424 423 223 312 427 389 180 146 0 483 
492 126 190 231 317 403 130 353 139 395 171 161 429 103 456 421 260 292 292 290 303 208 134 226 130 64 488 263 403 374 115 151 451 256 332 267 365 168 326 210 62 447 322 441 257 484 118 223 483 0 

957.33 0 43
957.33 1 29
957.33 2 1
957.33 3 32
957.33 4 28
957.33 5 31
957.33 6 2
957.33 7 30
957.33 8 34
957.33 9 16
957.33 10 41
957.33 11 48
957.33 12 0
957.33 13 28
957.33 14 37
957.33 15 39
957.33 16 13
957.33 17 25
957.33 18 11
957.33 19 39
957.33 20 7
957.33 21 31
957.33 22 7
957.33 23 3
957.33 24 26
957.33 25 7
957.33 26 45
957.33 27 8
957.33 28 17
957.33 29 37
957.33 30 36
957.33 31 17
957.33 32 17
957.33 33 42
957.33 34 0
957.33 35 2
957.33 36 30
957.33 37 7
957.33 38 32
957.33 39 15
957.33 40 23
957.33 41 24
957.33 42 19
957.33 43 24
957.33 44 8
957.33 45 8
957.33 46 14
957.33 47 21
957.33 48 38
957.33 49 31
