40 40 4 195

0.2 0 6
0.2 0 10
0.2 0 15
0.2 0 19
0.2 0 23
0.2 0 24
0.2 0 30
0.2 0 35
0.2 0 38
0.2 1 2
0.2 1 3
0.2 1 6
0.2 1 9
0.2 1 11
0.2 1 12
0.2 1 13
0.2 1 18
0.2 1 20
0.2 1 25
0.2 1 35
0.2 2 24
0.2 2 27
0.2 2 32
0.2 2 37
0.2 3 4
0.2 3 8
0.2 3 9
0.2 3 13
0.2 3 17
0.2 3 22
0.2 3 23
0.2 3 26
0.2 3 28
0.2 3 33
0.2 3 34
0.2 4 5
0.2 4 7
0.2 4 8
0.2 4 9
0.2 4 10
0.2 4 14
0.2 4 16
0.2 4 17
0.2 4 24
0.2 4 27
0.2 4 28
0.2 4 30
0.2 4 33
0.2 4 37
0.2 5 7
0.2 5 8
0.2 5 17
0.2 5 24
0.2 5 25
0.2 5 28
0.2 5 31
0.2 5 34
0.2 5 35
0.2 6 12
0.2 6 17
0.2 6 19
0.2 6 20
0.2 6 22
0.2 6 26
0.2 6 29
0.2 6 32
0.2 6 35
0.2 6 36
0.2 7 8
0.2 7 12
0.2 7 14
0.2 7 15
0.2 7 20
0.2 7 22
0.2 7 30
0.2 7 33
0.2 7 35
0.2 7 37
0.2 7 39
0.2 8 13
0.2 8 21
0.2 8 25
0.2 8 27
0.2 8 36
0.2 8 38
0.2 8 39
0.2 9 13
0.2 9 14
0.2 9 16
0.2 9 23
0.2 9 24
0.2 9 25
0.2 9 28
0.2 9 30
0.2 9 31
0.2 9 32
0.2 9 33
0.2 9 34
0.2 9 35
0.2 10 11
0.2 10 26
0.2 10 32
0.2 10 36
0.2 10 37
0.2 11 23
0.2 11 28
0.2 11 29
0.2 11 32
0.2 11 39
0.2 12 18
0.2 12 20
0.2 12 29
0.2 12 33
0.2 12 34
0.2 12 37
0.2 13 14
0.2 13 18
0.2 13 24
0.2 13 29
0.2 13 36
0.2 14 15
0.2 14 16
0.2 14 18
0.2 14 20
0.2 14 24
0.2 14 26
0.2 14 29
0.2 14 30
0.2 14 35
0.2 14 36
0.2 14 39
0.2 15 26
0.2 15 27
0.2 15 30
0.2 15 38
0.2 16 28
0.2 16 29
0.2 16 39
0.2 17 22
0.2 17 33
0.2 17 36
0.2 18 20
0.2 18 22
0.2 18 24
0.2 18 28
0.2 18 29
0.2 18 38
0.2 18 39
0.2 19 23
0.2 19 26
0.2 20 22
0.2 20 25
0.2 20 27
0.2 20 28
0.2 20 34
0.2 20 35
0.2 20 38
0.2 21 24
0.2 21 25
0.2 21 32
0.2 21 33
0.2 21 36
0.2 21 38
0.2 22 25
0.2 22 27
0.2 22 30
0.2 22 32
0.2 22 34
0.2 23 24
0.2 23 28
0.2 23 31
0.2 23 37
0.2 24 28
0.2 25 30
0.2 25 34
0.2 25 36
0.2 25 37
0.2 26 27
0.2 26 28
0.2 26 29
0.2 26 31
0.2 26 39
0.2 27 31
0.2 27 33
0.2 27 38
0.2 28 30
0.2 29 36
0.2 30 35
0.2 30 38
0.2 31 34
0.2 32 39
0.2 33 35
0.2 33 39
0.2 35 38
0.2 37 39

0 252 196 361 437 372 413 144 327 319 177 413 173 350 116 260 346 351 389 435 493 180 354 215 249 366 500 317 441 68 222 267 123 93 452 267 322 481 361 216 
252 0 262 159 230 299 294 70 243 82 315 435 333 72 87 150 287 307 437 292 340 264 128 478 436 421 462 325 167 431 489 400 156 52 203 111 190 284 273 349 
196 262 0 478 147 338 224 114 373 435 202 130 381 438 253 350 109 473 402 468 181 151 121 327 216 383 291 82 136 61 283 298 113 180 460 238 221 201 110 326 
361 159 478 0 119 190 305 286 78 172 351 388 314 240 241 371 139 221 396 329 257 430 213 295 384 177 227 480 266 215 153 256 329 409 76 66 168 161 304 95 
437 230 147 119 0 500 482 318 389 358 326 261 455 458 101 450 490 256 334 379 437 433 111 271 176 487 310 193 434 98 500 52 365 119 299 442 139 89 222 364 
372 299 338 190 500 0 379 130 341 62 184 323 238 114 345 372 301 100 442 452 429 239 360 339 200 56 86 81 167 354 204 54 117 125 416 54 260 108 95 311 
413 294 224 305 482 379 0 269 390 422 436 467 326 150 364 64 191 443 266 426 178 372 157 287 460 211 92 197 299 432 201 411 239 390 300 424 189 115 171 301 
144 70 114 286 318 130 269 0 255 403 177 496 132 458 384 189 334 395 114 214 413 259 495 90 325 235 231 435 169 238 354 410 275 457 174 347 304 377 110 227 
327 243 373 78 389 341 390 255 0 409 411 419 140 233 225 330 164 136 207 246 76 466 73 413 121 443 419 466 66 227 135 114 181 273 317 449 425 177 77 368 
319 82 435 172 358 62 422 403 409 0 500 308 441 84 177 335 281 277 264 100 112 391 472 140 437 133 426 458 330 230 145 252 198 376 200 89 99 236 189 184 
177 315 202 351 326 184 436 177 411 500 0 141 466 294 95 289 265 390 147 494 361 478 174 376 358 326 424 471 317 114 287 55 280 195 406 315 408 243 173 94 
413 435 130 388 261 323 467 496 419 308 141 0 161 121 169 494 499 129 298 300 309 215 494 484 122 118 426 57 207 244 71 351 482 401 238 459 454 485 65 444 
173 333 381 314 455 238 326 132 140 441 466 161 0 51 453 68 82 295 422 463 497 230 123 59 414 284 344 188 295 266 209 481 178 282 410 458 338 368 486 244 
350 72 438 240 458 114 150 458 233 84 294 121 51 0 384 79 385 175 270 382 360 158 310 437 196 492 366 145 481 137 481 214 200 421 468 203 119 388 256 429 
116 87 253 241 101 345 364 384 225 177 95 169 453 384 0 287 207 122 148 236 276 422 427 99 116 150 124 190 177 401 495 332 69 52 60 398 171 483 364 347 
260 150 350 371 450 372 64 189 330 335 289 494 68 79 287 0 417 347 228 120 82 374 312 166 210 111 427 111 59 268 296 475 152 356 419 323 160 312 350 252 
346 287 109 139 490 301 191 334 164 281 265 499 82 385 207 417 0 412 242 277 445 87 388 431 109 184 398 277 168 117 138 217 123 116 389 289 151 357 384 386 
351 307 473 221 256 100 443 395 136 277 390 129 295 175 122 347 412 0 75 69 227 306 185 122 206 458 399 484 480 285 262 420 195 303 232 211 425 281 161 461 
389 437 402 396 334 442 266 114 207 264 147 298 422 270 148 228 242 75 0 268 214 493 485 138 85 184 417 427 406 277 363 443 94 422 366 218 195 139 126 395 
435 292 468 329 379 452 426 214 246 100 494 300 463 382 236 120 277 69 268 0 158 320 485 312 92 97 389 351 436 442 373 286 360 222 379 323 292 377 110 445 
493 340 181 257 437 429 178 413 76 112 361 309 497 360 276 82 445 227 214 158 0 368 369 116 423 154 499 166 256 471 245 499 400 447 107 326 445 349 384 243 
180 264 151 430 433 239 372 259 466 391 478 215 230 158 422 374 87 306 493 320 368 0 199 418 228 250 479 80 389 389 60 187 438 284 188 304 262 365 197 334 
354 128 121 213 111 360 157 495 73 472 174 494 123 310 427 312 388 185 485 485 369 199 0 328 142 257 72 250 119 133 343 297 363 169 328 328 299 178 58 192 
215 478 327 295 271 339 287 90 413 140 376 484 59 437 99 166 431 122 138 312 116 418 328 0 88 213 457 83 314 226 133 97 447 116 164 191 121 297 251 446 
249 436 216 384 176 200 460 325 121 437 358 122 414 196 116 210 109 206 85 92 423 228 142 88 0 162 369 419 54 277 144 477 170 450 380 70 70 69 164 340 
366 421 383 177 487 56 211 235 443 133 326 118 284 492 150 111 184 458 184 97 154 250 257 213 162 0 119 455 149 202 275 147 460 351 55 117 362 471 437 126 
500 462 291 227 310 86 92 231 419 426 424 426 344 366 124 427 398 399 417 389 499 479 72 457 369 119 0 268 270 246 116 78 476 241 159 301 69 66 352 466 
317 325 82 480 193 81 197 435 466 458 471 57 188 145 190 111 277 484 427 351 166 80 250 83 419 455 268 0 294 488 52 299 419 471 267 176 95 121 76 393 
441 167 136 266 434 167 299 169 66 330 317 207 295 481 177 59 168 480 406 436 256 389 119 314 54 149 270 294 0 58 228 356 71 495 83 101 449 241 232 232 
68 431 61 215 98 354 432 238 227 230 114 244 266 137 401 268 117 285 277 442 471 389 133 226 277 202 246 488 58 0 310 256 438 181 404 113 205 161 248 286 
222 489 283 153 500 204 201 354 135 145 287 71 209 481 495 296 138 262 363 373 245 60 343 133 144 275 116 52 228 310 0 108 233 322 400 242 343 261 253 79 
267 400 298 256 52 54 411 410 114 252 55 351 481 214 332 475 217 420 443 286 499 187 297 97 477 147 78 299 356 256 108 0 144 88 485 75 270 429 300 154 
123 156 113 329 365 117 239 275 181 198 280 482 178 200 69 152 123 195 94 360 400 438 363 447 170 460 476 419 71 438 233 144 0 183 313 381 345 151 227 134 
93 52 180 409 119 125 390 457 273 376 195 401 282 421 52 356 116 303 422 222 447 284 169 116 450 351 241 471 495 181 322 88 183 0 115 430 271 412 313 355 
452 203 460 76 299 416 300 174 317 200 406 238 410 468 60 419 389 232 366 379 107 188 328 164 380 55 159 267 83 404 400 485 313 115 0 91 144 296 103 199 
267 111 238 66 442 54 424 347 449 89 315 459 458 203 398 323 289 211 218 323 326 304 328 191 70 117 301 176 101 113 242 75 381 430 91 0 190 190 400 204 
322 190 221 168 139 260 189 304 425 99 408 454 338 119 171 160 151 425 195 292 445 262 299 121 70 362 69 95 449 205 343 270 345 271 144 190 0 227 114 373 
481 284 201 161 89 108 115 377 177 236 243 485 368 388 483 312 357 281 139 377 349 365 178 297 69 471 66 121 241 161 261 429 151 412 296 190 227 0 431 450 
361 273 110 304 222 95 171 110 77 189 173 65 486 256 364 350 384 161 126 110 384 197 58 251 164 437 352 76 232 248 253 300 227 313 103 400 114 431 0 138 
216 349 326 95 364 311 301 227 368 184 94 444 244 429 347 252 386 461 395 445 243 334 192 446 340 126 466 393 232 286 79 154 134 355 199 204 373 450 138 0 

617.25 0 26
617.25 1 19
617.25 2 29
617.25 3 16
617.25 4 34
617.25 5 30
617.25 6 29
617.25 7 28
617.25 8 12
617.25 9 17
617.25 10 20
617.25 11 21
617.25 12 14
617.25 13 14
617.25 14 11
617.25 15 17
617.25 16 32
617.25 17 14
617.25 18 27
617.25 19 33
617.25 20 12
617.25 21 23
617.25 22 27
617.25 23 15
617.25 24 25
617.25 25 26
617.25 26 19
617.25 27 11
617.25 28 22
617.25 29 31
617.25 30 25
617.25 31 37
617.25 32 11
617.25 33 15
617.25 34 14
617.25 35 7
617.25 36 35
617.25 37 32
617.25 38 35
617.25 39 36
