20 20 3 19

0.4 0 1
0.4 0 3
0.4 0 6
0.4 0 7
0.4 0 10
0.4 0 12
0.4 3 16
0.4 4 18
0.4 6 12
0.4 7 12
0.4 8 13
0.4 9 11
0.4 10 13
0.4 10 18
0.4 11 13
0.4 13 14
0.4 14 18
0.4 15 16
0.4 16 18

0 229 320 101 406 148 241 63 124 84 222 257 457 166 470 372 355 435 405 253 
229 0 266 133 472 257 121 79 119 223 209 384 68 192 227 77 449 327 132 170 
320 266 0 192 316 465 486 178 214 406 229 396 420 410 234 344 497 399 432 138 
101 133 192 0 124 191 237 141 59 106 415 429 363 74 285 385 288 319 393 108 
406 472 316 124 0 410 474 239 145 297 152 458 331 148 418 400 389 226 495 308 
148 257 465 191 410 0 336 312 186 261 202 221 424 281 431 242 489 141 458 396 
241 121 486 237 474 336 0 222 317 313 457 349 330 463 242 50 206 76 85 57 
63 79 178 141 239 312 222 0 435 469 165 224 143 440 192 424 320 356 98 432 
124 119 214 59 145 186 317 435 0 402 439 316 392 244 351 341 437 188 90 386 
84 223 406 106 297 261 313 469 402 0 134 485 231 346 311 282 348 308 489 151 
222 209 229 415 152 202 457 165 439 134 0 491 71 91 473 387 377 449 125 340 
257 384 396 429 458 221 349 224 316 485 491 0 307 172 274 487 454 174 397 436 
457 68 420 363 331 424 330 143 392 231 71 307 0 60 140 476 77 490 288 193 
166 192 410 74 148 281 463 440 244 346 91 172 60 0 322 439 357 388 425 244 
470 227 234 285 418 431 242 192 351 311 473 274 140 322 0 77 300 201 87 274 
372 77 344 385 400 242 50 424 341 282 387 487 476 439 77 0 349 344 321 124 
355 449 497 288 389 489 206 320 437 348 377 454 77 357 300 349 0 92 323 343 
435 327 399 319 226 141 76 356 188 308 449 174 490 388 201 344 92 0 356 268 
405 132 432 393 495 458 85 98 90 489 125 397 288 425 87 321 323 356 0 81 
253 170 138 108 308 396 57 432 386 151 340 436 193 244 274 124 343 268 81 0 

814 0 17
814 1 18
814 2 11
814 3 2
814 4 3
814 5 6
814 6 8
814 7 11
814 8 18
814 9 10
814 10 4
814 11 7
814 12 4
814 13 1
814 14 10
814 15 7
814 16 5
814 17 18
814 18 0
814 19 18
