30 30 4 43

0.3 0 5
0.3 1 7
0.3 2 9
0.3 2 14
0.3 2 26
0.3 2 28
0.3 3 20
0.3 4 18
0.3 4 24
0.3 4 26
0.3 5 8
0.3 5 25
0.3 7 18
0.3 7 26
0.3 8 11
0.3 8 16
0.3 8 18
0.3 8 22
0.3 9 25
0.3 10 13
0.3 10 20
0.3 11 17
0.3 11 27
0.3 12 15
0.3 12 22
0.3 14 23
0.3 14 29
0.3 15 16
0.3 15 19
0.3 15 25
0.3 16 19
0.3 17 22
0.3 17 23
0.3 17 24
0.3 17 28
0.3 18 19
0.3 20 22
0.3 20 26
0.3 21 28
0.3 22 26
0.3 24 27
0.3 25 28
0.3 28 29

0 425 196 99 357 448 447 102 437 79 383 68 454 393 86 425 438 427 91 108 403 183 176 359 381 136 480 407 52 482 
425 0 301 84 340 390 159 198 445 473 224 353 433 395 252 360 170 253 444 321 106 205 319 265 458 175 337 223 374 172 
196 301 0 490 59 132 354 473 326 221 399 331 202 205 134 284 76 296 158 258 89 494 345 381 252 150 428 212 229 420 
99 84 490 0 260 416 233 147 361 88 444 87 381 234 365 223 396 356 189 414 241 442 212 158 321 265 132 65 159 484 
357 340 59 260 0 248 236 364 140 440 407 289 227 366 155 253 462 212 445 165 232 219 384 151 304 369 443 148 280 252 
448 390 132 416 248 0 78 180 334 168 135 276 141 370 107 385 392 181 383 357 370 446 305 360 250 53 281 398 403 149 
447 159 354 233 236 78 0 313 166 185 472 120 255 223 74 378 51 440 312 134 179 401 362 483 483 480 218 108 77 143 
102 198 473 147 364 180 313 0 381 71 215 357 362 273 294 437 275 355 447 189 369 97 306 319 297 456 324 75 51 482 
437 445 326 361 140 334 166 381 0 83 490 122 369 145 466 458 416 138 329 261 333 87 350 364 108 461 381 480 50 258 
79 473 221 88 440 168 185 71 83 0 201 404 495 76 405 454 295 149 339 161 75 305 201 365 455 438 189 50 425 377 
383 224 399 444 407 135 472 215 490 201 0 473 452 104 472 367 240 221 175 204 58 64 439 345 384 483 192 62 110 484 
68 353 331 87 289 276 120 357 122 404 473 0 92 182 106 230 77 74 331 309 151 440 261 416 423 472 385 404 282 465 
454 433 202 381 227 141 255 362 369 495 452 92 0 71 159 305 473 405 438 64 341 361 402 76 105 187 375 324 404 302 
393 395 205 234 366 370 223 273 145 76 104 182 71 0 333 149 296 320 431 246 329 103 136 228 243 466 354 394 110 300 
86 252 134 365 155 107 74 294 466 405 472 106 159 333 0 284 393 309 257 253 359 388 187 220 161 268 101 93 50 246 
425 360 284 223 253 385 378 437 458 454 367 230 305 149 284 0 306 342 190 172 254 299 103 389 374 452 312 222 64 412 
438 170 76 396 462 392 51 275 416 295 240 77 473 296 393 306 0 197 434 385 200 179 488 484 107 420 336 485 141 116 
427 253 296 356 212 181 440 355 138 149 221 74 405 320 309 342 197 0 319 404 215 273 441 276 477 152 72 174 150 453 
91 444 158 189 445 383 312 447 329 339 175 331 438 431 257 190 434 319 0 261 94 168 347 296 218 375 449 75 314 182 
108 321 258 414 165 357 134 189 261 161 204 309 64 246 253 172 385 404 261 0 340 218 292 422 229 475 301 292 313 207 
403 106 89 241 232 370 179 369 333 75 58 151 341 329 359 254 200 215 94 340 0 54 456 488 259 345 498 437 134 103 
183 205 494 442 219 446 401 97 87 305 64 440 361 103 388 299 179 273 168 218 54 0 287 404 153 242 401 362 438 446 
176 319 345 212 384 305 362 306 350 201 439 261 402 136 187 103 488 441 347 292 456 287 0 265 399 104 427 315 339 471 
359 265 381 158 151 360 483 319 364 365 345 416 76 228 220 389 484 276 296 422 488 404 265 0 147 158 356 141 133 394 
381 458 252 321 304 250 483 297 108 455 384 423 105 243 161 374 107 477 218 229 259 153 399 147 0 218 482 369 130 384 
136 175 150 265 369 53 480 456 461 438 483 472 187 466 268 452 420 152 375 475 345 242 104 158 218 0 157 68 407 65 
480 337 428 132 443 281 218 324 381 189 192 385 375 354 101 312 336 72 449 301 498 401 427 356 482 157 0 492 154 477 
407 223 212 65 148 398 108 75 480 50 62 404 324 394 93 222 485 174 75 292 437 362 315 141 369 68 492 0 222 464 
52 374 229 159 280 403 77 51 50 425 110 282 404 110 50 64 141 150 314 313 134 438 339 133 130 407 154 222 0 422 
482 172 420 484 252 149 143 482 258 377 484 465 302 300 246 412 116 453 182 207 103 446 471 394 384 65 477 464 422 0 

640.53 0 8
640.53 1 4
640.53 2 6
640.53 3 10
640.53 4 6
640.53 5 2
640.53 6 3
640.53 7 28
640.53 8 26
640.53 9 0
640.53 10 4
640.53 11 27
640.53 12 4
640.53 13 28
640.53 14 13
640.53 15 25
640.53 16 19
640.53 17 18
640.53 18 28
640.53 19 11
640.53 20 14
640.53 21 23
640.53 22 7
640.53 23 14
640.53 24 12
640.53 25 2
640.53 26 3
640.53 27 2
640.53 28 13
640.53 29 16
