20 20 4 19

0.25 0 6
0.25 0 13
0.25 0 16
0.25 2 5
0.25 2 6
0.25 3 7
0.25 3 17
0.25 4 19
0.25 5 13
0.25 6 10
0.25 6 15
0.25 7 8
0.25 7 13
0.25 8 16
0.25 10 12
0.25 11 14
0.25 11 18
0.25 11 19
0.25 15 18

0 423 472 96 288 282 421 415 312 61 208 427 153 264 253 383 125 378 147 88 
423 0 450 302 390 64 51 267 227 274 106 151 118 282 232 147 277 321 431 57 
472 450 0 402 469 169 449 173 455 302 432 402 319 284 334 462 338 236 371 146 
96 302 402 0 87 434 479 271 234 480 156 249 405 154 443 375 307 459 340 392 
288 390 469 87 0 252 252 287 405 67 85 413 305 460 289 362 110 389 232 101 
282 64 169 434 252 0 158 102 404 291 184 336 93 196 379 243 487 185 66 393 
421 51 449 479 252 158 0 116 487 250 471 203 195 262 302 365 302 79 335 179 
415 267 173 271 287 102 116 0 413 186 206 353 261 309 113 466 439 354 304 276 
312 227 455 234 405 404 487 413 0 224 157 240 229 330 404 409 496 94 115 235 
61 274 302 480 67 291 250 186 224 0 143 107 126 363 414 60 365 297 243 420 
208 106 432 156 85 184 471 206 157 143 0 95 420 418 368 227 99 288 450 329 
427 151 402 249 413 336 203 353 240 107 95 0 493 78 447 218 409 469 317 360 
153 118 319 405 305 93 195 261 229 126 420 493 0 275 315 96 440 343 173 230 
264 282 284 154 460 196 262 309 330 363 418 78 275 0 336 296 496 83 431 182 
253 232 334 443 289 379 302 113 404 414 368 447 315 336 0 135 223 103 402 290 
383 147 462 375 362 243 365 466 409 60 227 218 96 296 135 0 275 418 200 307 
125 277 338 307 110 487 302 439 496 365 99 409 440 496 223 275 0 311 166 473 
378 321 236 459 389 185 79 354 94 297 288 469 343 83 103 418 311 0 116 229 
147 431 371 340 232 66 335 304 115 243 450 317 173 431 402 200 166 116 0 79 
88 57 146 392 101 393 179 276 235 420 329 360 230 182 290 307 473 229 79 0 

390.75 0 18
390.75 1 5
390.75 2 9
390.75 3 13
390.75 4 8
390.75 5 14
390.75 6 7
390.75 7 17
390.75 8 9
390.75 9 2
390.75 10 11
390.75 11 6
390.75 12 13
390.75 13 15
390.75 14 5
390.75 15 0
390.75 16 0
390.75 17 18
390.75 18 2
390.75 19 3
