30 30 4 43

0.3 0 14
0.3 0 25
0.3 1 6
0.3 1 13
0.3 1 14
0.3 2 8
0.3 2 14
0.3 2 18
0.3 2 21
0.3 3 21
0.3 3 24
0.3 4 9
0.3 4 29
0.3 5 23
0.3 6 15
0.3 6 22
0.3 7 9
0.3 7 10
0.3 7 21
0.3 7 24
0.3 7 27
0.3 8 14
0.3 8 27
0.3 8 29
0.3 9 16
0.3 9 27
0.3 10 16
0.3 10 25
0.3 11 14
0.3 11 15
0.3 12 20
0.3 14 26
0.3 15 27
0.3 16 18
0.3 17 22
0.3 17 26
0.3 18 22
0.3 18 25
0.3 18 29
0.3 19 21
0.3 19 29
0.3 21 25
0.3 21 28

0 408 193 396 403 93 303 148 255 242 58 261 312 372 70 133 378 477 222 500 97 68 117 494 181 109 292 268 436 355 
408 0 72 454 222 164 209 449 468 374 378 105 355 75 437 477 176 431 61 233 77 141 350 250 50 318 241 126 468 109 
193 72 0 330 258 330 471 255 183 249 408 244 474 78 241 291 153 91 310 174 121 178 384 411 358 266 197 428 498 355 
396 454 330 0 215 494 480 100 370 450 480 324 60 232 61 60 314 488 93 64 434 476 354 293 223 93 376 109 50 497 
403 222 258 215 0 238 247 297 367 88 357 310 304 383 99 348 123 279 337 407 149 438 269 363 123 414 303 251 235 76 
93 164 330 494 238 0 172 219 206 499 154 419 269 239 97 316 165 113 431 390 293 237 111 380 164 445 319 426 124 352 
303 209 471 480 247 172 0 356 265 321 358 457 266 491 324 88 119 282 445 305 481 199 497 269 102 268 435 56 428 497 
148 449 255 100 297 219 356 0 321 369 211 179 331 408 404 79 170 308 66 355 228 301 77 173 496 302 120 398 51 469 
255 468 183 370 367 206 265 321 0 249 102 285 137 207 71 405 195 224 328 260 197 95 93 306 158 201 291 302 325 182 
242 374 249 450 88 499 321 369 249 0 319 162 465 95 90 485 229 266 387 159 251 210 495 93 58 332 234 309 353 424 
58 378 408 480 357 154 358 211 102 319 0 150 340 152 414 69 191 84 122 180 141 93 303 229 407 475 240 423 57 226 
261 105 244 324 310 419 457 179 285 162 150 0 221 481 290 68 442 242 222 457 89 349 391 396 157 274 442 443 430 214 
312 355 474 60 304 269 266 331 137 465 340 221 0 355 306 191 350 163 341 347 458 444 379 397 371 447 452 135 154 484 
372 75 78 232 383 239 491 408 207 95 152 481 355 0 245 114 187 355 373 109 80 164 485 448 493 76 492 420 73 233 
70 437 241 61 99 97 324 404 71 90 414 290 306 245 0 377 455 119 198 468 213 489 85 457 376 477 142 177 108 350 
133 477 291 60 348 316 88 79 405 485 69 68 191 114 377 0 301 491 271 156 228 92 322 394 251 311 491 326 304 344 
378 176 153 314 123 165 119 170 195 229 191 442 350 187 455 301 0 481 414 152 193 163 183 476 54 291 467 361 158 463 
477 431 91 488 279 113 282 308 224 266 84 242 163 355 119 491 481 0 392 305 309 469 336 256 419 383 122 335 479 408 
222 61 310 93 337 431 445 66 328 387 122 222 341 373 198 271 414 392 0 86 483 270 367 144 430 418 437 73 431 147 
500 233 174 64 407 390 305 355 260 159 180 457 347 109 468 156 152 305 86 0 498 311 100 485 400 162 249 453 190 121 
97 77 121 434 149 293 481 228 197 251 141 89 458 80 213 228 193 309 483 498 0 427 379 146 72 131 98 325 95 142 
68 141 178 476 438 237 199 301 95 210 93 349 444 164 489 92 163 469 270 311 427 0 423 229 378 500 454 490 472 284 
117 350 384 354 269 111 497 77 93 495 303 391 379 485 85 322 183 336 367 100 379 423 0 469 112 363 491 75 214 261 
494 250 411 293 363 380 269 173 306 93 229 396 397 448 457 394 476 256 144 485 146 229 469 0 172 135 187 468 499 188 
181 50 358 223 123 164 102 496 158 58 407 157 371 493 376 251 54 419 430 400 72 378 112 172 0 175 371 446 53 256 
109 318 266 93 414 445 268 302 201 332 475 274 447 76 477 311 291 383 418 162 131 500 363 135 175 0 359 123 203 181 
292 241 197 376 303 319 435 120 291 234 240 442 452 492 142 491 467 122 437 249 98 454 491 187 371 359 0 421 280 393 
268 126 428 109 251 426 56 398 302 309 423 443 135 420 177 326 361 335 73 453 325 490 75 468 446 123 421 0 227 466 
436 468 498 50 235 124 428 51 325 353 57 430 154 73 108 304 158 479 431 190 95 472 214 499 53 203 280 227 0 91 
355 109 355 497 76 352 497 469 182 424 226 214 484 233 350 344 463 408 147 121 142 284 261 188 256 181 393 466 91 0 

651.09 0 5
651.09 1 25
651.09 2 1
651.09 3 0
651.09 4 23
651.09 5 12
651.09 6 11
651.09 7 11
651.09 8 26
651.09 9 10
651.09 10 0
651.09 11 5
651.09 12 14
651.09 13 22
651.09 14 27
651.09 15 8
651.09 16 25
651.09 17 19
651.09 18 26
651.09 19 23
651.09 20 10
651.09 21 19
651.09 22 26
651.09 23 0
651.09 24 9
651.09 25 1
651.09 26 8
651.09 27 13
651.09 28 18
651.09 29 27
