30 30 3 108

0.25 0 4
0.25 0 5
0.25 0 11
0.25 0 12
0.25 0 13
0.25 0 14
0.25 0 16
0.25 0 24
0.25 0 25
0.25 1 4
0.25 1 7
0.25 1 18
0.25 1 19
0.25 1 22
0.25 1 25
0.25 1 27
0.25 2 7
0.25 2 11
0.25 2 17
0.25 2 22
0.25 2 23
0.25 2 25
0.25 3 8
0.25 3 9
0.25 3 14
0.25 3 25
0.25 3 29
0.25 4 5
0.25 4 21
0.25 4 25
0.25 4 28
0.25 5 10
0.25 5 12
0.25 5 13
0.25 5 19
0.25 5 26
0.25 6 8
0.25 6 9
0.25 6 10
0.25 6 14
0.25 6 15
0.25 6 18
0.25 6 19
0.25 6 23
0.25 6 24
0.25 7 9
0.25 7 11
0.25 7 12
0.25 7 17
0.25 7 19
0.25 7 28
0.25 7 29
0.25 8 16
0.25 8 18
0.25 8 20
0.25 8 22
0.25 8 23
0.25 8 24
0.25 9 10
0.25 9 11
0.25 9 12
0.25 9 19
0.25 9 26
0.25 9 28
0.25 10 12
0.25 10 29
0.25 11 12
0.25 11 17
0.25 11 22
0.25 11 23
0.25 11 24
0.25 11 27
0.25 11 28
0.25 12 27
0.25 12 28
0.25 13 17
0.25 14 16
0.25 14 18
0.25 14 19
0.25 14 21
0.25 14 25
0.25 14 29
0.25 15 19
0.25 15 20
0.25 15 21
0.25 15 24
0.25 16 18
0.25 16 19
0.25 16 20
0.25 16 28
0.25 16 29
0.25 17 27
0.25 17 28
0.25 18 19
0.25 18 24
0.25 18 27
0.25 19 21
0.25 19 24
0.25 20 21
0.25 20 28
0.25 21 23
0.25 21 25
0.25 22 27
0.25 24 28
0.25 24 29
0.25 26 27
0.25 26 29
0.25 27 29

0 299 327 408 431 94 312 413 440 121 259 97 125 244 281 378 134 443 395 297 129 183 500 112 196 100 436 225 276 288 
299 0 73 311 283 351 234 148 402 245 311 405 123 358 430 381 390 495 110 158 425 221 119 197 232 114 401 235 204 151 
327 73 0 266 130 292 238 279 333 234 117 375 55 284 138 98 324 301 263 78 201 345 215 404 470 267 452 288 469 481 
408 311 266 0 306 192 453 460 445 408 203 157 310 288 405 399 64 341 123 191 443 161 241 101 195 363 446 189 185 271 
431 283 130 306 0 294 271 263 435 50 470 101 481 295 432 124 478 119 262 355 202 144 181 216 56 248 285 215 136 62 
94 351 292 192 294 0 77 208 356 485 338 483 56 129 399 162 229 170 101 433 266 399 458 334 451 164 256 223 410 205 
312 234 238 453 271 77 0 354 108 259 438 440 50 431 481 390 202 230 245 291 420 199 494 431 296 301 252 89 423 406 
413 148 279 460 263 208 354 0 452 499 138 496 446 218 54 119 132 395 174 139 390 244 176 459 399 394 349 373 275 355 
440 402 333 445 435 356 108 452 0 177 192 418 54 176 404 164 416 491 50 432 273 283 284 362 269 347 229 375 331 321 
121 245 234 408 50 485 259 499 177 0 216 295 177 91 497 469 206 198 156 188 391 450 178 430 443 271 115 324 353 85 
259 311 117 203 470 338 438 138 192 216 0 104 205 299 241 500 242 150 278 210 378 396 65 77 303 295 303 335 314 336 
97 405 375 157 101 483 440 496 418 295 104 0 315 284 166 88 412 78 115 479 328 363 455 283 321 353 343 334 204 151 
125 123 55 310 481 56 50 446 54 177 205 315 0 142 497 144 153 500 478 424 188 375 229 378 159 428 366 172 434 388 
244 358 284 288 295 129 431 218 176 91 299 284 142 0 394 90 359 397 481 104 242 96 176 209 136 297 197 63 138 149 
281 430 138 405 432 399 481 54 404 497 241 166 497 394 0 337 164 121 57 88 112 61 305 240 251 251 396 399 245 61 
378 381 98 399 124 162 390 119 164 469 500 88 144 90 337 0 497 340 472 394 85 283 335 127 117 197 343 426 267 321 
134 390 324 64 478 229 202 132 416 206 242 412 153 359 164 497 0 286 489 178 96 313 81 91 204 447 198 113 467 444 
443 495 301 341 119 170 230 395 491 198 150 78 500 397 121 340 286 0 348 301 495 431 500 230 387 260 455 471 466 257 
395 110 263 123 262 101 245 174 50 156 278 115 478 481 57 472 489 348 0 201 327 172 324 463 351 224 271 329 372 295 
297 158 78 191 355 433 291 139 432 188 210 479 424 104 88 394 178 301 201 0 185 292 482 106 438 105 446 215 392 411 
129 425 201 443 202 266 420 390 273 391 378 328 188 242 112 85 96 495 327 185 0 77 395 184 471 103 413 70 78 222 
183 221 345 161 144 399 199 244 283 450 396 363 375 96 61 283 313 431 172 292 77 0 393 191 59 181 174 477 343 166 
500 119 215 241 181 458 494 176 284 178 65 455 229 176 305 335 81 500 324 482 395 393 0 232 384 379 392 170 220 58 
112 197 404 101 216 334 431 459 362 430 77 283 378 209 240 127 91 230 463 106 184 191 232 0 305 257 172 291 450 457 
196 232 470 195 56 451 296 399 269 443 303 321 159 136 251 117 204 387 351 438 471 59 384 305 0 274 104 178 119 215 
100 114 267 363 248 164 301 394 347 271 295 353 428 297 251 197 447 260 224 105 103 181 379 257 274 0 203 82 404 436 
436 401 452 446 285 256 252 349 229 115 303 343 366 197 396 343 198 455 271 446 413 174 392 172 104 203 0 415 119 406 
225 235 288 189 215 223 89 373 375 324 335 334 172 63 399 426 113 471 329 215 70 477 170 291 178 82 415 0 360 284 
276 204 469 185 136 410 423 275 331 353 314 204 434 138 245 267 467 466 372 392 78 343 220 450 119 404 119 360 0 339 
288 151 481 271 62 205 406 355 321 85 336 151 388 149 61 321 444 257 295 411 222 166 58 457 215 436 406 284 339 0 

652.74 0 5
652.74 1 28
652.74 2 25
652.74 3 22
652.74 4 19
652.74 5 21
652.74 6 16
652.74 7 17
652.74 8 10
652.74 9 0
652.74 10 15
652.74 11 17
652.74 12 9
652.74 13 23
652.74 14 5
652.74 15 5
652.74 16 15
652.74 17 16
652.74 18 27
652.74 19 15
652.74 20 26
652.74 21 22
652.74 22 28
652.74 23 27
652.74 24 23
652.74 25 0
652.74 26 23
652.74 27 17
652.74 28 4
652.74 29 12
