20 20 4 19

0.25 0 11
0.25 0 17
0.25 1 10
0.25 2 4
0.25 2 6
0.25 2 10
0.25 2 12
0.25 2 18
0.25 3 6
0.25 4 6
0.25 5 10
0.25 6 9
0.25 8 15
0.25 8 16
0.25 9 10
0.25 9 12
0.25 9 13
0.25 10 13
0.25 13 19

0 334 209 96 472 437 242 253 296 94 109 117 420 376 62 58 297 76 163 459 
334 0 455 269 482 321 415 52 385 354 218 91 198 233 271 323 375 149 120 160 
209 455 0 439 264 114 361 164 201 258 53 302 322 350 379 252 261 219 139 256 
96 269 439 0 352 483 137 390 129 64 421 385 177 188 206 141 67 374 493 468 
472 482 264 352 0 68 309 70 301 412 61 337 212 365 376 405 460 260 219 441 
437 321 114 483 68 0 55 56 155 401 312 394 233 321 140 192 173 361 189 244 
242 415 361 137 309 55 0 318 383 335 426 86 284 415 332 441 393 314 447 190 
253 52 164 390 70 56 318 0 276 476 471 173 498 160 73 299 99 59 342 144 
296 385 201 129 301 155 383 276 0 383 70 194 208 388 412 56 455 124 112 50 
94 354 258 64 412 401 335 476 383 0 296 398 373 456 216 468 173 489 117 239 
109 218 53 421 61 312 426 471 70 296 0 262 106 169 443 214 217 223 163 253 
117 91 302 385 337 394 86 173 194 398 262 0 132 479 144 374 170 204 337 346 
420 198 322 177 212 233 284 498 208 373 106 132 0 500 450 111 115 99 394 369 
376 233 350 188 365 321 415 160 388 456 169 479 500 0 440 169 67 98 374 122 
62 271 379 206 376 140 332 73 412 216 443 144 450 440 0 249 120 403 363 416 
58 323 252 141 405 192 441 299 56 468 214 374 111 169 249 0 261 346 249 458 
297 375 261 67 460 173 393 99 455 173 217 170 115 67 120 261 0 424 93 114 
76 149 219 374 260 361 314 59 124 489 223 204 99 98 403 346 424 0 236 135 
163 120 139 493 219 189 447 342 112 117 163 337 394 374 363 249 93 236 0 353 
459 160 256 468 441 244 190 144 50 239 253 346 369 122 416 458 114 135 353 0 

317.5 0 11
317.5 1 0
317.5 2 14
317.5 3 14
317.5 4 2
317.5 5 2
317.5 6 5
317.5 7 2
317.5 8 15
317.5 9 16
317.5 10 4
317.5 11 12
317.5 12 2
317.5 13 14
317.5 14 16
317.5 15 17
317.5 16 9
317.5 17 4
317.5 18 1
317.5 19 18
