10 10 4 9

0.3 1 2
0.3 1 4
0.3 1 7
0.3 1 9
0.3 2 6
0.3 3 4
0.3 3 8
0.3 5 7
0.3 5 9

0 224 205 366 214 155 276 493 210 171 
224 0 351 256 335 422 167 248 117 132 
205 351 0 412 481 334 228 143 447 69 
366 256 412 0 241 268 162 500 140 359 
214 335 481 241 0 78 141 235 272 80 
155 422 334 268 78 0 378 412 53 381 
276 167 228 162 141 378 0 112 212 280 
493 248 143 500 235 412 112 0 478 364 
210 117 447 140 272 53 212 478 0 355 
171 132 69 359 80 381 280 364 355 0 

311.85 0 6
311.85 1 4
311.85 2 3
311.85 3 6
311.85 4 3
311.85 5 6
311.85 6 3
311.85 7 0
311.85 8 2
311.85 9 1
