40 40 3 156

0.2 0 6
0.2 0 12
0.2 0 29
0.2 0 31
0.2 0 35
0.2 0 36
0.2 1 2
0.2 1 4
0.2 1 7
0.2 1 12
0.2 1 15
0.2 1 26
0.2 1 37
0.2 2 6
0.2 2 12
0.2 2 14
0.2 2 16
0.2 2 17
0.2 2 22
0.2 2 23
0.2 2 28
0.2 3 5
0.2 3 9
0.2 3 13
0.2 3 17
0.2 3 20
0.2 3 31
0.2 3 39
0.2 4 7
0.2 4 11
0.2 4 13
0.2 4 17
0.2 4 18
0.2 4 23
0.2 4 24
0.2 4 27
0.2 4 35
0.2 4 37
0.2 5 6
0.2 5 17
0.2 5 18
0.2 5 22
0.2 5 23
0.2 5 34
0.2 5 39
0.2 6 10
0.2 6 11
0.2 6 19
0.2 6 20
0.2 6 22
0.2 6 24
0.2 6 27
0.2 6 29
0.2 6 32
0.2 7 13
0.2 7 14
0.2 7 20
0.2 7 21
0.2 7 24
0.2 7 25
0.2 7 28
0.2 7 29
0.2 7 37
0.2 8 10
0.2 8 13
0.2 8 25
0.2 8 26
0.2 9 11
0.2 9 12
0.2 9 19
0.2 9 21
0.2 9 29
0.2 9 34
0.2 9 38
0.2 10 12
0.2 10 23
0.2 10 26
0.2 10 27
0.2 10 31
0.2 10 37
0.2 11 16
0.2 11 17
0.2 11 19
0.2 11 25
0.2 11 31
0.2 11 34
0.2 11 39
0.2 12 17
0.2 12 21
0.2 12 23
0.2 12 27
0.2 12 28
0.2 12 30
0.2 12 31
0.2 13 17
0.2 13 38
0.2 13 39
0.2 14 19
0.2 14 27
0.2 14 28
0.2 14 34
0.2 15 16
0.2 15 20
0.2 15 27
0.2 15 34
0.2 15 38
0.2 15 39
0.2 16 17
0.2 16 19
0.2 16 24
0.2 16 28
0.2 16 31
0.2 17 21
0.2 17 22
0.2 17 23
0.2 18 29
0.2 18 37
0.2 19 21
0.2 19 22
0.2 19 33
0.2 19 35
0.2 19 36
0.2 19 37
0.2 20 23
0.2 20 26
0.2 20 27
0.2 20 36
0.2 21 23
0.2 21 26
0.2 21 31
0.2 21 33
0.2 22 36
0.2 23 25
0.2 24 28
0.2 24 29
0.2 24 31
0.2 24 36
0.2 25 27
0.2 25 31
0.2 25 37
0.2 25 39
0.2 26 29
0.2 26 30
0.2 26 32
0.2 26 38
0.2 27 30
0.2 27 34
0.2 28 39
0.2 29 34
0.2 29 39
0.2 30 35
0.2 30 39
0.2 32 39
0.2 33 38
0.2 34 36
0.2 34 38

0 398 73 211 172 62 69 329 345 316 472 358 471 391 422 425 51 78 93 444 434 262 231 201 296 253 71 254 230 291 486 85 199 74 170 64 197 201 169 305 
398 0 117 422 439 289 281 395 438 281 200 85 287 101 451 60 469 339 154 275 222 64 379 137 386 210 488 216 421 276 251 197 464 305 64 272 106 171 335 395 
73 117 0 236 414 199 94 93 62 76 111 315 180 147 319 313 145 171 302 144 385 163 400 297 229 79 455 329 154 372 313 235 193 100 240 180 378 274 151 103 
211 422 236 0 496 329 89 132 449 229 272 173 253 105 96 332 452 361 198 66 106 420 380 284 366 229 428 493 259 227 468 348 254 359 224 473 206 389 291 151 
172 439 414 496 0 298 397 477 217 483 240 136 222 494 422 158 494 203 233 287 68 493 247 286 81 400 70 490 381 403 122 164 334 463 154 298 281 231 62 186 
62 289 199 329 298 0 220 367 130 296 459 459 163 372 218 365 399 242 220 146 388 372 84 243 314 217 185 106 320 476 490 308 207 348 384 463 257 305 329 152 
69 281 94 89 397 220 0 316 159 224 442 185 499 408 66 429 373 496 320 173 58 437 109 260 155 216 388 481 87 436 371 94 298 384 458 186 384 394 270 54 
329 395 93 132 477 367 316 0 138 181 275 84 396 442 209 213 212 367 472 61 430 64 211 147 146 195 437 445 129 283 97 241 75 194 320 58 447 304 395 108 
345 438 62 449 217 130 159 138 0 124 353 175 50 229 105 114 171 306 193 298 420 486 136 194 465 102 421 240 310 51 182 111 476 77 126 225 238 201 235 465 
316 281 76 229 483 296 224 181 124 0 242 265 330 199 270 57 288 52 417 464 55 187 263 441 449 395 116 257 143 229 360 226 474 216 214 380 354 172 219 378 
472 200 111 272 240 459 442 275 353 242 0 193 123 463 381 328 474 401 347 460 462 464 179 233 149 267 337 336 316 119 306 101 126 486 261 228 80 227 347 133 
358 85 315 173 136 459 185 84 175 265 193 0 201 108 425 262 147 274 297 451 67 419 357 300 456 133 137 127 461 67 361 367 342 256 263 215 55 472 292 375 
471 287 180 253 222 163 499 396 50 330 123 201 0 285 475 443 169 446 452 271 205 115 376 320 235 208 282 194 333 78 429 293 473 234 488 275 122 480 343 493 
391 101 147 105 494 372 408 442 229 199 463 108 285 0 484 233 398 133 205 259 443 348 305 430 98 372 238 463 73 385 323 236 312 431 219 471 397 383 197 342 
422 451 319 96 422 218 66 209 105 270 381 425 475 484 0 224 329 449 325 311 161 232 105 335 215 437 396 193 52 478 146 190 238 324 491 378 72 406 216 135 
425 60 313 332 158 365 429 213 114 57 328 262 443 233 224 0 359 203 291 72 429 133 455 136 88 380 383 237 167 118 314 389 118 459 188 110 217 242 156 380 
51 469 145 452 494 399 373 212 171 288 474 147 169 398 329 359 0 101 82 408 230 443 242 347 242 77 456 306 424 164 57 500 68 278 293 62 321 246 373 73 
78 339 171 361 203 242 496 367 306 52 401 274 446 133 449 203 101 0 392 251 465 240 120 177 362 292 479 181 465 236 214 197 141 201 213 366 150 351 74 61 
93 154 302 198 233 220 320 472 193 417 347 297 452 205 325 291 82 392 0 242 101 269 440 349 271 335 90 425 310 235 184 309 377 367 336 67 205 174 410 397 
444 275 144 66 287 146 173 61 298 464 460 451 271 259 311 72 408 251 242 0 448 362 135 476 493 262 83 201 160 87 243 391 409 222 92 389 228 351 409 349 
434 222 385 106 68 388 58 430 420 55 462 67 205 443 161 429 230 465 101 448 0 245 83 484 388 341 171 63 477 407 399 146 238 442 282 218 263 424 259 377 
262 64 163 420 493 372 437 64 486 187 464 419 115 348 232 133 443 240 269 362 245 0 115 432 407 256 176 380 198 251 222 414 291 300 250 128 157 314 54 395 
231 379 400 380 247 84 109 211 136 263 179 357 376 305 105 455 242 120 440 135 83 115 0 281 83 300 110 386 84 197 357 112 227 119 169 489 446 470 388 450 
201 137 297 284 286 243 260 147 194 441 233 300 320 430 335 136 347 177 349 476 484 432 281 0 230 289 414 311 177 383 356 453 397 208 352 408 225 152 476 400 
296 386 229 366 81 314 155 146 465 449 149 456 235 98 215 88 242 362 271 493 388 407 83 230 0 117 461 170 418 399 125 270 60 127 111 407 155 97 220 62 
253 210 79 229 400 217 216 195 102 395 267 133 208 372 437 380 77 292 335 262 341 256 300 289 117 0 322 57 171 439 239 394 120 120 394 452 123 85 67 141 
71 488 455 428 70 185 388 437 421 116 337 137 282 238 396 383 456 479 90 83 171 176 110 414 461 322 0 437 269 266 255 399 295 155 484 60 190 479 119 281 
254 216 329 493 490 106 481 445 240 257 336 127 194 463 193 237 306 181 425 201 63 380 386 311 170 57 437 0 228 317 270 231 241 67 328 463 168 388 366 421 
230 421 154 259 381 320 87 129 310 143 316 461 333 73 52 167 424 465 310 160 477 198 84 177 418 171 269 228 0 316 212 164 441 182 464 292 473 273 292 51 
291 276 372 227 403 476 436 283 51 229 119 67 78 385 478 118 164 236 235 87 407 251 197 383 399 439 266 317 316 0 278 110 111 267 397 178 284 266 150 234 
486 251 313 468 122 490 371 97 182 360 306 361 429 323 146 314 57 214 184 243 399 222 357 356 125 239 255 270 212 278 0 459 406 364 350 258 360 216 317 305 
85 197 235 348 164 308 94 241 111 226 101 367 293 236 190 389 500 197 309 391 146 414 112 453 270 394 399 231 164 110 459 0 347 206 134 63 376 180 411 306 
199 464 193 254 334 207 298 75 476 474 126 342 473 312 238 118 68 141 377 409 238 291 227 397 60 120 295 241 441 111 406 347 0 71 167 400 341 144 436 335 
74 305 100 359 463 348 384 194 77 216 486 256 234 431 324 459 278 201 367 222 442 300 119 208 127 120 155 67 182 267 364 206 71 0 296 144 237 440 174 115 
170 64 240 224 154 384 458 320 126 214 261 263 488 219 491 188 293 213 336 92 282 250 169 352 111 394 484 328 464 397 350 134 167 296 0 486 81 68 409 163 
64 272 180 473 298 463 186 58 225 380 228 215 275 471 378 110 62 366 67 389 218 128 489 408 407 452 60 463 292 178 258 63 400 144 486 0 121 325 204 471 
197 106 378 206 281 257 384 447 238 354 80 55 122 397 72 217 321 150 205 228 263 157 446 225 155 123 190 168 473 284 360 376 341 237 81 121 0 451 454 217 
201 171 274 389 231 305 394 304 201 172 227 472 480 383 406 242 246 351 174 351 424 314 470 152 97 85 479 388 273 266 216 180 144 440 68 325 451 0 385 167 
169 335 151 291 62 329 270 395 235 219 347 292 343 197 216 156 373 74 410 409 259 54 388 476 220 67 119 366 292 150 317 411 436 174 409 204 454 385 0 79 
305 395 103 151 186 152 54 108 465 378 133 375 493 342 135 380 73 61 397 349 377 395 450 400 62 141 281 421 51 234 305 306 335 115 163 471 217 167 79 0 

613.75 0 35
613.75 1 27
613.75 2 18
613.75 3 16
613.75 4 15
613.75 5 15
613.75 6 9
613.75 7 30
613.75 8 35
613.75 9 17
613.75 10 22
613.75 11 13
613.75 12 19
613.75 13 20
613.75 14 7
613.75 15 38
613.75 16 30
613.75 17 21
613.75 18 23
613.75 19 23
613.75 20 13
613.75 21 22
613.75 22 5
613.75 23 34
613.75 24 18
613.75 25 35
613.75 26 14
613.75 27 9
613.75 28 33
613.75 29 21
613.75 30 21
613.75 31 29
613.75 32 37
613.75 33 0
613.75 34 35
613.75 35 14
613.75 36 5
613.75 37 4
613.75 38 33
613.75 39 1
