20 20 4 38

0.4 0 5
0.4 1 2
0.4 1 4
0.4 1 12
0.4 1 13
0.4 1 14
0.4 2 9
0.4 3 15
0.4 4 10
0.4 4 11
0.4 4 13
0.4 5 15
0.4 6 11
0.4 6 12
0.4 6 14
0.4 6 18
0.4 7 13
0.4 7 16
0.4 7 18
0.4 8 11
0.4 8 12
0.4 8 13
0.4 8 14
0.4 9 12
0.4 9 14
0.4 9 16
0.4 9 18
0.4 10 13
0.4 10 14
0.4 10 15
0.4 11 12
0.4 11 16
0.4 12 15
0.4 12 19
0.4 13 14
0.4 13 15
0.4 14 19
0.4 15 19

0 364 80 446 359 479 142 189 472 168 377 192 376 295 198 319 494 81 363 410 
364 0 225 208 499 394 153 360 463 102 184 494 256 181 455 330 266 312 424 151 
80 225 0 288 317 212 290 77 242 162 204 101 58 481 125 384 74 393 413 355 
446 208 288 0 121 254 321 135 91 435 167 311 244 318 166 139 448 377 260 151 
359 499 317 121 0 343 162 405 249 173 211 465 190 388 336 125 97 143 414 373 
479 394 212 254 343 0 384 111 173 140 316 63 388 87 80 64 397 407 247 126 
142 153 290 321 162 384 0 413 488 84 257 259 334 199 248 326 491 202 111 347 
189 360 77 135 405 111 413 0 407 92 350 262 224 378 92 393 335 242 409 335 
472 463 242 91 249 173 488 407 0 101 382 262 430 229 295 158 352 271 327 352 
168 102 162 435 173 140 84 92 101 0 284 382 141 192 442 363 289 272 110 240 
377 184 204 167 211 316 257 350 382 284 0 249 308 429 439 298 129 490 343 174 
192 494 101 311 465 63 259 262 262 382 249 0 320 246 183 486 293 256 88 121 
376 256 58 244 190 388 334 224 430 141 308 320 0 363 483 298 434 69 299 349 
295 181 481 318 388 87 199 378 229 192 429 246 363 0 370 197 262 393 352 487 
198 455 125 166 336 80 248 92 295 442 439 183 483 370 0 170 482 132 326 496 
319 330 384 139 125 64 326 393 158 363 298 486 298 197 170 0 303 270 317 468 
494 266 74 448 97 397 491 335 352 289 129 293 434 262 482 303 0 159 245 453 
81 312 393 377 143 407 202 242 271 272 490 256 69 393 132 270 159 0 202 165 
363 424 413 260 414 247 111 409 327 110 343 88 299 352 326 317 245 202 0 215 
410 151 355 151 373 126 347 335 352 240 174 121 349 487 496 468 453 165 215 0 

824.5 0 12
824.5 1 9
824.5 2 10
824.5 3 4
824.5 4 12
824.5 5 7
824.5 6 13
824.5 7 3
824.5 8 10
824.5 9 7
824.5 10 13
824.5 11 18
824.5 12 9
824.5 13 1
824.5 14 9
824.5 15 16
824.5 16 1
824.5 17 2
824.5 18 8
824.5 19 0
