10 10 3 11

0.25 0 2
0.25 0 8
0.25 1 2
0.25 1 3
0.25 1 8
0.25 2 4
0.25 2 5
0.25 3 6
0.25 3 8
0.25 4 9
0.25 5 8

0 304 67 50 133 370 457 474 143 175 
304 0 314 410 498 141 208 196 57 445 
67 314 0 426 128 440 195 349 436 395 
50 410 426 0 421 269 74 252 154 460 
133 498 128 421 0 490 168 180 281 365 
370 141 440 269 490 0 240 340 249 471 
457 208 195 74 168 240 0 356 154 100 
474 196 349 252 180 340 356 0 190 60 
143 57 436 154 281 249 154 190 0 239 
175 445 395 460 365 471 100 60 239 0 

270.6 0 1
270.6 1 2
270.6 2 3
270.6 3 4
270.6 4 7
270.6 5 1
270.6 6 7
270.6 7 3
270.6 8 7
270.6 9 0
