50 50 4 306

0.2 0 2
0.2 0 11
0.2 0 12
0.2 0 23
0.2 0 31
0.2 0 32
0.2 0 35
0.2 0 41
0.2 0 42
0.2 1 4
0.2 1 5
0.2 1 8
0.2 1 9
0.2 1 10
0.2 1 14
0.2 1 22
0.2 1 25
0.2 1 33
0.2 1 34
0.2 1 39
0.2 1 41
0.2 1 45
0.2 1 46
0.2 1 47
0.2 2 13
0.2 2 14
0.2 2 20
0.2 2 23
0.2 2 29
0.2 2 32
0.2 2 37
0.2 2 40
0.2 3 5
0.2 3 10
0.2 3 12
0.2 3 13
0.2 3 15
0.2 3 16
0.2 3 20
0.2 3 23
0.2 3 24
0.2 3 32
0.2 3 34
0.2 3 41
0.2 3 42
0.2 3 49
0.2 4 6
0.2 4 13
0.2 4 16
0.2 4 23
0.2 4 24
0.2 4 26
0.2 4 33
0.2 4 38
0.2 4 41
0.2 4 44
0.2 4 45
0.2 4 48
0.2 5 6
0.2 5 7
0.2 5 9
0.2 5 11
0.2 5 13
0.2 5 26
0.2 5 30
0.2 5 31
0.2 5 35
0.2 5 37
0.2 5 39
0.2 5 47
0.2 6 16
0.2 6 17
0.2 6 19
0.2 6 28
0.2 6 31
0.2 6 33
0.2 6 40
0.2 6 41
0.2 6 42
0.2 6 46
0.2 6 47
0.2 6 48
0.2 6 49
0.2 7 12
0.2 7 18
0.2 7 25
0.2 7 32
0.2 7 34
0.2 7 39
0.2 7 40
0.2 8 11
0.2 8 12
0.2 8 24
0.2 8 32
0.2 8 35
0.2 8 48
0.2 9 10
0.2 9 14
0.2 9 22
0.2 9 26
0.2 9 29
0.2 9 38
0.2 9 41
0.2 9 47
0.2 9 48
0.2 10 12
0.2 10 17
0.2 10 18
0.2 10 19
0.2 10 21
0.2 10 22
0.2 10 26
0.2 10 31
0.2 10 34
0.2 10 35
0.2 10 36
0.2 10 39
0.2 10 47
0.2 10 48
0.2 11 18
0.2 11 26
0.2 11 36
0.2 11 38
0.2 11 41
0.2 12 13
0.2 12 20
0.2 12 22
0.2 12 26
0.2 12 32
0.2 12 38
0.2 12 40
0.2 12 42
0.2 12 46
0.2 12 48
0.2 12 49
0.2 13 15
0.2 13 20
0.2 13 21
0.2 13 24
0.2 13 25
0.2 13 28
0.2 13 33
0.2 13 40
0.2 13 46
0.2 13 47
0.2 13 48
0.2 14 15
0.2 14 18
0.2 14 21
0.2 14 30
0.2 14 33
0.2 14 39
0.2 14 42
0.2 15 22
0.2 15 25
0.2 15 31
0.2 15 32
0.2 15 36
0.2 15 45
0.2 15 46
0.2 15 49
0.2 16 21
0.2 16 22
0.2 16 23
0.2 16 26
0.2 16 27
0.2 16 30
0.2 16 32
0.2 16 33
0.2 16 34
0.2 16 36
0.2 16 41
0.2 16 42
0.2 16 49
0.2 17 18
0.2 17 28
0.2 17 34
0.2 17 35
0.2 17 36
0.2 17 40
0.2 17 42
0.2 17 48
0.2 18 19
0.2 18 20
0.2 18 25
0.2 18 32
0.2 18 34
0.2 18 35
0.2 19 22
0.2 19 24
0.2 19 26
0.2 19 29
0.2 19 33
0.2 19 42
0.2 19 46
0.2 19 47
0.2 19 48
0.2 20 25
0.2 20 27
0.2 20 28
0.2 20 33
0.2 20 35
0.2 20 38
0.2 21 24
0.2 21 27
0.2 21 31
0.2 21 36
0.2 21 37
0.2 21 46
0.2 21 47
0.2 21 48
0.2 21 49
0.2 22 31
0.2 22 32
0.2 22 35
0.2 22 36
0.2 22 39
0.2 22 44
0.2 23 26
0.2 23 42
0.2 24 26
0.2 24 27
0.2 24 35
0.2 24 36
0.2 24 37
0.2 24 44
0.2 24 45
0.2 25 28
0.2 25 31
0.2 25 34
0.2 25 37
0.2 25 38
0.2 25 39
0.2 25 41
0.2 25 42
0.2 26 27
0.2 26 30
0.2 26 32
0.2 26 40
0.2 26 42
0.2 27 30
0.2 27 32
0.2 27 42
0.2 27 43
0.2 27 45
0.2 28 35
0.2 28 38
0.2 28 40
0.2 28 42
0.2 28 44
0.2 28 48
0.2 28 49
0.2 29 42
0.2 30 33
0.2 30 37
0.2 30 38
0.2 30 40
0.2 30 43
0.2 30 44
0.2 30 45
0.2 30 49
0.2 31 32
0.2 31 34
0.2 31 37
0.2 31 44
0.2 31 45
0.2 31 47
0.2 32 38
0.2 32 41
0.2 32 47
0.2 32 48
0.2 33 42
0.2 33 44
0.2 33 49
0.2 34 35
0.2 34 36
0.2 34 37
0.2 34 40
0.2 34 44
0.2 35 37
0.2 35 39
0.2 35 40
0.2 36 38
0.2 36 40
0.2 36 41
0.2 36 46
0.2 36 47
0.2 37 46
0.2 38 42
0.2 38 43
0.2 38 45
0.2 39 42
0.2 39 45
0.2 40 44
0.2 40 46
0.2 40 48
0.2 40 49
0.2 41 43
0.2 41 46
0.2 42 43
0.2 42 46
0.2 42 47
0.2 43 46
0.2 43 49
0.2 45 48
0.2 46 48

0 274 166 405 315 430 211 335 90 215 243 144 399 365 373 410 308 229 343 475 93 199 339 377 290 477 466 360 143 138 211 486 430 89 364 214 407 311 257 404 364 249 75 400 87 499 106 90 123 69 
274 0 274 117 135 360 112 465 338 240 493 316 265 54 279 293 420 177 325 305 450 91 471 113 304 199 198 283 198 176 125 255 288 402 404 164 205 477 53 179 397 180 278 51 160 236 396 323 481 264 
166 274 0 85 460 423 319 311 407 362 153 175 285 425 255 395 472 476 163 334 398 88 406 458 55 406 433 103 398 440 251 288 393 428 322 55 186 487 206 166 236 469 277 349 400 360 260 193 189 156 
405 117 85 0 257 337 466 145 314 382 61 99 467 450 496 377 87 106 310 484 273 489 450 263 270 237 227 238 115 231 337 443 372 332 244 424 486 281 491 204 92 340 440 394 297 208 235 332 228 91 
315 135 460 257 0 295 276 59 454 203 458 357 353 386 329 364 174 491 397 95 153 368 496 52 271 266 379 97 58 81 271 299 293 266 144 63 477 358 374 422 390 130 335 322 71 394 64 252 116 257 
430 360 423 337 295 0 164 483 180 498 379 463 194 217 300 155 467 337 294 122 139 276 391 297 392 428 114 275 180 337 432 265 157 380 430 208 283 154 140 115 432 383 182 255 53 356 61 343 275 150 
211 112 319 466 276 164 0 456 218 241 175 213 465 500 150 302 122 358 133 269 130 360 118 245 240 190 203 386 375 52 368 374 453 241 53 198 243 469 456 416 295 257 210 352 303 73 452 254 363 466 
335 465 311 145 59 483 456 0 277 125 292 170 300 78 300 313 425 59 475 74 389 307 142 244 225 55 77 481 453 89 314 166 409 402 400 373 193 295 180 458 168 373 404 389 184 56 199 134 253 74 
90 338 407 314 454 180 218 277 0 335 100 172 269 311 291 247 117 291 215 102 303 237 351 408 268 231 470 453 435 224 435 78 186 103 446 322 263 63 331 451 207 286 311 236 455 426 293 136 479 265 
215 240 362 382 203 498 241 125 335 0 193 343 55 316 117 469 372 82 474 131 114 335 261 83 59 195 147 471 150 378 163 64 467 98 275 391 175 77 470 248 367 245 407 138 52 439 102 69 130 451 
243 493 153 61 458 379 175 292 100 193 0 95 493 411 152 69 422 78 448 396 357 490 498 421 389 483 500 94 94 248 488 487 151 66 152 258 411 164 94 385 190 199 146 172 482 115 359 101 92 372 
144 316 175 99 357 463 213 170 172 343 95 0 261 116 435 483 391 273 485 340 279 280 149 314 237 209 153 362 415 158 68 273 409 65 164 217 482 228 86 473 363 157 65 385 400 323 188 451 451 184 
399 265 285 467 353 194 465 300 269 55 493 261 0 379 288 486 474 274 358 120 295 284 299 239 269 86 287 254 102 478 361 82 256 253 242 481 230 465 449 494 141 113 442 378 318 218 454 50 347 475 
365 54 425 450 386 217 500 78 311 316 411 116 379 0 402 335 113 363 286 238 161 144 486 416 393 222 261 270 64 292 352 103 205 462 386 433 410 306 262 246 244 415 115 204 404 251 94 182 335 354 
373 279 255 496 329 300 150 300 291 117 152 435 288 402 0 393 178 372 214 165 319 53 467 411 433 140 91 459 215 279 496 331 239 261 189 268 109 485 85 497 208 350 287 331 292 442 140 273 75 175 
410 293 395 377 364 155 302 313 247 469 69 483 486 335 393 0 131 81 485 233 486 387 281 307 463 60 433 253 170 286 359 284 246 76 384 268 370 64 179 72 211 199 113 53 65 401 298 398 152 235 
308 420 472 87 174 467 122 425 117 372 422 391 474 113 178 131 0 282 261 254 413 233 102 264 300 438 243 373 268 62 337 413 117 75 469 349 458 415 126 275 293 271 407 205 454 344 125 320 157 231 
229 177 476 106 491 337 358 59 291 82 78 273 274 363 372 81 282 0 270 268 147 133 481 469 222 480 250 246 191 200 488 168 113 191 345 293 231 256 221 366 403 119 459 153 452 179 91 441 500 101 
343 325 163 310 397 294 133 475 215 474 448 485 358 286 214 485 261 270 0 233 254 276 468 274 140 248 225 464 129 406 371 478 224 133 81 372 436 273 71 316 488 179 117 56 290 169 85 261 240 268 
475 305 334 484 95 122 269 74 102 131 396 340 120 238 165 233 254 268 233 0 437 242 387 261 113 206 415 414 227 280 487 283 106 450 417 189 307 461 88 450 327 490 482 163 159 302 223 399 180 334 
93 450 398 273 153 139 130 389 303 114 357 279 295 161 319 486 413 147 254 437 0 405 470 117 168 128 96 385 63 341 149 361 425 198 75 98 343 500 155 68 165 243 287 452 163 60 199 136 316 96 
199 91 88 489 368 276 360 307 237 335 490 280 284 144 53 387 233 133 276 242 405 0 455 72 55 387 236 207 81 241 357 127 301 242 154 171 403 231 74 348 369 254 76 494 363 429 423 380 287 53 
339 471 406 450 496 391 118 142 351 261 498 149 299 486 467 281 102 481 468 387 470 455 0 247 231 376 109 370 190 457 327 140 403 475 134 360 65 365 79 346 58 85 199 348 416 282 383 429 495 379 
377 113 458 263 52 297 245 244 408 83 421 314 239 416 411 307 264 469 274 261 117 72 247 0 181 378 282 109 184 110 341 188 319 122 306 142 259 185 323 119 487 263 290 239 352 150 87 431 425 171 
290 304 55 270 271 392 240 225 268 59 389 237 269 393 433 463 300 222 140 113 168 55 231 181 0 315 190 328 416 272 69 418 425 217 93 162 96 186 163 343 135 65 82 316 398 453 316 254 110 331 
477 199 406 237 266 428 190 55 231 195 483 209 86 222 140 60 438 480 248 206 128 387 376 378 315 0 472 417 103 353 144 366 269 281 221 467 87 256 87 489 357 416 447 215 73 395 468 268 409 374 
466 198 433 227 379 114 203 77 470 147 500 153 287 261 91 433 243 250 225 415 96 236 109 282 190 472 0 51 260 451 112 489 307 233 338 259 251 435 224 327 269 135 175 393 186 195 365 340 485 93 
360 283 103 238 97 275 386 481 453 471 94 362 254 270 459 253 373 246 464 414 385 207 370 109 328 417 51 0 231 394 373 236 160 381 492 210 404 296 202 84 274 466 295 491 169 480 275 266 348 199 
143 198 398 115 58 180 375 453 435 150 94 415 102 64 215 170 268 191 129 227 63 81 190 184 416 103 260 231 0 163 94 238 213 326 401 438 186 491 82 262 269 54 116 100 476 246 375 59 212 394 
138 176 440 231 81 337 52 89 224 378 248 158 478 292 279 286 62 200 406 280 341 241 457 110 272 353 451 394 163 0 213 82 95 449 410 72 249 218 190 175 418 125 297 454 386 345 116 86 74 117 
211 125 251 337 271 432 368 314 435 163 488 68 361 352 496 359 337 488 371 487 149 357 327 341 69 144 112 373 94 213 0 399 59 230 97 286 392 139 345 476 125 121 252 275 482 81 191 368 276 175 
486 255 288 443 299 265 374 166 78 64 487 273 82 103 331 284 413 168 478 283 361 127 140 188 418 366 489 236 238 82 399 0 350 366 264 358 92 58 289 372 339 460 141 206 62 244 187 306 492 169 
430 288 393 372 293 157 453 409 186 467 151 409 256 205 239 246 117 113 224 106 425 301 403 319 425 269 307 160 213 95 59 350 0 106 314 393 160 195 193 60 70 462 281 211 252 287 218 115 54 87 
89 402 428 332 266 380 241 402 103 98 66 65 253 462 261 76 75 191 133 450 198 242 475 122 217 281 233 381 326 449 230 366 106 0 370 498 78 333 258 141 312 297 235 123 381 147 157 268 171 281 
364 404 322 244 144 430 53 400 446 275 152 164 242 386 189 384 469 345 81 417 75 154 134 306 93 221 338 492 401 410 97 264 314 370 0 282 284 289 486 76 381 299 288 99 309 158 373 137 426 210 
214 164 55 424 63 208 198 373 322 391 258 217 481 433 268 268 349 293 372 189 98 171 360 142 162 467 259 210 438 72 286 358 393 498 282 0 137 259 67 188 166 91 115 483 273 181 439 73 327 294 
407 205 186 486 477 283 243 193 263 175 411 482 230 410 109 370 458 231 436 307 343 403 65 259 96 87 251 404 186 249 392 92 160 78 284 137 0 193 348 413 243 386 368 329 384 454 168 317 153 137 
311 477 487 281 358 154 469 295 63 77 164 228 465 306 485 64 415 256 273 461 500 231 365 185 186 256 435 296 491 218 139 58 195 333 289 259 193 0 441 198 382 56 448 158 318 182 80 97 289 175 
257 53 206 491 374 140 456 180 331 470 94 86 449 262 85 179 126 221 71 88 155 74 79 323 163 87 224 202 82 190 345 289 193 258 486 67 348 441 0 145 491 170 225 128 163 394 345 157 79 74 
404 179 166 204 422 115 416 458 451 248 385 473 494 246 497 72 275 366 316 450 68 348 346 119 343 489 327 84 262 175 476 372 60 141 76 188 413 198 145 0 156 171 178 271 94 135 168 403 338 108 
364 397 236 92 390 432 295 168 207 367 190 363 141 244 208 211 293 403 488 327 165 369 58 487 135 357 269 274 269 418 125 339 70 312 381 166 243 382 491 156 0 458 110 453 321 327 132 324 125 332 
249 180 469 340 130 383 257 373 286 245 199 157 113 415 350 199 271 119 179 490 243 254 85 263 65 416 135 466 54 125 121 460 462 297 299 91 386 56 170 171 458 0 77 250 145 459 203 415 328 152 
75 278 277 440 335 182 210 404 311 407 146 65 442 115 287 113 407 459 117 482 287 76 199 290 82 447 175 295 116 297 252 141 281 235 288 115 368 448 225 178 110 77 0 363 444 408 62 110 496 242 
400 51 349 394 322 255 352 389 236 138 172 385 378 204 331 53 205 153 56 163 452 494 348 239 316 215 393 491 100 454 275 206 211 123 99 483 329 158 128 271 453 250 363 0 345 496 85 80 422 62 
87 160 400 297 71 53 303 184 455 52 482 400 318 404 292 65 454 452 290 159 163 363 416 352 398 73 186 169 476 386 482 62 252 381 309 273 384 318 163 94 321 145 444 345 0 417 247 97 162 456 
499 236 360 208 394 356 73 56 426 439 115 323 218 251 442 401 344 179 169 302 60 429 282 150 453 395 195 480 246 345 81 244 287 147 158 181 454 182 394 135 327 459 408 496 417 0 152 333 70 124 
106 396 260 235 64 61 452 199 293 102 359 188 454 94 140 298 125 91 85 223 199 423 383 87 316 468 365 275 375 116 191 187 218 157 373 439 168 80 345 168 132 203 62 85 247 152 0 429 74 247 
90 323 193 332 252 343 254 134 136 69 101 451 50 182 273 398 320 441 261 399 136 380 429 431 254 268 340 266 59 86 368 306 115 268 137 73 317 97 157 403 324 415 110 80 97 333 429 0 269 187 
123 481 189 228 116 275 363 253 479 130 92 451 347 335 75 152 157 500 240 180 316 287 495 425 110 409 485 348 212 74 276 492 54 171 426 327 153 289 79 338 125 328 496 422 162 70 74 269 0 382 
69 264 156 91 257 150 466 74 265 451 372 184 475 354 175 235 231 101 268 334 96 53 379 171 331 374 93 199 394 117 175 169 87 281 210 294 137 175 74 108 332 152 242 62 456 124 247 187 382 0 

720 0 5
720 1 30
720 2 30
720 3 30
720 4 44
720 5 14
720 6 40
720 7 8
720 8 46
720 9 29
720 10 22
720 11 46
720 12 48
720 13 0
720 14 29
720 15 42
720 16 15
720 17 9
720 18 47
720 19 46
720 20 48
720 21 29
720 22 26
720 23 46
720 24 26
720 25 8
720 26 13
720 27 7
720 28 45
720 29 20
720 30 19
720 31 7
720 32 2
720 33 0
720 34 37
720 35 2
720 36 19
720 37 29
720 38 10
720 39 17
720 40 9
720 41 32
720 42 19
720 43 13
720 44 38
720 45 0
720 46 11
720 47 9
720 48 9
720 49 9
