50 50 3 122

0.4 0 9
0.4 0 30
0.4 0 46
0.4 1 4
0.4 1 6
0.4 1 9
0.4 1 13
0.4 1 28
0.4 1 29
0.4 1 42
0.4 2 11
0.4 2 17
0.4 2 22
0.4 3 12
0.4 3 13
0.4 3 20
0.4 3 39
0.4 3 42
0.4 3 45
0.4 4 14
0.4 4 21
0.4 4 22
0.4 5 8
0.4 5 12
0.4 6 9
0.4 6 23
0.4 6 45
0.4 7 11
0.4 7 13
0.4 7 16
0.4 7 24
0.4 7 34
0.4 7 36
0.4 7 48
0.4 8 42
0.4 8 44
0.4 9 19
0.4 9 20
0.4 9 26
0.4 9 31
0.4 9 40
0.4 9 41
0.4 9 49
0.4 10 13
0.4 10 24
0.4 10 33
0.4 10 41
0.4 11 12
0.4 11 23
0.4 11 26
0.4 11 39
0.4 11 41
0.4 11 46
0.4 12 32
0.4 13 33
0.4 13 37
0.4 13 44
0.4 14 18
0.4 14 23
0.4 14 27
0.4 14 29
0.4 14 36
0.4 14 38
0.4 14 39
0.4 14 41
0.4 15 26
0.4 15 36
0.4 15 39
0.4 16 17
0.4 16 20
0.4 18 19
0.4 18 21
0.4 18 30
0.4 18 33
0.4 18 47
0.4 19 45
0.4 19 49
0.4 20 36
0.4 20 49
0.4 21 23
0.4 21 37
0.4 21 38
0.4 22 36
0.4 22 40
0.4 22 45
0.4 22 46
0.4 23 25
0.4 23 28
0.4 23 29
0.4 24 25
0.4 24 38
0.4 24 49
0.4 25 34
0.4 25 37
0.4 25 48
0.4 26 27
0.4 26 38
0.4 26 48
0.4 27 30
0.4 28 29
0.4 28 30
0.4 28 31
0.4 28 47
0.4 29 33
0.4 29 35
0.4 30 36
0.4 30 43
0.4 31 46
0.4 33 35
0.4 33 37
0.4 33 39
0.4 33 47
0.4 34 47
0.4 35 36
0.4 35 47
0.4 36 38
0.4 37 39
0.4 38 47
0.4 40 41
0.4 40 42
0.4 40 44
0.4 40 45

0 330 442 369 383 446 284 339 413 350 140 335 242 257 445 308 131 455 107 460 472 140 466 75 497 445 237 92 499 404 254 351 401 115 353 338 479 248 199 257 89 349 335 365 407 154 198 346 112 333 
330 0 130 500 417 429 443 321 431 200 284 452 457 368 384 228 274 483 108 113 298 396 118 331 150 375 51 231 493 83 221 120 349 496 423 159 380 68 280 148 129 166 126 292 439 482 67 213 438 500 
442 130 0 154 423 448 383 364 409 495 80 362 73 146 297 495 364 190 485 452 276 440 266 320 283 179 344 170 441 93 369 261 256 57 456 406 358 54 403 500 354 486 396 275 368 316 263 351 73 243 
369 500 154 0 441 442 52 53 242 479 229 53 443 103 315 167 221 122 235 290 315 382 403 147 51 353 220 195 67 403 495 426 326 234 295 429 315 151 288 378 223 294 452 224 139 75 365 368 491 339 
383 417 423 441 0 233 109 335 372 347 287 364 435 113 247 435 277 173 477 416 111 364 414 485 186 144 484 114 84 282 471 114 413 396 116 137 296 314 493 321 453 361 312 359 381 163 304 214 440 453 
446 429 448 442 233 0 66 96 489 440 139 292 370 428 377 118 178 258 345 392 196 186 175 219 54 481 284 357 378 240 478 231 194 443 350 193 331 87 390 461 435 306 214 67 391 219 283 355 93 359 
284 443 383 52 109 66 0 219 111 408 245 412 139 219 263 264 418 92 333 277 412 475 462 445 81 333 371 403 187 420 276 403 436 194 385 226 97 458 349 279 192 437 472 50 148 421 170 422 262 263 
339 321 364 53 335 96 219 0 372 294 125 106 98 379 410 244 360 124 266 240 69 316 150 172 433 140 358 408 436 73 211 341 460 395 272 337 319 290 117 312 498 430 494 107 291 252 367 236 317 57 
413 431 409 242 372 489 111 372 0 382 166 371 370 262 156 388 392 353 66 197 278 81 67 71 79 337 413 283 442 117 397 148 499 139 288 417 197 446 486 324 473 193 337 259 492 456 344 107 373 475 
350 200 495 479 347 440 408 294 382 0 109 157 227 170 206 398 83 440 136 53 455 56 260 410 118 322 223 386 250 313 299 55 441 450 298 267 296 139 263 339 362 307 162 306 59 429 367 467 401 495 
140 284 80 229 287 139 245 125 166 109 0 374 189 447 100 414 466 488 106 434 168 75 241 241 252 348 209 191 95 459 485 346 306 439 249 75 83 262 415 127 145 274 497 248 62 362 73 196 131 454 
335 452 362 53 364 292 412 106 371 157 374 0 360 265 232 266 304 325 421 84 187 260 414 495 383 473 149 153 349 58 416 340 338 207 66 317 357 488 223 428 438 251 52 308 376 312 236 194 443 449 
242 457 73 443 435 370 139 98 370 227 189 360 0 485 51 160 341 99 147 261 170 60 406 312 310 326 262 451 483 62 465 421 118 271 90 367 477 111 255 374 239 466 217 282 136 98 496 120 245 259 
257 368 146 103 113 428 219 379 262 170 447 265 485 0 149 83 197 277 252 247 438 301 122 154 177 379 299 310 187 260 250 310 322 72 239 249 201 369 195 131 489 166 158 162 104 345 164 151 410 407 
445 384 297 315 247 377 263 410 156 206 100 232 51 149 0 419 305 244 131 143 139 74 277 376 83 405 436 82 247 114 428 296 133 86 401 58 426 390 284 263 114 236 152 282 467 447 179 213 393 484 
308 228 495 167 435 118 264 244 388 398 414 266 160 83 419 0 196 388 336 453 410 121 299 273 432 111 290 159 342 495 224 104 379 491 394 453 473 207 156 94 193 112 361 233 333 136 190 127 141 167 
131 274 364 221 277 178 418 360 392 83 466 304 341 197 305 196 0 258 148 189 353 448 303 255 199 204 147 409 137 398 70 241 62 177 467 475 336 348 110 332 119 314 86 443 214 360 200 254 157 138 
455 483 190 122 173 258 92 124 353 440 488 325 99 277 244 388 258 0 203 326 237 192 299 394 443 364 164 50 56 311 178 316 155 354 242 168 265 238 316 464 388 475 327 73 182 461 226 456 194 59 
107 108 485 235 477 345 333 266 66 136 106 421 147 252 131 336 148 203 0 53 186 141 330 239 379 201 322 164 130 92 121 232 318 278 380 363 156 493 154 148 370 173 248 303 197 80 316 104 111 465 
460 113 452 290 416 392 277 240 197 53 434 84 261 247 143 453 189 326 53 0 299 432 65 202 400 220 232 100 453 241 331 68 81 342 276 497 403 280 329 259 137 434 485 203 396 314 51 429 312 364 
472 298 276 315 111 196 412 69 278 455 168 187 170 438 139 410 353 237 186 299 0 146 80 63 461 247 276 290 416 317 220 353 458 486 404 428 146 111 298 377 352 53 306 394 138 305 298 51 299 297 
140 396 440 382 364 186 475 316 81 56 75 260 60 301 74 121 448 192 141 432 146 0 89 352 484 234 383 468 130 172 313 158 426 102 203 340 273 195 335 187 209 460 435 205 287 113 104 70 247 128 
466 118 266 403 414 175 462 150 67 260 241 414 406 122 277 299 303 299 330 65 80 89 0 481 275 151 142 215 324 194 354 87 325 212 316 184 141 209 465 176 393 349 99 65 301 355 71 272 166 218 
75 331 320 147 485 219 445 172 71 410 241 495 312 154 376 273 255 394 239 202 63 352 481 0 233 152 346 111 466 439 342 413 371 117 310 361 128 326 250 248 278 161 269 178 404 491 497 171 218 191 
497 150 283 51 186 54 81 433 79 118 252 383 310 177 83 432 199 443 379 400 461 484 275 233 0 384 290 407 126 252 213 206 132 334 271 175 433 292 495 130 146 150 415 126 357 451 95 123 105 80 
445 375 179 353 144 481 333 140 337 322 348 473 326 379 405 111 204 364 201 220 247 234 151 152 384 0 312 197 291 468 500 250 282 200 431 167 374 269 104 117 198 194 475 91 414 393 254 433 166 465 
237 51 344 220 484 284 371 358 413 223 209 149 262 299 436 290 147 164 322 232 276 383 142 346 290 312 0 200 387 161 300 412 282 118 227 483 203 482 221 471 289 222 245 385 483 179 381 315 282 281 
92 231 170 195 114 357 403 408 283 386 191 153 451 310 82 159 409 50 164 100 290 468 215 111 407 197 200 0 187 84 387 456 294 165 335 276 429 475 414 312 355 225 331 491 429 140 154 119 240 148 
499 493 441 67 84 378 187 436 442 250 95 349 483 187 247 342 137 56 130 453 416 130 324 466 126 291 387 187 0 465 160 343 124 417 484 453 265 186 88 464 170 181 85 160 332 236 456 345 267 153 
404 83 93 403 282 240 420 73 117 313 459 58 62 260 114 495 398 311 92 241 317 172 194 439 252 468 161 84 465 0 334 278 267 358 415 75 390 453 211 133 323 242 120 459 309 438 68 328 264 219 
254 221 369 495 471 478 276 211 397 299 485 416 465 250 428 224 70 178 121 331 220 313 354 342 213 500 300 387 160 334 0 496 290 346 395 125 354 209 164 99 130 272 261 158 64 330 57 244 453 323 
351 120 261 426 114 231 403 341 148 55 346 340 421 310 296 104 241 316 232 68 353 158 87 413 206 250 412 456 343 278 496 0 475 238 336 497 450 384 237 220 416 480 371 232 238 97 153 397 329 193 
401 349 256 326 413 194 436 460 499 441 306 338 118 322 133 379 62 155 318 81 458 426 325 371 132 282 282 294 124 267 290 475 0 109 93 392 477 471 442 438 158 358 196 457 454 420 293 492 202 425 
115 496 57 234 396 443 194 395 139 450 439 207 271 72 86 491 177 354 278 342 486 102 212 117 334 200 118 165 417 358 346 238 109 0 350 237 211 213 273 305 434 464 156 139 138 352 270 301 476 66 
353 423 456 295 116 350 385 272 288 298 249 66 90 239 401 394 467 242 380 276 404 203 316 310 271 431 227 335 484 415 395 336 93 350 0 425 265 485 232 305 138 274 78 406 83 122 468 264 319 482 
338 159 406 429 137 193 226 337 417 267 75 317 367 249 58 453 475 168 363 497 428 340 184 361 175 167 483 276 453 75 125 497 392 237 425 0 479 284 190 258 110 426 215 316 335 289 96 205 141 377 
479 380 358 315 296 331 97 319 197 296 83 357 477 201 426 473 336 265 156 403 146 273 141 128 433 374 203 429 265 390 354 450 477 211 265 479 0 251 162 266 125 269 320 364 235 70 260 155 275 131 
248 68 54 151 314 87 458 290 446 139 262 488 111 369 390 207 348 238 493 280 111 195 209 326 292 269 482 475 186 453 209 384 471 213 485 284 251 0 287 83 488 417 256 406 181 249 344 185 288 244 
199 280 403 288 493 390 349 117 486 263 415 223 255 195 284 156 110 316 154 329 298 335 465 250 495 104 221 414 88 211 164 237 442 273 232 190 162 287 0 69 314 355 415 129 332 491 414 147 164 140 
257 148 500 378 321 461 279 312 324 339 127 428 374 131 263 94 332 464 148 259 377 187 176 248 130 117 471 312 464 133 99 220 438 305 305 258 266 83 69 0 97 169 363 122 433 477 103 213 148 313 
89 129 354 223 453 435 192 498 473 362 145 438 239 489 114 193 119 388 370 137 352 209 393 278 146 198 289 355 170 323 130 416 158 434 138 110 125 488 314 97 0 223 368 419 190 177 210 152 188 446 
349 166 486 294 361 306 437 430 193 307 274 251 466 166 236 112 314 475 173 434 53 460 349 161 150 194 222 225 181 242 272 480 358 464 274 426 269 417 355 169 223 0 411 327 344 353 437 294 453 93 
335 126 396 452 312 214 472 494 337 162 497 52 217 158 152 361 86 327 248 485 306 435 99 269 415 475 245 331 85 120 261 371 196 156 78 215 320 256 415 363 368 411 0 136 309 495 290 357 297 261 
365 292 275 224 359 67 50 107 259 306 248 308 282 162 282 233 443 73 303 203 394 205 65 178 126 91 385 491 160 459 158 232 457 139 406 316 364 406 129 122 419 327 136 0 483 432 206 429 140 411 
407 439 368 139 381 391 148 291 492 59 62 376 136 104 467 333 214 182 197 396 138 287 301 404 357 414 483 429 332 309 64 238 454 138 83 335 235 181 332 433 190 344 309 483 0 404 307 151 362 206 
154 482 316 75 163 219 421 252 456 429 362 312 98 345 447 136 360 461 80 314 305 113 355 491 451 393 179 140 236 438 330 97 420 352 122 289 70 249 491 477 177 353 495 432 404 0 175 276 189 244 
198 67 263 365 304 283 170 367 344 367 73 236 496 164 179 190 200 226 316 51 298 104 71 497 95 254 381 154 456 68 57 153 293 270 468 96 260 344 414 103 210 437 290 206 307 175 0 263 438 77 
346 213 351 368 214 355 422 236 107 467 196 194 120 151 213 127 254 456 104 429 51 70 272 171 123 433 315 119 345 328 244 397 492 301 264 205 155 185 147 213 152 294 357 429 151 276 263 0 225 51 
112 438 73 491 440 93 262 317 373 401 131 443 245 410 393 141 157 194 111 312 299 247 166 218 105 166 282 240 267 264 453 329 202 476 319 141 275 288 164 148 188 453 297 140 362 189 438 225 0 253 
333 500 243 339 453 359 263 57 475 495 454 449 259 407 484 167 138 59 465 364 297 128 218 191 80 465 281 148 153 219 323 193 425 66 482 377 131 244 140 313 446 93 261 411 206 244 77 51 253 0 

1514 0 37
1514 1 19
1514 2 1
1514 3 11
1514 4 26
1514 5 33
1514 6 43
1514 7 42
1514 8 40
1514 9 27
1514 10 33
1514 11 25
1514 12 19
1514 13 45
1514 14 3
1514 15 46
1514 16 14
1514 17 46
1514 18 34
1514 19 5
1514 20 6
1514 21 20
1514 22 40
1514 23 7
1514 24 30
1514 25 41
1514 26 24
1514 27 47
1514 28 15
1514 29 17
1514 30 38
1514 31 3
1514 32 36
1514 33 40
1514 34 19
1514 35 18
1514 36 29
1514 37 13
1514 38 11
1514 39 20
1514 40 46
1514 41 1
1514 42 2
1514 43 16
1514 44 46
1514 45 5
1514 46 13
1514 47 12
1514 48 8
1514 49 47
