10 10 4 11

0.4 0 5
0.4 0 7
0.4 0 8
0.4 1 5
0.4 2 9
0.4 4 5
0.4 4 7
0.4 5 6
0.4 5 7
0.4 6 7
0.4 7 8

0 493 313 249 348 208 171 490 90 68 
493 0 436 120 477 365 336 373 332 92 
313 436 0 296 215 398 203 354 131 397 
249 120 296 0 414 179 169 418 82 441 
348 477 215 414 0 374 129 451 144 456 
208 365 398 179 374 0 475 223 273 312 
171 336 203 169 129 475 0 181 489 305 
490 373 354 418 451 223 181 0 214 109 
90 332 131 82 144 273 489 214 0 441 
68 92 397 441 456 312 305 109 441 0 

512 0 6
512 1 2
512 2 4
512 3 4
512 4 2
512 5 8
512 6 8
512 7 3
512 8 1
512 9 3
