50 50 4 306

0.2 0 4
0.2 0 11
0.2 0 12
0.2 0 14
0.2 0 19
0.2 0 22
0.2 0 25
0.2 0 33
0.2 0 36
0.2 0 42
0.2 0 43
0.2 0 48
0.2 1 4
0.2 1 7
0.2 1 16
0.2 1 17
0.2 1 18
0.2 1 23
0.2 1 27
0.2 1 28
0.2 1 40
0.2 1 42
0.2 1 45
0.2 1 49
0.2 2 11
0.2 2 13
0.2 2 15
0.2 2 17
0.2 2 20
0.2 2 21
0.2 2 27
0.2 2 31
0.2 2 37
0.2 2 39
0.2 2 47
0.2 2 48
0.2 2 49
0.2 3 17
0.2 3 19
0.2 3 30
0.2 3 31
0.2 3 33
0.2 3 38
0.2 3 40
0.2 3 42
0.2 3 45
0.2 3 47
0.2 3 48
0.2 4 7
0.2 4 9
0.2 4 14
0.2 4 15
0.2 4 26
0.2 4 29
0.2 4 37
0.2 4 38
0.2 4 41
0.2 4 44
0.2 4 45
0.2 4 47
0.2 5 14
0.2 5 17
0.2 5 18
0.2 5 24
0.2 5 26
0.2 5 27
0.2 5 28
0.2 5 29
0.2 5 39
0.2 5 40
0.2 5 41
0.2 5 44
0.2 5 45
0.2 5 48
0.2 6 11
0.2 6 12
0.2 6 15
0.2 6 16
0.2 6 18
0.2 6 19
0.2 6 21
0.2 6 25
0.2 6 26
0.2 6 29
0.2 6 36
0.2 6 38
0.2 6 41
0.2 6 44
0.2 6 45
0.2 6 46
0.2 6 47
0.2 7 9
0.2 7 14
0.2 7 15
0.2 7 18
0.2 7 22
0.2 7 24
0.2 7 27
0.2 7 30
0.2 7 31
0.2 7 41
0.2 7 43
0.2 7 45
0.2 8 9
0.2 8 18
0.2 8 19
0.2 8 21
0.2 8 22
0.2 8 25
0.2 8 27
0.2 8 32
0.2 8 34
0.2 8 38
0.2 8 40
0.2 8 47
0.2 9 20
0.2 9 23
0.2 9 25
0.2 9 29
0.2 9 33
0.2 10 11
0.2 10 13
0.2 10 16
0.2 10 17
0.2 10 22
0.2 10 26
0.2 10 27
0.2 10 32
0.2 10 33
0.2 10 37
0.2 10 39
0.2 11 20
0.2 11 35
0.2 11 39
0.2 11 41
0.2 11 42
0.2 12 15
0.2 12 17
0.2 12 33
0.2 12 34
0.2 12 36
0.2 12 40
0.2 12 48
0.2 13 17
0.2 13 18
0.2 13 21
0.2 13 27
0.2 13 30
0.2 13 34
0.2 13 38
0.2 13 44
0.2 13 45
0.2 13 46
0.2 14 24
0.2 14 28
0.2 14 29
0.2 14 34
0.2 14 36
0.2 14 42
0.2 14 44
0.2 14 46
0.2 14 49
0.2 15 16
0.2 15 18
0.2 15 33
0.2 15 37
0.2 15 40
0.2 15 42
0.2 15 47
0.2 16 17
0.2 16 24
0.2 16 25
0.2 16 28
0.2 16 30
0.2 16 32
0.2 16 36
0.2 16 41
0.2 16 42
0.2 17 24
0.2 17 26
0.2 17 30
0.2 17 33
0.2 17 39
0.2 17 41
0.2 18 20
0.2 18 29
0.2 18 34
0.2 18 35
0.2 18 38
0.2 18 41
0.2 18 48
0.2 19 24
0.2 19 27
0.2 19 38
0.2 19 39
0.2 19 40
0.2 19 41
0.2 19 44
0.2 20 22
0.2 20 25
0.2 20 39
0.2 20 41
0.2 20 46
0.2 21 22
0.2 21 25
0.2 21 26
0.2 21 28
0.2 21 30
0.2 21 32
0.2 21 33
0.2 21 35
0.2 21 42
0.2 21 44
0.2 21 49
0.2 22 23
0.2 22 28
0.2 22 29
0.2 22 38
0.2 22 40
0.2 22 44
0.2 22 48
0.2 23 28
0.2 23 30
0.2 23 33
0.2 23 34
0.2 23 48
0.2 24 26
0.2 24 33
0.2 24 45
0.2 24 49
0.2 25 26
0.2 25 31
0.2 25 32
0.2 25 33
0.2 25 35
0.2 25 43
0.2 25 46
0.2 25 48
0.2 25 49
0.2 26 27
0.2 26 42
0.2 26 48
0.2 26 49
0.2 27 30
0.2 27 34
0.2 27 37
0.2 27 45
0.2 27 48
0.2 27 49
0.2 28 29
0.2 28 32
0.2 28 33
0.2 28 35
0.2 28 38
0.2 28 42
0.2 28 47
0.2 28 49
0.2 29 34
0.2 29 39
0.2 29 45
0.2 29 48
0.2 30 40
0.2 30 42
0.2 30 49
0.2 31 33
0.2 31 37
0.2 31 38
0.2 31 41
0.2 31 43
0.2 31 44
0.2 31 47
0.2 32 34
0.2 32 35
0.2 32 36
0.2 32 40
0.2 33 38
0.2 33 42
0.2 33 43
0.2 33 47
0.2 34 36
0.2 34 39
0.2 34 47
0.2 35 38
0.2 35 39
0.2 35 46
0.2 36 37
0.2 36 46
0.2 36 49
0.2 37 38
0.2 37 44
0.2 37 45
0.2 37 46
0.2 38 40
0.2 39 44
0.2 39 45
0.2 39 49
0.2 40 42
0.2 41 43
0.2 41 44
0.2 41 46
0.2 41 47
0.2 42 44
0.2 42 45
0.2 42 48
0.2 42 49
0.2 46 49

0 395 499 121 230 407 479 435 395 57 371 350 52 60 274 212 443 490 235 367 103 427 141 227 316 241 136 462 360 301 142 122 178 183 347 268 390 224 84 351 364 87 350 77 336 353 394 231 131 61 
395 0 312 425 81 318 109 364 362 296 72 61 167 208 56 367 437 495 231 309 252 80 246 131 79 206 456 435 122 417 355 109 397 199 200 490 493 306 113 241 311 382 135 380 354 483 360 204 199 465 
499 312 0 405 280 266 338 347 134 278 127 172 264 355 182 353 239 325 86 284 199 197 366 312 247 385 168 254 349 479 344 309 144 382 427 275 415 444 268 132 251 264 472 141 130 493 334 326 154 66 
121 425 405 0 327 177 53 428 289 287 416 216 281 177 286 285 449 274 417 411 427 218 450 193 58 457 276 62 428 160 58 172 300 354 66 490 242 476 483 349 379 478 223 221 295 265 299 175 321 312 
230 81 280 327 0 109 334 325 360 329 282 406 405 302 166 377 326 372 259 371 429 144 445 111 392 436 79 51 84 489 333 117 221 142 251 329 148 370 175 109 363 65 302 71 423 109 65 234 446 258 
407 318 266 177 109 0 229 475 153 185 167 240 92 277 150 61 475 336 218 219 152 206 271 55 143 426 293 96 284 327 210 349 443 220 138 444 439 86 152 336 185 58 154 316 284 217 394 232 58 190 
479 109 338 53 334 229 0 367 360 105 144 57 416 364 288 139 322 363 386 323 427 191 386 442 223 387 467 468 388 294 497 332 338 101 272 129 421 441 66 391 224 285 462 158 116 155 297 237 323 248 
435 364 347 428 325 475 367 0 491 94 216 402 216 206 284 260 182 338 314 158 126 243 119 135 143 252 442 376 96 72 367 321 492 456 340 353 423 123 195 461 435 416 109 383 126 302 158 431 101 136 
395 362 134 289 360 153 360 491 0 312 481 306 137 127 120 69 263 356 176 303 93 374 205 377 77 212 384 323 492 110 454 215 364 500 219 156 95 52 323 487 222 148 445 116 134 121 472 374 494 433 
57 296 278 287 329 185 105 94 312 0 197 160 227 376 68 366 105 435 373 146 422 129 429 82 304 340 424 253 435 182 69 492 330 138 140 74 358 242 150 64 416 262 249 328 298 401 343 460 393 262 
371 72 127 416 282 167 144 216 481 197 0 468 86 328 395 124 252 412 226 361 99 267 252 331 162 467 378 375 270 325 183 340 87 374 318 229 386 112 292 233 438 86 497 207 92 217 460 377 476 367 
350 61 172 216 406 240 57 402 306 160 468 0 366 293 369 225 488 287 453 85 466 184 443 242 427 310 66 496 367 101 342 348 212 369 457 117 466 385 369 65 275 483 460 494 97 471 435 444 80 339 
52 167 264 281 405 92 416 216 137 227 86 366 0 281 434 443 206 134 294 357 495 331 333 239 122 190 66 195 464 323 100 334 163 272 238 157 498 327 253 346 441 327 143 288 436 209 276 74 99 174 
60 208 355 177 302 277 364 206 127 376 328 293 281 0 110 450 120 117 442 302 359 172 421 483 374 189 129 259 229 301 235 390 183 288 170 230 467 70 92 435 183 166 374 422 218 357 318 251 280 249 
274 56 182 286 166 150 288 284 120 68 395 369 434 110 0 259 422 497 442 473 249 110 293 220 368 403 228 419 241 174 164 289 207 392 462 464 302 220 194 139 295 217 193 320 97 430 83 114 372 82 
212 367 353 285 377 61 139 260 69 366 124 225 443 450 259 0 266 76 289 149 406 466 489 124 414 217 356 279 459 493 352 204 73 353 377 213 282 378 445 366 101 183 192 253 344 309 388 494 400 236 
443 437 239 449 326 475 322 182 263 105 252 488 206 120 422 266 0 261 267 218 229 274 111 308 457 200 302 482 130 481 115 448 131 55 51 190 176 147 173 331 194 289 469 119 413 429 325 468 446 198 
490 495 325 274 372 336 363 338 356 435 412 287 134 117 497 76 261 0 215 232 418 243 486 131 400 64 488 191 206 366 156 355 268 189 190 374 135 340 273 242 384 100 438 204 127 199 485 301 245 96 
235 231 86 417 259 218 386 314 176 373 226 453 294 442 442 289 267 215 0 317 435 92 362 259 245 143 252 114 134 451 88 67 90 175 106 130 252 153 323 52 478 341 362 322 225 450 238 296 375 450 
367 309 284 411 371 219 323 158 303 146 361 85 357 302 473 149 218 232 317 0 337 74 397 59 405 272 441 209 359 110 187 486 323 228 253 285 129 94 125 102 171 81 301 448 391 110 324 484 138 156 
103 252 199 427 429 152 427 126 93 422 99 466 495 359 249 406 229 418 435 337 0 165 459 73 345 144 146 254 187 278 314 248 467 473 411 210 344 326 496 319 384 231 464 144 486 499 200 296 301 383 
427 80 197 218 144 206 191 243 374 129 267 184 331 172 110 466 274 243 92 74 165 0 496 91 434 461 419 366 482 291 148 87 334 496 417 334 127 241 124 490 115 309 118 476 198 142 355 198 294 264 
141 246 366 450 445 271 386 119 205 429 252 443 333 421 293 489 111 486 362 397 459 496 0 430 124 185 347 403 423 176 416 341 163 64 389 470 414 131 69 314 374 395 428 260 89 371 246 52 174 107 
227 131 312 193 111 55 442 135 377 82 331 242 239 483 220 124 308 131 259 59 73 91 430 0 175 100 368 456 102 172 311 163 336 154 130 246 69 373 396 160 235 378 461 464 416 95 435 156 229 111 
316 79 247 58 392 143 223 143 77 304 162 427 122 374 368 414 457 400 245 405 345 434 124 175 0 116 268 62 235 273 481 348 182 186 498 259 448 172 397 60 150 478 265 187 192 145 273 279 172 261 
241 206 385 457 436 426 387 252 212 340 467 310 190 189 403 217 200 64 143 272 144 461 185 100 116 0 118 499 288 98 87 321 191 220 479 169 486 453 187 138 416 342 120 176 102 464 447 364 86 295 
136 456 168 276 79 293 467 442 384 424 378 66 66 129 228 356 302 488 252 441 146 419 347 368 268 118 0 131 211 224 83 407 450 374 86 335 382 65 65 220 384 388 259 294 434 227 120 218 308 302 
462 435 254 62 51 96 468 376 323 253 375 496 195 259 419 279 482 191 114 209 254 366 403 456 62 499 131 0 191 458 79 382 63 383 426 470 86 95 126 271 451 87 441 409 253 359 114 87 281 244 
360 122 349 428 84 284 388 96 492 435 270 367 464 229 241 459 130 206 134 359 187 482 423 102 235 288 211 191 0 93 468 350 247 457 199 164 97 238 281 294 293 464 384 244 149 392 167 207 407 111 
301 417 479 160 489 327 294 72 110 182 325 101 323 301 174 493 481 366 451 110 278 291 176 172 273 98 224 458 93 0 248 131 287 429 382 366 431 401 55 138 180 333 362 323 122 162 171 305 206 185 
142 355 344 58 333 210 497 367 454 69 183 342 100 235 164 352 115 156 88 187 314 148 416 311 481 87 83 79 468 248 0 336 349 465 260 362 165 323 135 253 469 76 379 175 270 301 263 135 383 416 
122 109 309 172 117 349 332 321 215 492 340 348 334 390 289 204 448 355 67 486 248 87 341 163 348 321 407 382 350 131 336 0 376 139 496 139 437 168 71 144 363 257 441 272 191 245 267 144 488 123 
178 397 144 300 221 443 338 492 364 330 87 212 163 183 207 73 131 268 90 323 467 334 163 336 182 191 450 63 247 287 349 376 0 128 81 355 424 414 325 85 441 421 204 202 426 144 481 459 112 357 
183 199 382 354 142 220 101 456 500 138 374 369 272 288 392 353 55 189 175 228 473 496 64 154 186 220 374 383 457 429 465 139 128 0 186 343 286 474 109 336 219 290 106 473 350 500 303 167 243 432 
347 200 427 66 251 138 272 340 219 140 318 457 238 170 462 377 51 190 106 253 411 417 389 130 498 479 86 426 199 382 260 496 81 186 0 128 386 143 260 199 448 441 163 199 437 216 65 476 308 141 
268 490 275 490 329 444 129 353 156 74 229 117 157 230 464 213 190 374 130 285 210 334 470 246 259 169 335 470 164 366 362 139 355 343 128 0 71 490 450 144 60 192 456 430 104 411 496 193 57 321 
390 493 415 242 148 439 421 423 95 358 386 466 498 467 302 282 176 135 252 129 344 127 414 69 448 486 382 86 97 431 165 437 424 286 386 71 0 59 212 378 110 299 417 288 341 423 403 105 458 328 
224 306 444 476 370 86 441 123 52 242 112 385 327 70 220 378 147 340 153 94 326 241 131 373 172 453 65 95 238 401 323 168 414 474 143 490 59 0 276 90 171 226 331 63 52 78 313 212 337 339 
84 113 268 483 175 152 66 195 323 150 292 369 253 92 194 445 173 273 323 125 496 124 69 396 397 187 65 126 281 55 135 71 325 109 260 450 212 276 0 311 445 107 271 68 387 212 153 330 315 408 
351 241 132 349 109 336 391 461 487 64 233 65 346 435 139 366 331 242 52 102 319 490 314 160 60 138 220 271 294 138 253 144 85 336 199 144 378 90 311 0 283 397 118 110 181 495 374 429 452 467 
364 311 251 379 363 185 224 435 222 416 438 275 441 183 295 101 194 384 478 171 384 115 374 235 150 416 384 451 293 180 469 363 441 219 448 60 110 171 445 283 0 438 79 341 57 185 362 172 229 100 
87 382 264 478 65 58 285 416 148 262 86 483 327 166 217 183 289 100 341 81 231 309 395 378 478 342 388 87 464 333 76 257 421 290 441 192 299 226 107 397 438 0 267 432 429 135 112 413 290 274 
350 135 472 223 302 154 462 109 445 249 497 460 143 374 193 192 469 438 362 301 464 118 428 461 265 120 259 441 384 362 379 441 204 106 163 456 417 331 271 118 79 267 0 311 436 465 309 128 238 62 
77 380 141 221 71 316 158 383 116 328 207 494 288 422 320 253 119 204 322 448 144 476 260 464 187 176 294 409 244 323 175 272 202 473 199 430 288 63 68 110 341 432 311 0 443 345 344 403 485 432 
336 354 130 295 423 284 116 126 134 298 92 97 436 218 97 344 413 127 225 391 486 198 89 416 192 102 434 253 149 122 270 191 426 350 437 104 341 52 387 181 57 429 436 443 0 198 380 163 277 230 
353 483 493 265 109 217 155 302 121 401 217 471 209 357 430 309 429 199 450 110 499 142 371 95 145 464 227 359 392 162 301 245 144 500 216 411 423 78 212 495 185 135 465 345 198 0 342 192 110 301 
394 360 334 299 65 394 297 158 472 343 460 435 276 318 83 388 325 485 238 324 200 355 246 435 273 447 120 114 167 171 263 267 481 303 65 496 403 313 153 374 362 112 309 344 380 342 0 152 384 167 
231 204 326 175 234 232 237 431 374 460 377 444 74 251 114 494 468 301 296 484 296 198 52 156 279 364 218 87 207 305 135 144 459 167 476 193 105 212 330 429 172 413 128 403 163 192 152 0 222 378 
131 199 154 321 446 58 323 101 494 393 476 80 99 280 372 400 446 245 375 138 301 294 174 229 172 86 308 281 407 206 383 488 112 243 308 57 458 337 315 452 229 290 238 485 277 110 384 222 0 348 
61 465 66 312 258 190 248 136 433 262 367 339 174 249 82 236 198 96 450 156 383 264 107 111 261 295 302 244 111 185 416 123 357 432 141 321 328 339 408 467 100 274 62 432 230 301 167 378 348 0 

751.5 0 25
751.5 1 26
751.5 2 29
751.5 3 34
751.5 4 22
751.5 5 32
751.5 6 3
751.5 7 15
751.5 8 27
751.5 9 34
751.5 10 1
751.5 11 6
751.5 12 16
751.5 13 21
751.5 14 22
751.5 15 47
751.5 16 35
751.5 17 13
751.5 18 25
751.5 19 7
751.5 20 17
751.5 21 14
751.5 22 13
751.5 23 15
751.5 24 22
751.5 25 6
751.5 26 13
751.5 27 13
751.5 28 21
751.5 29 24
751.5 30 26
751.5 31 2
751.5 32 7
751.5 33 12
751.5 34 37
751.5 35 29
751.5 36 44
751.5 37 45
751.5 38 0
751.5 39 27
751.5 40 36
751.5 41 2
751.5 42 33
751.5 43 3
751.5 44 28
751.5 45 11
751.5 46 7
751.5 47 14
751.5 48 30
751.5 49 32
