40 40 4 156

0.4 0 6
0.4 0 9
0.4 0 10
0.4 0 15
0.4 0 16
0.4 0 21
0.4 0 24
0.4 1 4
0.4 1 7
0.4 1 13
0.4 1 14
0.4 1 16
0.4 1 20
0.4 1 27
0.4 1 33
0.4 1 38
0.4 2 14
0.4 2 18
0.4 2 24
0.4 2 27
0.4 2 31
0.4 2 33
0.4 3 8
0.4 3 12
0.4 3 13
0.4 3 20
0.4 3 21
0.4 3 26
0.4 3 27
0.4 3 35
0.4 4 6
0.4 4 8
0.4 4 16
0.4 4 18
0.4 4 20
0.4 4 21
0.4 4 23
0.4 4 30
0.4 4 36
0.4 5 18
0.4 5 20
0.4 5 24
0.4 5 27
0.4 5 34
0.4 5 39
0.4 6 11
0.4 6 13
0.4 6 19
0.4 6 22
0.4 6 26
0.4 6 33
0.4 7 11
0.4 7 12
0.4 7 14
0.4 7 15
0.4 7 24
0.4 7 30
0.4 7 33
0.4 8 17
0.4 8 18
0.4 8 19
0.4 8 34
0.4 8 36
0.4 9 11
0.4 9 18
0.4 9 24
0.4 9 26
0.4 9 29
0.4 9 39
0.4 10 22
0.4 10 27
0.4 10 29
0.4 10 31
0.4 10 32
0.4 10 34
0.4 10 36
0.4 11 21
0.4 11 23
0.4 11 24
0.4 11 34
0.4 12 18
0.4 12 20
0.4 12 21
0.4 12 31
0.4 12 38
0.4 13 14
0.4 13 16
0.4 13 19
0.4 13 20
0.4 13 22
0.4 13 27
0.4 13 31
0.4 14 18
0.4 14 22
0.4 14 33
0.4 14 35
0.4 14 37
0.4 14 38
0.4 14 39
0.4 15 18
0.4 15 20
0.4 15 21
0.4 15 37
0.4 15 38
0.4 16 22
0.4 16 23
0.4 16 29
0.4 16 31
0.4 16 32
0.4 17 19
0.4 17 29
0.4 18 22
0.4 18 23
0.4 18 24
0.4 18 28
0.4 18 30
0.4 18 32
0.4 18 34
0.4 19 22
0.4 19 27
0.4 19 31
0.4 19 32
0.4 19 36
0.4 21 28
0.4 21 33
0.4 21 36
0.4 23 25
0.4 23 27
0.4 23 33
0.4 23 34
0.4 23 36
0.4 23 38
0.4 23 39
0.4 24 26
0.4 24 30
0.4 24 37
0.4 24 38
0.4 26 28
0.4 26 34
0.4 26 37
0.4 27 32
0.4 27 34
0.4 27 39
0.4 28 32
0.4 28 33
0.4 28 36
0.4 29 30
0.4 29 33
0.4 30 34
0.4 30 39
0.4 31 33
0.4 32 34
0.4 32 36
0.4 33 34
0.4 33 39
0.4 36 39

0 307 369 276 480 197 197 365 205 200 368 223 247 63 469 425 95 433 297 439 348 99 450 192 243 442 290 92 301 51 362 235 439 276 221 231 55 402 95 76 
307 0 91 402 90 196 184 118 346 424 127 429 496 210 337 432 314 145 195 189 198 500 257 489 145 164 415 394 409 83 79 53 229 201 454 316 375 212 406 473 
369 91 0 310 369 197 127 350 387 364 107 207 376 99 76 98 427 348 456 351 77 497 186 224 110 381 137 310 480 436 495 207 78 276 418 360 362 440 359 162 
276 402 310 0 153 414 432 388 462 68 201 362 110 166 393 259 383 191 79 466 474 240 389 383 253 94 168 465 162 58 151 436 375 315 429 129 493 126 357 201 
480 90 369 153 0 447 339 51 215 283 265 340 64 232 182 201 340 53 172 390 429 78 318 139 302 114 98 328 451 199 465 154 89 107 175 493 121 198 364 344 
197 196 197 414 447 0 164 336 184 60 153 52 365 385 479 258 75 105 480 161 148 172 458 342 441 352 254 306 129 171 52 172 407 258 345 249 358 243 356 219 
197 184 127 432 339 164 0 188 445 214 316 455 327 93 139 308 271 205 400 316 314 488 218 289 239 388 110 380 422 170 300 195 276 466 399 117 213 176 258 385 
365 118 350 388 51 336 188 0 116 430 336 302 435 103 178 318 318 321 278 95 216 62 283 99 171 63 212 415 416 149 135 161 200 427 471 280 57 261 376 284 
205 346 387 462 215 184 445 116 0 424 221 424 50 315 354 440 371 251 113 378 152 120 302 379 132 203 341 425 407 250 380 257 163 264 390 247 468 148 121 122 
200 424 364 68 283 60 214 430 424 0 372 346 250 228 406 399 155 104 176 206 456 408 299 446 228 448 361 428 227 298 156 74 56 138 282 290 279 312 160 321 
368 127 107 201 265 153 316 336 221 372 0 246 58 260 399 117 378 144 281 416 93 476 333 62 101 474 484 375 51 271 335 267 417 339 288 221 97 459 419 88 
223 429 207 362 340 52 455 302 424 346 246 0 334 176 425 249 276 450 365 190 298 419 57 64 222 211 399 485 77 156 177 92 412 384 292 230 100 290 165 308 
247 496 376 110 64 365 327 435 50 250 58 334 0 68 232 213 53 267 340 322 150 105 51 334 73 388 248 347 151 476 377 408 414 111 466 160 113 402 351 229 
63 210 99 166 232 385 93 103 315 228 260 176 68 0 89 296 302 390 80 420 233 52 279 331 149 212 253 216 185 272 441 350 474 403 234 116 406 306 234 215 
469 337 76 393 182 479 139 178 354 406 399 425 232 89 0 459 458 164 54 91 355 148 292 229 461 332 308 345 402 183 359 239 358 478 484 90 429 59 234 433 
425 432 98 259 201 258 308 318 440 399 117 249 213 296 459 0 93 313 436 278 322 241 174 258 329 227 196 86 342 333 356 474 143 447 371 377 491 195 403 115 
95 314 427 383 340 75 271 318 371 155 378 276 53 302 458 93 0 410 378 449 329 151 473 113 478 390 226 114 238 408 330 205 178 486 396 128 192 93 230 212 
433 145 348 191 53 105 205 321 251 104 144 450 267 390 164 313 410 0 195 214 466 168 304 237 162 139 470 92 324 291 399 276 133 405 361 152 140 93 98 185 
297 195 456 79 172 480 400 278 113 176 281 365 340 80 54 436 378 195 0 464 344 407 451 263 342 399 290 289 393 382 470 372 221 456 60 172 348 241 480 332 
439 189 351 466 390 161 316 95 378 206 416 190 322 420 91 278 449 214 464 0 131 253 381 152 493 170 389 129 274 352 121 174 59 171 61 221 270 108 408 450 
348 198 77 474 429 148 314 216 152 456 93 298 150 233 355 322 329 466 344 131 0 330 280 451 203 239 57 445 145 115 280 347 186 434 112 80 294 119 176 199 
99 500 497 240 78 172 488 62 120 408 476 419 105 52 148 241 151 168 407 253 330 0 369 472 172 115 467 222 436 274 321 358 78 166 296 211 80 346 175 468 
450 257 186 389 318 458 218 283 302 299 333 57 51 279 292 174 473 304 451 381 280 369 0 137 428 449 485 98 270 126 186 446 455 496 143 358 328 497 180 175 
192 489 224 383 139 342 289 99 379 446 62 64 334 331 229 258 113 237 263 152 451 472 137 0 167 216 147 235 224 210 53 239 375 286 429 372 339 365 498 179 
243 145 110 253 302 441 239 171 132 228 101 222 73 149 461 329 478 162 342 493 203 172 428 167 0 435 121 110 136 416 397 117 146 375 333 448 65 127 497 198 
442 164 381 94 114 352 388 63 203 448 474 211 388 212 332 227 390 139 399 170 239 115 449 216 435 0 154 105 442 346 346 98 259 367 431 233 75 472 267 462 
290 415 137 168 98 254 110 212 341 361 484 399 248 253 308 196 226 470 290 389 57 467 485 147 121 154 0 408 272 384 420 291 165 331 342 108 155 372 288 469 
92 394 310 465 328 306 380 415 425 428 375 485 347 216 345 86 114 92 289 129 445 222 98 235 110 105 408 0 321 52 449 243 95 338 287 95 231 439 63 236 
301 409 480 162 451 129 422 416 407 227 51 77 151 185 402 342 238 324 393 274 145 436 270 224 136 442 272 321 0 287 436 498 256 207 169 279 89 272 430 162 
51 83 436 58 199 171 170 149 250 298 271 156 476 272 183 333 408 291 382 352 115 274 126 210 416 346 384 52 287 0 178 226 341 454 481 248 281 372 225 370 
362 79 495 151 465 52 300 135 380 156 335 177 377 441 359 356 330 399 470 121 280 321 186 53 397 346 420 449 436 178 0 371 417 239 391 110 476 372 274 239 
235 53 207 436 154 172 195 161 257 74 267 92 408 350 239 474 205 276 372 174 347 358 446 239 117 98 291 243 498 226 371 0 402 189 96 460 301 381 475 395 
439 229 78 375 89 407 276 200 163 56 417 412 414 474 358 143 178 133 221 59 186 78 455 375 146 259 165 95 256 341 417 402 0 154 190 63 155 83 130 99 
276 201 276 315 107 258 466 427 264 138 339 384 111 403 478 447 486 405 456 171 434 166 496 286 375 367 331 338 207 454 239 189 154 0 309 420 94 311 340 107 
221 454 418 429 175 345 399 471 390 282 288 292 466 234 484 371 396 361 60 61 112 296 143 429 333 431 342 287 169 481 391 96 190 309 0 295 500 213 88 95 
231 316 360 129 493 249 117 280 247 290 221 230 160 116 90 377 128 152 172 221 80 211 358 372 448 233 108 95 279 248 110 460 63 420 295 0 433 438 200 393 
55 375 362 493 121 358 213 57 468 279 97 100 113 406 429 491 192 140 348 270 294 80 328 339 65 75 155 231 89 281 476 301 155 94 500 433 0 261 402 277 
402 212 440 126 198 243 176 261 148 312 459 290 402 306 59 195 93 93 241 108 119 346 497 365 127 472 372 439 272 372 372 381 83 311 213 438 261 0 52 187 
95 406 359 357 364 356 258 376 121 160 419 165 351 234 234 403 230 98 480 408 176 175 180 498 497 267 288 63 430 225 274 475 130 340 88 200 402 52 0 177 
76 473 162 201 344 219 385 284 122 321 88 308 229 215 433 115 212 185 332 450 199 468 175 179 198 462 469 236 162 370 239 395 99 107 95 393 277 187 177 0 

1184.5 0 14
1184.5 1 9
1184.5 2 25
1184.5 3 5
1184.5 4 27
1184.5 5 37
1184.5 6 20
1184.5 7 36
1184.5 8 26
1184.5 9 4
1184.5 10 22
1184.5 11 12
1184.5 12 9
1184.5 13 4
1184.5 14 29
1184.5 15 16
1184.5 16 8
1184.5 17 32
1184.5 18 29
1184.5 19 7
1184.5 20 32
1184.5 21 27
1184.5 22 24
1184.5 23 20
1184.5 24 10
1184.5 25 12
1184.5 26 3
1184.5 27 16
1184.5 28 14
1184.5 29 30
1184.5 30 0
1184.5 31 17
1184.5 32 29
1184.5 33 26
1184.5 34 22
1184.5 35 17
1184.5 36 13
1184.5 37 31
1184.5 38 4
1184.5 39 28
