10 10 4 4

0.3 1 6
0.3 2 8
0.3 4 5
0.3 4 8

0 134 122 419 311 111 255 125 480 419 
134 0 132 362 273 269 408 113 499 500 
122 132 0 221 88 334 62 291 410 167 
419 362 221 0 282 405 219 178 113 458 
311 273 88 282 0 454 216 315 327 488 
111 269 334 405 454 0 78 117 492 435 
255 408 62 219 216 78 0 303 239 433 
125 113 291 178 315 117 303 0 188 77 
480 499 410 113 327 492 239 188 0 339 
419 500 167 458 488 435 433 77 339 0 

309.21 0 1
309.21 1 7
309.21 2 5
309.21 3 7
309.21 4 8
309.21 5 3
309.21 6 8
309.21 7 5
309.21 8 5
309.21 9 8
