50 50 3 122

0.2 0 3
0.2 0 33
0.2 0 45
0.2 0 46
0.2 1 2
0.2 1 12
0.2 1 20
0.2 2 5
0.2 2 13
0.2 2 33
0.2 2 46
0.2 2 47
0.2 2 48
0.2 3 11
0.2 3 13
0.2 3 24
0.2 3 35
0.2 3 49
0.2 4 40
0.2 5 7
0.2 5 19
0.2 5 25
0.2 5 30
0.2 5 36
0.2 6 9
0.2 6 26
0.2 6 27
0.2 6 35
0.2 6 41
0.2 6 42
0.2 6 45
0.2 6 48
0.2 7 8
0.2 7 14
0.2 7 34
0.2 7 36
0.2 8 17
0.2 8 18
0.2 8 22
0.2 8 29
0.2 8 40
0.2 8 44
0.2 9 13
0.2 9 35
0.2 9 37
0.2 10 17
0.2 10 20
0.2 10 21
0.2 10 24
0.2 10 33
0.2 10 44
0.2 10 48
0.2 11 20
0.2 11 24
0.2 11 28
0.2 11 38
0.2 11 44
0.2 11 47
0.2 12 23
0.2 12 34
0.2 12 40
0.2 12 48
0.2 13 21
0.2 13 24
0.2 13 31
0.2 13 48
0.2 13 49
0.2 15 18
0.2 15 22
0.2 15 23
0.2 15 33
0.2 15 49
0.2 16 27
0.2 16 33
0.2 16 35
0.2 16 42
0.2 17 35
0.2 17 42
0.2 18 33
0.2 18 34
0.2 18 49
0.2 19 26
0.2 19 44
0.2 20 24
0.2 22 38
0.2 22 41
0.2 22 48
0.2 23 43
0.2 23 44
0.2 23 45
0.2 24 26
0.2 24 30
0.2 24 33
0.2 24 34
0.2 24 38
0.2 24 39
0.2 24 44
0.2 25 33
0.2 27 38
0.2 27 40
0.2 28 31
0.2 28 34
0.2 28 40
0.2 29 37
0.2 29 40
0.2 30 40
0.2 30 41
0.2 30 44
0.2 30 46
0.2 32 39
0.2 33 49
0.2 34 35
0.2 34 38
0.2 35 49
0.2 37 47
0.2 39 41
0.2 39 46
0.2 39 48
0.2 40 43
0.2 40 47
0.2 40 49
0.2 44 47

0 136 427 464 306 390 300 219 323 184 182 240 394 311 499 335 96 278 422 242 160 100 81 452 165 55 164 439 343 353 287 68 208 254 199 153 368 382 136 188 177 247 143 380 379 468 284 378 252 50 
136 0 491 122 208 253 435 307 60 140 357 291 107 151 327 77 433 217 452 207 219 109 239 292 352 99 483 66 463 118 480 335 185 250 396 310 483 228 197 317 93 342 126 420 303 294 102 418 315 121 
427 491 0 395 335 309 421 444 92 180 126 61 359 393 158 299 194 383 242 135 466 183 105 479 144 486 58 263 404 65 390 116 367 100 450 181 96 163 93 373 379 499 310 390 388 317 398 490 433 151 
464 122 395 0 245 416 481 478 165 469 102 141 73 231 420 147 374 375 242 437 490 424 409 311 104 141 168 465 271 402 111 408 323 248 391 196 57 403 405 160 458 265 298 416 470 455 399 219 63 261 
306 208 335 245 0 254 344 151 194 91 337 113 283 355 250 95 297 262 75 155 422 294 73 58 415 445 406 185 158 287 251 152 288 140 294 259 160 395 385 455 73 397 226 284 356 353 82 178 390 276 
390 253 309 416 254 0 446 157 83 69 421 71 400 155 170 400 321 489 366 264 377 312 391 196 364 371 69 133 420 419 292 317 184 242 329 434 225 106 309 487 455 441 331 246 181 80 302 426 221 191 
300 435 421 481 344 446 0 195 128 428 254 184 93 164 70 490 123 121 82 485 58 249 391 172 212 479 380 203 240 173 348 406 435 192 93 290 66 492 416 324 313 171 427 187 96 211 181 77 157 352 
219 307 444 478 151 157 195 0 266 350 56 228 210 259 308 276 418 489 162 237 51 220 328 255 441 109 211 193 122 395 169 451 445 173 242 434 262 310 232 426 107 354 219 334 123 400 301 386 400 242 
323 60 92 165 194 83 128 266 0 436 434 422 250 346 479 461 341 449 468 296 273 390 210 108 71 223 55 458 104 94 171 192 326 203 96 177 71 419 84 155 126 125 136 389 134 453 189 258 443 53 
184 140 180 469 91 69 428 350 436 0 198 217 235 405 93 352 381 423 380 290 245 306 316 204 454 329 471 315 80 119 243 76 462 449 387 179 461 319 163 325 391 218 309 75 405 104 418 472 453 314 
182 357 126 102 337 421 254 56 434 198 0 62 342 270 90 147 152 342 497 258 464 462 378 444 420 164 156 212 275 467 213 400 100 267 469 59 237 238 473 346 386 301 288 487 110 460 146 56 406 430 
240 291 61 141 113 71 184 228 422 217 62 0 106 437 379 220 140 375 412 374 494 257 269 370 89 344 132 337 454 149 240 356 388 344 488 152 139 266 188 331 322 445 489 418 250 279 375 455 485 215 
394 107 359 73 283 400 93 210 250 235 342 106 0 224 343 404 177 326 313 235 193 232 449 112 219 400 205 476 488 149 416 474 435 276 390 140 416 304 408 274 312 397 315 324 465 234 50 499 461 359 
311 151 393 231 355 155 164 259 346 405 270 437 224 0 250 258 237 99 130 179 170 184 302 224 322 82 422 424 296 448 68 71 121 442 126 444 156 141 457 126 105 448 269 56 353 124 387 112 85 363 
499 327 158 420 250 170 70 308 479 93 90 379 343 250 0 196 434 71 189 326 335 453 63 260 418 285 305 63 373 309 96 130 469 297 268 476 120 68 264 355 443 393 330 228 249 142 225 92 73 372 
335 77 299 147 95 400 490 276 461 352 147 220 404 258 196 0 134 372 480 427 129 153 467 209 424 421 240 131 81 344 120 69 454 402 254 117 221 248 413 327 199 71 157 385 408 211 421 438 103 463 
96 433 194 374 297 321 123 418 341 381 152 140 177 237 434 134 0 238 463 372 483 267 257 51 137 487 292 56 271 243 328 348 176 281 228 249 347 84 51 415 251 179 150 102 487 485 86 159 133 436 
278 217 383 375 262 489 121 489 449 423 342 375 326 99 71 372 238 0 64 107 98 218 440 420 328 411 149 425 52 181 390 164 132 365 374 213 486 398 421 128 429 494 271 294 109 165 250 439 101 298 
422 452 242 242 75 366 82 162 468 380 497 412 313 130 189 480 463 64 0 292 320 362 113 231 123 216 139 260 94 375 69 409 118 151 271 482 404 295 226 122 97 98 100 127 264 274 135 481 159 211 
242 207 135 437 155 264 485 237 296 290 258 374 235 179 326 427 372 107 292 0 219 490 270 380 457 412 325 67 109 221 215 368 250 399 306 306 303 485 450 246 241 176 437 61 50 405 53 105 65 229 
160 219 466 490 422 377 58 51 273 245 464 494 193 170 335 129 483 98 320 219 0 413 158 396 146 232 140 165 58 184 264 330 168 311 238 485 237 370 74 214 370 363 182 246 340 282 229 124 261 332 
100 109 183 424 294 312 249 220 390 306 462 257 232 184 453 153 267 218 362 490 413 0 320 179 53 134 60 51 470 175 447 379 447 372 208 209 443 298 318 463 228 403 447 152 216 61 359 81 205 66 
81 239 105 409 73 391 391 328 210 316 378 269 449 302 63 467 257 440 113 270 158 320 0 388 424 335 311 373 319 280 105 70 270 365 350 477 173 338 103 415 197 55 322 280 394 180 258 388 333 171 
452 292 479 311 58 196 172 255 108 204 444 370 112 224 260 209 51 420 231 380 396 179 388 0 305 75 50 254 283 399 389 141 260 230 321 250 341 450 339 181 449 482 298 410 354 287 333 60 385 73 
165 352 144 104 415 364 212 441 71 454 420 89 219 322 418 424 137 328 123 457 146 53 424 305 0 412 433 326 134 144 226 267 213 94 227 252 244 107 67 196 419 342 314 110 120 346 238 272 466 277 
55 99 486 141 445 371 479 109 223 329 164 344 400 82 285 421 487 411 216 412 232 134 335 75 412 0 429 463 76 305 211 247 223 377 465 89 472 449 89 279 476 136 311 86 423 236 415 345 363 98 
164 483 58 168 406 69 380 211 55 471 156 132 205 422 305 240 292 149 139 325 140 60 311 50 433 429 0 471 155 181 240 302 61 69 266 370 53 154 332 399 394 381 355 500 164 376 491 299 463 226 
439 66 263 465 185 133 203 193 458 315 212 337 476 424 63 131 56 425 260 67 165 51 373 254 326 463 471 0 94 435 237 213 133 408 337 154 147 142 136 491 321 235 96 236 363 84 76 336 482 73 
343 463 404 271 158 420 240 122 104 80 275 454 488 296 373 81 271 52 94 109 58 470 319 283 134 76 155 94 0 331 342 190 364 445 357 301 374 154 184 235 497 443 360 428 478 351 106 302 456 498 
353 118 65 402 287 419 173 395 94 119 467 149 149 448 309 344 243 181 375 221 184 175 280 399 144 305 181 435 331 0 381 144 362 403 414 142 102 108 462 425 370 337 243 154 411 421 138 180 339 189 
287 480 390 111 251 292 348 169 171 243 213 240 416 68 96 120 328 390 69 215 264 447 105 389 226 211 240 237 342 381 0 94 384 393 196 456 404 250 261 250 354 412 253 357 73 444 440 332 434 403 
68 335 116 408 152 317 406 451 192 76 400 356 474 71 130 69 348 164 409 368 330 379 70 141 267 247 302 213 190 144 94 0 278 198 262 404 448 486 477 129 173 190 453 64 112 319 341 387 207 499 
208 185 367 323 288 184 435 445 326 462 100 388 435 121 469 454 176 132 118 250 168 447 270 260 213 223 61 133 364 362 384 278 0 360 66 403 85 286 365 241 169 179 75 281 214 214 190 98 153 260 
254 250 100 248 140 242 192 173 203 449 267 344 276 442 297 402 281 365 151 399 311 372 365 230 94 377 69 408 445 403 393 198 360 0 352 343 450 363 60 329 233 410 269 453 411 261 93 78 367 260 
199 396 450 391 294 329 93 242 96 387 469 488 390 126 268 254 228 374 271 306 238 208 350 321 227 465 266 337 357 414 196 262 66 352 0 100 455 145 138 446 131 161 457 186 81 480 446 105 220 466 
153 310 181 196 259 434 290 434 177 179 59 152 140 444 476 117 249 213 482 306 485 209 477 250 252 89 370 154 301 142 456 404 403 343 100 0 402 180 456 402 193 282 251 64 276 274 430 226 493 487 
368 483 96 57 160 225 66 262 71 461 237 139 416 156 120 221 347 486 404 303 237 443 173 341 244 472 53 147 374 102 404 448 85 450 455 402 0 175 76 315 394 106 306 198 299 498 345 210 87 157 
382 228 163 403 395 106 492 310 419 319 238 266 304 141 68 248 84 398 295 485 370 298 338 450 107 449 154 142 154 108 250 486 286 363 145 180 175 0 260 269 150 282 140 79 334 397 333 340 327 318 
136 197 93 405 385 309 416 232 84 163 473 188 408 457 264 413 51 421 226 450 74 318 103 339 67 89 332 136 184 462 261 477 365 60 138 456 76 260 0 327 457 343 176 104 349 173 437 318 149 435 
188 317 373 160 455 487 324 426 155 325 346 331 274 126 355 327 415 128 122 246 214 463 415 181 196 279 399 491 235 425 250 129 241 329 446 402 315 269 327 0 470 182 392 86 139 207 240 418 236 368 
177 93 379 458 73 455 313 107 126 391 386 322 312 105 443 199 251 429 97 241 370 228 197 449 419 476 394 321 497 370 354 173 169 233 131 193 394 150 457 470 0 207 399 105 239 208 251 311 486 338 
247 342 499 265 397 441 171 354 125 218 301 445 397 448 393 71 179 494 98 176 363 403 55 482 342 136 381 235 443 337 412 190 179 410 161 282 106 282 343 182 207 0 414 297 165 132 289 324 54 120 
143 126 310 298 226 331 427 219 136 309 288 489 315 269 330 157 150 271 100 437 182 447 322 298 314 311 355 96 360 243 253 453 75 269 457 251 306 140 176 392 399 414 0 454 339 436 114 128 427 82 
380 420 390 416 284 246 187 334 389 75 487 418 324 56 228 385 102 294 127 61 246 152 280 410 110 86 500 236 428 154 357 64 281 453 186 64 198 79 104 86 105 297 454 0 203 392 458 309 203 197 
379 303 388 470 356 181 96 123 134 405 110 250 465 353 249 408 487 109 264 50 340 216 394 354 120 423 164 363 478 411 73 112 214 411 81 276 299 334 349 139 239 165 339 203 0 413 175 386 89 433 
468 294 317 455 353 80 211 400 453 104 460 279 234 124 142 211 485 165 274 405 282 61 180 287 346 236 376 84 351 421 444 319 214 261 480 274 498 397 173 207 208 132 436 392 413 0 290 170 450 405 
284 102 398 399 82 302 181 301 189 418 146 375 50 387 225 421 86 250 135 53 229 359 258 333 238 415 491 76 106 138 440 341 190 93 446 430 345 333 437 240 251 289 114 458 175 290 0 453 256 366 
378 418 490 219 178 426 77 386 258 472 56 455 499 112 92 438 159 439 481 105 124 81 388 60 272 345 299 336 302 180 332 387 98 78 105 226 210 340 318 418 311 324 128 309 386 170 453 0 380 125 
252 315 433 63 390 221 157 400 443 453 406 485 461 85 73 103 133 101 159 65 261 205 333 385 466 363 463 482 456 339 434 207 153 367 220 493 87 327 149 236 486 54 427 203 89 450 256 380 0 409 
50 121 151 261 276 191 352 242 53 314 430 215 359 363 372 463 436 298 211 229 332 66 171 73 277 98 226 73 498 189 403 499 260 260 466 487 157 318 435 368 338 120 82 197 433 405 366 125 409 0 

727.25 0 29
727.25 1 6
727.25 2 7
727.25 3 35
727.25 4 33
727.25 5 39
727.25 6 47
727.25 7 15
727.25 8 45
727.25 9 13
727.25 10 35
727.25 11 48
727.25 12 26
727.25 13 28
727.25 14 35
727.25 15 20
727.25 16 10
727.25 17 7
727.25 18 42
727.25 19 32
727.25 20 3
727.25 21 19
727.25 22 42
727.25 23 3
727.25 24 1
727.25 25 34
727.25 26 4
727.25 27 41
727.25 28 31
727.25 29 28
727.25 30 23
727.25 31 17
727.25 32 40
727.25 33 31
727.25 34 8
727.25 35 24
727.25 36 21
727.25 37 6
727.25 38 44
727.25 39 17
727.25 40 20
727.25 41 30
727.25 42 22
727.25 43 46
727.25 44 15
727.25 45 8
727.25 46 22
727.25 47 25
727.25 48 15
727.25 49 21
