20 20 4 47

0.4 0 4
0.4 0 5
0.4 0 8
0.4 0 12
0.4 0 13
0.4 0 17
0.4 1 2
0.4 1 5
0.4 1 13
0.4 2 3
0.4 2 11
0.4 2 13
0.4 2 15
0.4 2 19
0.4 3 5
0.4 3 8
0.4 3 12
0.4 3 14
0.4 3 15
0.4 3 16
0.4 3 17
0.4 3 19
0.4 4 5
0.4 4 11
0.4 4 13
0.4 4 14
0.4 4 18
0.4 5 11
0.4 5 12
0.4 5 18
0.4 6 7
0.4 6 12
0.4 7 11
0.4 7 18
0.4 8 15
0.4 9 13
0.4 9 19
0.4 11 13
0.4 11 15
0.4 11 17
0.4 12 13
0.4 12 14
0.4 13 19
0.4 14 16
0.4 14 17
0.4 14 18
0.4 16 19

0 410 222 475 238 130 475 319 258 380 73 468 137 448 308 261 206 304 275 310 
410 0 384 332 114 189 71 151 120 86 104 412 125 362 63 400 299 401 360 392 
222 384 0 500 474 94 300 160 291 395 75 482 135 425 217 352 494 269 155 210 
475 332 500 0 86 116 359 323 168 109 80 162 238 288 114 66 219 320 89 347 
238 114 474 86 0 119 109 263 292 330 169 169 391 300 52 347 467 454 495 457 
130 189 94 116 119 0 202 227 381 231 134 309 415 363 59 213 108 189 338 393 
475 71 300 359 109 202 0 195 349 455 439 159 419 437 408 441 428 467 469 369 
319 151 160 323 263 227 195 0 330 130 438 494 346 311 334 134 476 87 462 259 
258 120 291 168 292 381 349 330 0 297 443 307 495 86 145 220 222 115 164 133 
380 86 395 109 330 231 455 130 297 0 305 490 423 348 352 59 261 233 493 466 
73 104 75 80 169 134 439 438 443 305 0 343 125 293 224 71 327 315 153 491 
468 412 482 162 169 309 159 494 307 490 343 0 306 198 59 481 74 95 207 274 
137 125 135 238 391 415 419 346 495 423 125 306 0 468 271 302 192 485 250 361 
448 362 425 288 300 363 437 311 86 348 293 198 468 0 276 125 93 391 71 472 
308 63 217 114 52 59 408 334 145 352 224 59 271 276 0 480 51 282 217 341 
261 400 352 66 347 213 441 134 220 59 71 481 302 125 480 0 418 191 150 467 
206 299 494 219 467 108 428 476 222 261 327 74 192 93 51 418 0 189 497 268 
304 401 269 320 454 189 467 87 115 233 315 95 485 391 282 191 189 0 243 335 
275 360 155 89 495 338 469 462 164 493 153 207 250 71 217 150 497 243 0 60 
310 392 210 347 457 393 369 259 133 466 491 274 361 472 341 467 268 335 60 0 

699 0 13
699 1 12
699 2 1
699 3 8
699 4 5
699 5 2
699 6 12
699 7 12
699 8 6
699 9 5
699 10 9
699 11 9
699 12 8
699 13 4
699 14 4
699 15 10
699 16 18
699 17 3
699 18 7
699 19 16
