20 20 3 47

0.3 0 2
0.3 0 3
0.3 0 15
0.3 1 5
0.3 1 12
0.3 1 13
0.3 1 19
0.3 2 4
0.3 2 6
0.3 2 7
0.3 2 9
0.3 2 12
0.3 3 10
0.3 3 14
0.3 3 16
0.3 3 19
0.3 4 6
0.3 4 8
0.3 4 10
0.3 4 14
0.3 4 17
0.3 5 6
0.3 5 10
0.3 5 15
0.3 6 14
0.3 6 15
0.3 7 9
0.3 7 11
0.3 7 15
0.3 7 18
0.3 8 12
0.3 8 17
0.3 8 19
0.3 9 14
0.3 9 16
0.3 9 17
0.3 10 11
0.3 10 13
0.3 10 18
0.3 11 12
0.3 11 19
0.3 12 13
0.3 12 16
0.3 13 18
0.3 14 15
0.3 14 18
0.3 16 19

0 141 448 492 90 226 466 324 483 445 450 180 299 392 120 252 496 488 458 337 
141 0 370 285 275 180 291 309 51 362 225 248 244 437 391 499 382 186 434 444 
448 370 0 452 474 269 210 97 417 214 105 203 400 467 249 199 96 108 113 437 
492 285 452 0 460 218 429 253 123 418 366 391 463 240 430 114 387 309 189 162 
90 275 474 460 0 403 87 384 449 78 154 230 161 467 190 390 130 283 461 114 
226 180 269 218 403 0 459 125 286 146 142 204 428 394 287 342 476 400 186 370 
466 291 210 429 87 459 0 260 322 97 80 307 109 348 435 288 76 96 305 365 
324 309 97 253 384 125 260 0 233 53 428 60 415 301 140 130 123 119 90 293 
483 51 417 123 449 286 322 233 0 315 158 359 432 281 186 308 166 414 152 215 
445 362 214 418 78 146 97 53 315 0 128 300 130 302 153 181 374 227 73 468 
450 225 105 366 154 142 80 428 158 128 0 332 120 210 458 184 259 253 371 204 
180 248 203 391 230 204 307 60 359 300 332 0 363 378 321 316 269 229 388 263 
299 244 400 463 161 428 109 415 432 130 120 363 0 239 419 412 331 346 211 451 
392 437 467 240 467 394 348 301 281 302 210 378 239 0 372 437 79 396 280 161 
120 391 249 430 190 287 435 140 186 153 458 321 419 372 0 476 188 205 376 196 
252 499 199 114 390 342 288 130 308 181 184 316 412 437 476 0 410 341 104 271 
496 382 96 387 130 476 76 123 166 374 259 269 331 79 188 410 0 277 94 300 
488 186 108 309 283 400 96 119 414 227 253 229 346 396 205 341 277 0 184 363 
458 434 113 189 461 186 305 90 152 73 371 388 211 280 376 104 94 184 0 163 
337 444 437 162 114 370 365 293 215 468 204 263 451 161 196 271 300 363 163 0 

864 0 18
864 1 15
864 2 6
864 3 15
864 4 9
864 5 16
864 6 3
864 7 18
864 8 2
864 9 1
864 10 12
864 11 2
864 12 3
864 13 6
864 14 1
864 15 11
864 16 17
864 17 12
864 18 10
864 19 12
