10 10 4 11

0.4 0 6
0.4 1 3
0.4 1 6
0.4 1 7
0.4 2 5
0.4 2 7
0.4 3 9
0.4 5 6
0.4 5 7
0.4 6 9
0.4 7 9

0 370 287 422 50 343 88 238 259 403 
370 0 238 335 201 421 379 199 415 464 
287 238 0 250 305 437 214 88 258 393 
422 335 250 0 362 374 447 290 335 207 
50 201 305 362 0 395 157 196 201 325 
343 421 437 374 395 0 499 370 446 442 
88 379 214 447 157 499 0 226 256 334 
238 199 88 290 196 370 226 0 486 468 
259 415 258 335 201 446 256 486 0 315 
403 464 393 207 325 442 334 468 315 0 

811 0 8
811 1 6
811 2 1
811 3 4
811 4 0
811 5 1
811 6 7
811 7 8
811 8 6
811 9 8
