40 40 4 78

0.25 0 1
0.25 0 24
0.25 0 26
0.25 0 29
0.25 1 5
0.25 1 37
0.25 1 39
0.25 2 6
0.25 2 17
0.25 2 21
0.25 2 22
0.25 2 23
0.25 2 26
0.25 2 33
0.25 2 35
0.25 2 36
0.25 2 37
0.25 3 18
0.25 3 30
0.25 3 36
0.25 4 13
0.25 4 27
0.25 4 33
0.25 5 18
0.25 6 8
0.25 6 17
0.25 6 18
0.25 6 21
0.25 6 34
0.25 6 35
0.25 7 12
0.25 7 35
0.25 8 17
0.25 8 32
0.25 8 33
0.25 9 13
0.25 9 34
0.25 9 37
0.25 10 35
0.25 10 37
0.25 11 27
0.25 12 16
0.25 13 14
0.25 13 26
0.25 13 38
0.25 14 36
0.25 15 20
0.25 15 35
0.25 15 38
0.25 16 21
0.25 17 34
0.25 17 37
0.25 18 23
0.25 18 27
0.25 18 28
0.25 18 34
0.25 18 39
0.25 20 36
0.25 21 26
0.25 21 28
0.25 21 33
0.25 21 35
0.25 21 39
0.25 22 37
0.25 23 25
0.25 25 28
0.25 25 35
0.25 25 38
0.25 26 27
0.25 26 35
0.25 28 31
0.25 29 34
0.25 30 35
0.25 31 32
0.25 32 33
0.25 34 38
0.25 34 39
0.25 35 36

0 110 224 130 269 402 353 380 60 434 422 258 421 346 366 232 192 393 397 221 256 472 408 455 472 200 353 351 87 450 445 391 355 441 102 127 189 255 117 485 
110 0 372 132 384 389 498 75 331 175 416 455 153 130 51 393 473 306 206 254 378 231 468 484 407 187 248 136 341 264 408 421 359 109 413 457 233 358 497 160 
224 372 0 231 274 489 299 193 174 226 475 292 285 246 350 447 361 351 474 98 416 463 192 351 291 405 138 477 60 144 116 467 144 311 146 205 454 308 238 439 
130 132 231 0 487 194 80 470 327 414 220 136 353 293 199 275 193 375 163 158 58 371 170 499 362 291 185 388 466 487 416 213 68 98 280 147 112 313 444 495 
269 384 274 487 0 206 266 483 54 368 202 221 274 470 221 238 78 494 483 90 85 388 499 408 480 287 478 294 191 104 258 336 402 134 130 478 75 207 285 395 
402 389 489 194 206 0 256 261 253 127 448 123 153 484 460 77 267 134 217 310 195 438 372 277 442 265 86 329 354 154 310 225 75 471 463 291 313 240 171 93 
353 498 299 80 266 256 0 379 407 59 182 468 187 265 326 471 120 345 412 290 224 182 387 397 115 62 91 343 198 209 226 229 454 218 70 297 201 236 322 437 
380 75 193 470 483 261 379 0 343 112 81 498 283 294 80 481 244 231 340 130 147 311 340 356 89 258 164 383 286 453 119 62 170 159 70 424 303 427 314 273 
60 331 174 327 54 253 407 343 0 478 473 127 422 241 451 497 92 337 118 180 317 75 97 141 396 171 441 220 147 214 225 294 75 291 380 136 352 223 227 436 
434 175 226 414 368 127 59 112 478 0 325 220 164 426 386 211 151 262 303 55 194 426 234 304 306 59 332 76 233 113 178 160 321 234 444 153 143 376 430 143 
422 416 475 220 202 448 182 81 473 325 0 160 204 293 304 452 195 182 452 166 59 158 311 79 146 326 157 175 128 238 283 397 66 418 240 383 226 82 59 444 
258 455 292 136 221 123 468 498 127 220 160 0 337 84 310 497 184 90 280 193 70 282 485 491 151 150 412 468 236 312 495 76 101 423 345 277 424 433 77 397 
421 153 285 353 274 153 187 283 422 164 204 337 0 146 72 402 161 164 215 451 121 303 403 424 213 451 100 397 159 53 366 155 426 220 357 332 270 172 155 261 
346 130 246 293 470 484 265 294 241 426 293 84 146 0 293 377 211 59 356 269 263 73 388 78 374 148 122 322 361 72 301 263 279 259 252 235 484 78 236 308 
366 51 350 199 221 460 326 80 451 386 304 310 72 293 0 289 206 329 172 105 325 290 373 362 498 397 83 55 117 254 498 328 135 207 435 217 190 106 172 164 
232 393 447 275 238 77 471 481 497 211 452 497 402 377 289 0 405 62 471 424 229 94 341 67 68 103 316 54 126 162 388 152 284 62 473 122 156 402 185 487 
192 473 361 193 78 267 120 244 92 151 195 184 161 211 206 405 0 238 413 138 60 425 69 368 221 404 398 234 257 383 55 357 343 140 353 177 53 490 207 265 
393 306 351 375 494 134 345 231 337 262 182 90 164 59 329 62 238 0 497 87 341 220 390 409 301 493 390 105 390 322 160 89 381 166 441 100 89 351 221 193 
397 206 474 163 483 217 412 340 118 303 452 280 215 356 172 471 413 497 0 347 226 191 122 251 305 204 473 126 131 239 477 469 253 395 83 267 290 226 462 124 
221 254 98 158 90 310 290 130 180 55 166 193 451 269 105 424 138 87 347 0 347 448 445 385 211 323 496 267 261 139 83 334 176 299 235 180 173 226 167 135 
256 378 416 58 85 195 224 147 317 194 59 70 121 263 325 229 60 341 226 347 0 365 254 393 431 366 286 371 123 211 105 122 209 355 177 70 280 144 158 253 
472 231 463 371 388 438 182 311 75 426 158 282 303 73 290 94 425 220 191 448 365 0 354 360 333 201 75 474 393 76 116 73 483 383 439 400 462 324 268 94 
408 468 192 170 499 372 387 340 97 234 311 485 403 388 373 341 69 390 122 445 254 354 0 272 72 98 155 363 337 351 244 156 489 237 297 183 295 265 69 75 
455 484 351 499 408 277 397 356 141 304 79 491 424 78 362 67 368 409 251 385 393 360 272 0 448 87 279 343 96 284 131 72 231 406 263 414 117 343 458 121 
472 407 291 362 480 442 115 89 396 306 146 151 213 374 498 68 221 301 305 211 431 333 72 448 0 452 436 226 470 420 173 362 100 356 182 485 237 120 78 132 
200 187 405 291 287 265 62 258 171 59 326 150 451 148 397 103 404 493 204 323 366 201 98 87 452 0 429 356 67 394 234 486 474 380 297 222 87 254 138 462 
353 248 138 185 478 86 91 164 441 332 157 412 100 122 83 316 398 390 473 496 286 75 155 279 436 429 0 125 409 86 257 463 193 488 187 172 148 437 371 384 
351 136 477 388 294 329 343 383 220 76 175 468 397 322 55 54 234 105 126 267 371 474 363 343 226 356 125 0 69 389 273 325 376 293 135 131 333 306 354 112 
87 341 60 466 191 354 198 286 147 233 128 236 159 361 117 126 257 390 131 261 123 393 337 96 470 67 409 69 0 167 270 258 231 218 88 69 249 402 264 390 
450 264 144 487 104 154 209 453 214 113 238 312 53 72 254 162 383 322 239 139 211 76 351 284 420 394 86 389 167 0 353 232 131 246 51 292 90 143 234 74 
445 408 116 416 258 310 226 119 225 178 283 495 366 301 498 388 55 160 477 83 105 116 244 131 173 234 257 273 270 353 0 177 259 85 147 80 489 311 369 121 
391 421 467 213 336 225 229 62 294 160 397 76 155 263 328 152 357 89 469 334 122 73 156 72 362 486 463 325 258 232 177 0 86 365 348 146 388 363 331 130 
355 359 144 68 402 75 454 170 75 321 66 101 426 279 135 284 343 381 253 176 209 483 489 231 100 474 193 376 231 131 259 86 0 306 170 456 480 207 437 184 
441 109 311 98 134 471 218 159 291 234 418 423 220 259 207 62 140 166 395 299 355 383 237 406 356 380 488 293 218 246 85 365 306 0 243 443 442 325 106 59 
102 413 146 280 130 463 70 70 380 444 240 345 357 252 435 473 353 441 83 235 177 439 297 263 182 297 187 135 88 51 147 348 170 243 0 450 206 175 481 331 
127 457 205 147 478 291 297 424 136 153 383 277 332 235 217 122 177 100 267 180 70 400 183 414 485 222 172 131 69 292 80 146 456 443 450 0 55 364 221 78 
189 233 454 112 75 313 201 303 352 143 226 424 270 484 190 156 53 89 290 173 280 462 295 117 237 87 148 333 249 90 489 388 480 442 206 55 0 65 434 309 
255 358 308 313 207 240 236 427 223 376 82 433 172 78 106 402 490 351 226 226 144 324 265 343 120 254 437 306 402 143 311 363 207 325 175 364 65 0 302 267 
117 497 238 444 285 171 322 314 227 430 59 77 155 236 172 185 207 221 462 167 158 268 69 458 78 138 371 354 264 234 369 331 437 106 481 221 434 302 0 57 
485 160 439 495 395 93 437 273 436 143 444 397 261 308 164 487 265 193 124 135 253 94 75 121 132 462 384 112 390 74 121 130 184 59 331 78 309 267 57 0 

608.25 0 35
608.25 1 2
608.25 2 29
608.25 3 31
608.25 4 3
608.25 5 9
608.25 6 30
608.25 7 0
608.25 8 4
608.25 9 12
608.25 10 4
608.25 11 37
608.25 12 35
608.25 13 15
608.25 14 34
608.25 15 33
608.25 16 17
608.25 17 22
608.25 18 19
608.25 19 7
608.25 20 9
608.25 21 16
608.25 22 24
608.25 23 16
608.25 24 27
608.25 25 8
608.25 26 31
608.25 27 15
608.25 28 3
608.25 29 31
608.25 30 13
608.25 31 38
608.25 32 33
608.25 33 31
608.25 34 19
608.25 35 36
608.25 36 30
608.25 37 0
608.25 38 36
608.25 39 34
