10 10 4 4

0.3 0 1
0.3 1 9
0.3 3 7
0.3 5 7

0 172 316 428 298 168 175 258 83 346 
172 0 129 363 297 93 284 399 139 136 
316 129 0 375 163 62 197 69 392 234 
428 363 375 0 210 458 110 419 412 215 
298 297 163 210 0 236 321 191 161 297 
168 93 62 458 236 0 122 231 472 353 
175 284 197 110 321 122 0 128 339 465 
258 399 69 419 191 231 128 0 231 309 
83 139 392 412 161 472 339 231 0 66 
346 136 234 215 297 353 465 309 66 0 

297.66 0 5
297.66 1 5
297.66 2 8
297.66 3 8
297.66 4 0
297.66 5 7
297.66 6 4
297.66 7 8
297.66 8 0
297.66 9 6
