10 10 3 11

0.25 0 3
0.25 0 8
0.25 1 8
0.25 2 7
0.25 2 8
0.25 3 7
0.25 4 5
0.25 4 7
0.25 5 8
0.25 6 9
0.25 7 9

0 326 494 140 295 59 77 92 181 457 
326 0 406 312 444 394 350 169 377 305 
494 406 0 105 270 465 344 133 289 88 
140 312 105 0 209 327 123 357 213 433 
295 444 270 209 0 357 57 128 126 464 
59 394 465 327 357 0 196 91 195 305 
77 350 344 123 57 196 0 78 303 326 
92 169 133 357 128 91 78 0 389 429 
181 377 289 213 126 195 303 389 0 131 
457 305 88 433 464 305 326 429 131 0 

291.06 0 1
291.06 1 3
291.06 2 4
291.06 3 7
291.06 4 2
291.06 5 7
291.06 6 7
291.06 7 3
291.06 8 2
291.06 9 6
