20 20 4 47

0.4 0 2
0.4 0 8
0.4 0 10
0.4 0 11
0.4 0 13
0.4 1 2
0.4 2 5
0.4 2 14
0.4 2 19
0.4 3 9
0.4 3 10
0.4 3 16
0.4 3 17
0.4 4 6
0.4 4 10
0.4 4 12
0.4 4 14
0.4 5 7
0.4 5 8
0.4 5 10
0.4 5 11
0.4 6 11
0.4 6 13
0.4 6 17
0.4 6 19
0.4 7 10
0.4 7 15
0.4 8 10
0.4 8 13
0.4 8 15
0.4 8 16
0.4 8 17
0.4 8 19
0.4 9 11
0.4 9 12
0.4 9 13
0.4 9 14
0.4 9 16
0.4 10 16
0.4 10 17
0.4 10 18
0.4 12 17
0.4 13 15
0.4 13 18
0.4 14 15
0.4 15 19
0.4 17 19

0 101 153 208 430 311 94 464 366 169 488 77 299 458 245 178 233 246 111 420 
101 0 258 488 500 333 488 239 236 468 380 147 173 218 141 255 137 275 182 442 
153 258 0 313 84 298 261 493 392 82 100 279 347 391 364 458 119 308 66 490 
208 488 313 0 401 308 220 102 417 203 249 99 87 384 462 470 80 215 105 364 
430 500 84 401 0 295 169 276 339 124 99 463 82 261 145 212 207 193 63 429 
311 333 298 308 295 0 138 244 357 99 220 465 177 367 243 175 288 189 172 168 
94 488 261 220 169 138 0 72 331 243 337 442 137 255 468 117 175 489 310 70 
464 239 493 102 276 244 72 0 82 128 269 135 275 296 475 302 400 445 370 303 
366 236 392 417 339 357 331 82 0 113 165 60 256 394 89 142 255 281 317 86 
169 468 82 203 124 99 243 128 113 0 85 54 200 353 54 434 356 178 276 293 
488 380 100 249 99 220 337 269 165 85 0 173 470 74 56 56 439 207 439 51 
77 147 279 99 463 465 442 135 60 54 173 0 342 444 216 388 466 375 177 187 
299 173 347 87 82 177 137 275 256 200 470 342 0 71 348 83 363 212 296 359 
458 218 391 384 261 367 255 296 394 353 74 444 71 0 282 115 361 273 289 319 
245 141 364 462 145 243 468 475 89 54 56 216 348 282 0 168 314 493 129 319 
178 255 458 470 212 175 117 302 142 434 56 388 83 115 168 0 351 151 70 131 
233 137 119 80 207 288 175 400 255 356 439 466 363 361 314 351 0 360 303 375 
246 275 308 215 193 189 489 445 281 178 207 375 212 273 493 151 360 0 295 333 
111 182 66 105 63 172 310 370 317 276 439 177 296 289 129 70 303 295 0 460 
420 442 490 364 429 168 70 303 86 293 51 187 359 319 319 131 375 333 460 0 

706 0 10
706 1 2
706 2 13
706 3 4
706 4 3
706 5 6
706 6 12
706 7 18
706 8 10
706 9 8
706 10 13
706 11 17
706 12 9
706 13 4
706 14 6
706 15 11
706 16 12
706 17 16
706 18 8
706 19 7
