10 10 3 9

0.25 0 3
0.25 1 7
0.25 2 8
0.25 3 5
0.25 4 6
0.25 4 7
0.25 4 9
0.25 5 7
0.25 7 9

0 372 439 372 212 168 335 213 452 324 
372 0 373 375 323 142 164 142 352 112 
439 373 0 332 226 283 197 321 413 401 
372 375 332 0 258 60 179 160 79 256 
212 323 226 258 0 54 491 377 498 76 
168 142 283 60 54 0 124 342 492 68 
335 164 197 179 491 124 0 347 401 348 
213 142 321 160 377 342 347 0 372 309 
452 352 413 79 498 492 401 372 0 285 
324 112 401 256 76 68 348 309 285 0 

331.32 0 1
331.32 1 6
331.32 2 1
331.32 3 4
331.32 4 5
331.32 5 6
331.32 6 5
331.32 7 8
331.32 8 7
331.32 9 2
