20 20 4 38

0.3 0 3
0.3 0 5
0.3 0 7
0.3 0 11
0.3 0 12
0.3 0 16
0.3 1 13
0.3 2 5
0.3 2 9
0.3 2 10
0.3 2 19
0.3 3 4
0.3 3 10
0.3 3 11
0.3 3 12
0.3 3 19
0.3 4 9
0.3 4 12
0.3 4 15
0.3 4 16
0.3 5 10
0.3 5 17
0.3 6 8
0.3 6 10
0.3 6 17
0.3 7 10
0.3 7 19
0.3 8 9
0.3 8 10
0.3 9 11
0.3 9 16
0.3 10 12
0.3 10 16
0.3 10 19
0.3 11 16
0.3 11 19
0.3 12 16
0.3 12 17

0 210 281 312 221 112 378 111 427 394 302 385 197 349 412 455 387 349 425 367 
210 0 218 392 122 344 172 439 85 326 213 487 408 246 297 375 331 98 110 499 
281 218 0 109 129 468 120 230 410 486 311 226 149 390 105 83 89 89 88 261 
312 392 109 0 336 177 92 155 136 473 128 358 389 346 195 383 391 438 121 326 
221 122 129 336 0 279 274 307 72 368 462 169 381 64 312 430 142 234 469 280 
112 344 468 177 279 0 240 472 335 305 291 261 468 169 172 280 441 319 303 237 
378 172 120 92 274 240 0 474 155 73 319 474 193 282 98 479 202 416 109 498 
111 439 230 155 307 472 474 0 414 336 279 256 160 269 219 275 265 460 95 282 
427 85 410 136 72 335 155 414 0 432 229 283 59 260 272 50 489 75 252 69 
394 326 486 473 368 305 73 336 432 0 499 308 332 475 437 147 127 270 447 163 
302 213 311 128 462 291 319 279 229 499 0 117 412 445 306 56 243 222 429 167 
385 487 226 358 169 261 474 256 283 308 117 0 429 324 446 477 181 51 146 239 
197 408 149 389 381 468 193 160 59 332 412 429 0 143 337 357 384 333 378 109 
349 246 390 346 64 169 282 269 260 475 445 324 143 0 416 237 395 410 435 298 
412 297 105 195 312 172 98 219 272 437 306 446 337 416 0 177 224 386 201 55 
455 375 83 383 430 280 479 275 50 147 56 477 357 237 177 0 299 220 182 148 
387 331 89 391 142 441 202 265 489 127 243 181 384 395 224 299 0 240 474 369 
349 98 89 438 234 319 416 460 75 270 222 51 333 410 386 220 240 0 138 474 
425 110 88 121 469 303 109 95 252 447 429 146 378 435 201 182 474 138 0 157 
367 499 261 326 280 237 498 282 69 163 167 239 109 298 55 148 369 474 157 0 

487.41 0 2
487.41 1 6
487.41 2 15
487.41 3 10
487.41 4 17
487.41 5 18
487.41 6 11
487.41 7 15
487.41 8 0
487.41 9 14
487.41 10 12
487.41 11 14
487.41 12 15
487.41 13 0
487.41 14 16
487.41 15 10
487.41 16 14
487.41 17 9
487.41 18 13
487.41 19 8
