40 40 4 156

0.4 0 14
0.4 0 19
0.4 0 25
0.4 0 39
0.4 1 15
0.4 1 18
0.4 1 19
0.4 1 21
0.4 1 23
0.4 1 30
0.4 1 39
0.4 2 3
0.4 2 4
0.4 2 6
0.4 2 11
0.4 2 16
0.4 2 38
0.4 3 5
0.4 3 8
0.4 3 13
0.4 3 29
0.4 3 39
0.4 4 13
0.4 4 16
0.4 4 19
0.4 4 21
0.4 4 26
0.4 4 34
0.4 4 36
0.4 5 7
0.4 5 18
0.4 5 19
0.4 5 27
0.4 6 7
0.4 6 9
0.4 6 17
0.4 6 18
0.4 6 25
0.4 6 36
0.4 7 8
0.4 7 10
0.4 7 11
0.4 7 18
0.4 7 19
0.4 7 22
0.4 7 24
0.4 7 31
0.4 8 14
0.4 8 17
0.4 8 24
0.4 8 26
0.4 8 34
0.4 8 35
0.4 8 38
0.4 8 39
0.4 9 14
0.4 9 28
0.4 10 13
0.4 10 21
0.4 10 25
0.4 10 28
0.4 10 30
0.4 10 31
0.4 10 37
0.4 11 20
0.4 11 23
0.4 11 24
0.4 11 26
0.4 11 34
0.4 12 17
0.4 12 19
0.4 12 23
0.4 12 24
0.4 12 37
0.4 13 22
0.4 13 25
0.4 13 27
0.4 13 28
0.4 13 35
0.4 13 36
0.4 13 38
0.4 14 16
0.4 14 18
0.4 14 20
0.4 14 22
0.4 14 23
0.4 14 26
0.4 14 37
0.4 14 38
0.4 14 39
0.4 15 16
0.4 15 24
0.4 15 28
0.4 15 36
0.4 16 19
0.4 16 20
0.4 16 29
0.4 16 34
0.4 17 18
0.4 17 20
0.4 17 21
0.4 17 23
0.4 17 24
0.4 17 31
0.4 17 33
0.4 17 34
0.4 17 39
0.4 18 21
0.4 18 27
0.4 18 31
0.4 18 36
0.4 18 39
0.4 19 23
0.4 19 25
0.4 19 26
0.4 19 32
0.4 19 35
0.4 19 36
0.4 20 23
0.4 20 25
0.4 20 29
0.4 20 32
0.4 20 34
0.4 20 36
0.4 20 37
0.4 20 39
0.4 21 29
0.4 21 35
0.4 21 37
0.4 22 24
0.4 22 25
0.4 22 26
0.4 22 27
0.4 22 31
0.4 22 35
0.4 23 30
0.4 23 34
0.4 23 37
0.4 24 31
0.4 24 33
0.4 24 34
0.4 24 38
0.4 25 29
0.4 25 32
0.4 26 34
0.4 26 36
0.4 27 33
0.4 27 36
0.4 29 34
0.4 29 39
0.4 30 32
0.4 30 34
0.4 31 39
0.4 32 33
0.4 32 39
0.4 36 38

0 313 320 72 328 404 219 461 135 282 246 151 362 466 323 199 78 331 488 253 62 262 150 207 121 436 72 413 91 50 315 224 321 320 104 366 82 143 430 499 
313 0 381 252 349 486 279 140 391 211 392 252 485 284 188 64 490 111 148 183 404 64 316 91 472 155 309 281 106 328 195 455 105 103 417 374 466 150 457 292 
320 381 0 151 233 321 104 464 94 468 438 228 448 324 390 340 343 326 103 290 466 207 53 113 341 120 386 87 261 274 339 443 211 262 140 177 400 469 271 188 
72 252 151 0 485 168 314 279 154 222 56 114 85 430 65 318 217 149 102 165 359 277 465 180 93 251 465 188 153 91 349 62 89 385 173 461 485 258 91 200 
328 349 233 485 0 333 320 198 211 402 205 93 413 217 184 480 135 91 205 492 207 381 263 90 161 225 428 226 225 140 419 304 115 88 315 460 484 309 478 122 
404 486 321 168 333 0 220 125 181 127 258 119 349 196 176 330 359 155 71 231 172 174 492 85 438 57 393 109 492 485 136 117 486 362 303 284 355 429 156 223 
219 279 104 314 320 220 0 257 176 414 433 365 369 484 377 142 107 448 287 177 253 390 320 307 258 360 157 204 190 401 439 355 394 399 389 297 127 75 50 76 
461 140 464 279 198 125 257 0 169 222 373 197 326 320 375 165 468 206 136 373 203 301 147 405 456 52 289 111 363 315 159 242 308 457 136 453 446 224 364 414 
135 391 94 154 211 181 176 169 0 453 104 487 71 53 123 497 235 359 74 134 159 192 157 178 144 480 463 73 217 232 487 226 418 59 156 68 165 134 499 191 
282 211 468 222 402 127 414 222 453 0 397 496 77 443 412 495 432 442 347 399 415 207 254 163 55 407 358 131 456 297 460 97 441 114 337 249 209 162 289 85 
246 392 438 56 205 258 433 373 104 397 0 80 278 498 287 356 297 61 304 273 475 449 360 427 68 96 464 454 273 384 341 409 216 147 287 142 254 314 445 480 
151 252 228 114 93 119 365 197 487 496 80 0 413 324 178 316 354 174 450 309 452 204 171 388 481 140 471 180 485 156 490 274 191 242 78 256 111 386 124 374 
362 485 448 85 413 349 369 326 71 77 278 413 0 242 488 499 218 196 394 160 167 110 411 127 96 344 424 371 235 252 344 86 233 445 452 311 209 253 329 153 
466 284 324 430 217 196 484 320 53 443 498 324 242 0 112 298 426 65 290 467 157 171 343 396 311 60 467 172 355 157 447 459 174 422 190 132 206 387 377 188 
323 188 390 65 184 176 377 375 123 412 287 178 488 112 0 314 341 194 488 407 241 270 258 380 494 302 206 245 194 140 241 220 118 409 238 309 136 185 342 361 
199 64 340 318 480 330 142 165 497 495 356 316 499 298 314 0 487 225 456 421 282 474 291 153 207 194 331 334 122 193 207 277 460 196 356 446 140 288 469 274 
78 490 343 217 135 359 107 468 235 432 297 354 218 426 341 487 0 262 322 68 356 500 233 494 439 65 62 349 225 218 294 165 496 210 283 294 301 375 303 427 
331 111 326 149 91 155 448 206 359 442 61 174 196 65 194 225 262 0 136 111 178 473 266 487 157 321 52 168 317 285 140 220 288 405 347 246 141 126 359 382 
488 148 103 102 205 71 287 136 74 347 304 450 394 290 488 456 322 136 0 442 165 176 434 113 341 382 174 56 317 265 375 123 290 143 185 319 367 334 477 334 
253 183 290 165 492 231 177 373 134 399 273 309 160 467 407 421 68 111 442 0 228 365 390 109 83 111 72 261 265 393 78 246 448 403 212 225 300 433 117 432 
62 404 466 359 207 172 253 203 159 415 475 452 167 157 241 282 356 178 165 228 0 387 214 364 441 131 305 449 372 308 356 248 243 329 438 145 329 60 209 161 
262 64 207 277 381 174 390 301 192 207 449 204 110 171 270 474 500 473 176 365 387 0 344 231 443 375 75 68 191 288 474 429 218 222 374 54 488 434 488 262 
150 316 53 465 263 492 320 147 157 254 360 171 411 343 258 291 233 266 434 390 214 344 0 402 413 476 87 264 272 364 336 426 373 141 432 277 235 219 415 427 
207 91 113 180 90 85 307 405 178 163 427 388 127 396 380 153 494 487 113 109 364 231 402 0 301 276 332 123 133 179 143 290 483 483 192 500 95 311 82 77 
121 472 341 93 161 438 258 456 144 55 68 481 96 311 494 207 439 157 341 83 441 443 413 301 0 238 407 297 140 430 337 279 203 63 480 482 352 58 71 363 
436 155 120 251 225 57 360 52 480 407 96 140 344 60 302 194 65 321 382 111 131 375 476 276 238 0 356 275 497 135 221 469 341 499 346 415 228 108 110 134 
72 309 386 465 428 393 157 289 463 358 464 471 424 467 206 331 62 52 174 72 305 75 87 332 407 356 0 355 103 262 279 462 200 156 405 435 394 350 55 214 
413 281 87 188 226 109 204 111 73 131 454 180 371 172 245 334 349 168 56 261 449 68 264 123 297 275 355 0 420 69 179 57 418 415 478 267 287 305 280 261 
91 106 261 153 225 492 190 363 217 456 273 485 235 355 194 122 225 317 317 265 372 191 272 133 140 497 103 420 0 339 434 147 195 55 188 364 301 347 221 269 
50 328 274 91 140 485 401 315 232 297 384 156 252 157 140 193 218 285 265 393 308 288 364 179 430 135 262 69 339 0 298 151 57 292 436 494 125 167 288 214 
315 195 339 349 419 136 439 159 487 460 341 490 344 447 241 207 294 140 375 78 356 474 336 143 337 221 279 179 434 298 0 62 186 136 78 141 183 84 210 160 
224 455 443 62 304 117 355 242 226 97 409 274 86 459 220 277 165 220 123 246 248 429 426 290 279 469 462 57 147 151 62 0 222 81 243 436 333 440 151 474 
321 105 211 89 115 486 394 308 418 441 216 191 233 174 118 460 496 288 290 448 243 218 373 483 203 341 200 418 195 57 186 222 0 101 352 367 90 267 452 456 
320 103 262 385 88 362 399 457 59 114 147 242 445 422 409 196 210 405 143 403 329 222 141 483 63 499 156 415 55 292 136 81 101 0 375 476 289 52 431 54 
104 417 140 173 315 303 389 136 156 337 287 78 452 190 238 356 283 347 185 212 438 374 432 192 480 346 405 478 188 436 78 243 352 375 0 396 317 405 192 173 
366 374 177 461 460 284 297 453 68 249 142 256 311 132 309 446 294 246 319 225 145 54 277 500 482 415 435 267 364 494 141 436 367 476 396 0 73 283 185 78 
82 466 400 485 484 355 127 446 165 209 254 111 209 206 136 140 301 141 367 300 329 488 235 95 352 228 394 287 301 125 183 333 90 289 317 73 0 431 294 227 
143 150 469 258 309 429 75 224 134 162 314 386 253 387 185 288 375 126 334 433 60 434 219 311 58 108 350 305 347 167 84 440 267 52 405 283 431 0 400 407 
430 457 271 91 478 156 50 364 499 289 445 124 329 377 342 469 303 359 477 117 209 488 415 82 71 110 55 280 221 288 210 151 452 431 192 185 294 400 0 198 
499 292 188 200 122 223 76 414 191 85 480 374 153 188 361 274 427 382 334 432 161 262 427 77 363 134 214 261 269 214 160 474 456 54 173 78 227 407 198 0 

1205 0 6
1205 1 35
1205 2 22
1205 3 10
1205 4 30
1205 5 2
1205 6 7
1205 7 24
1205 8 16
1205 9 2
1205 10 35
1205 11 1
1205 12 7
1205 13 1
1205 14 22
1205 15 12
1205 16 36
1205 17 18
1205 18 19
1205 19 2
1205 20 9
1205 21 36
1205 22 13
1205 23 24
1205 24 23
1205 25 19
1205 26 27
1205 27 18
1205 28 16
1205 29 19
1205 30 8
1205 31 22
1205 32 15
1205 33 20
1205 34 22
1205 35 36
1205 36 11
1205 37 28
1205 38 20
1205 39 28
