20 20 3 38

0.2 0 1
0.2 0 6
0.2 0 13
0.2 1 2
0.2 1 8
0.2 1 11
0.2 1 14
0.2 2 4
0.2 2 5
0.2 2 8
0.2 2 10
0.2 2 13
0.2 2 17
0.2 3 8
0.2 3 10
0.2 3 19
0.2 4 5
0.2 4 9
0.2 5 10
0.2 5 13
0.2 5 14
0.2 5 17
0.2 6 9
0.2 6 17
0.2 7 11
0.2 7 14
0.2 7 18
0.2 8 9
0.2 8 18
0.2 9 13
0.2 9 16
0.2 10 11
0.2 10 13
0.2 10 16
0.2 11 15
0.2 12 15
0.2 14 17
0.2 15 16

0 409 165 473 283 324 124 305 359 72 451 374 401 444 481 259 72 110 138 181 
409 0 164 93 473 176 327 66 117 436 266 352 258 446 389 414 131 436 497 282 
165 164 0 267 493 438 50 134 435 455 156 413 273 462 384 144 377 455 478 50 
473 93 267 0 113 138 398 249 268 64 207 291 111 472 156 351 411 411 327 459 
283 473 493 113 0 103 216 100 232 255 163 211 479 268 124 357 221 293 238 497 
324 176 438 138 103 0 410 300 98 485 78 237 478 136 428 89 239 251 332 85 
124 327 50 398 216 410 0 210 447 397 116 432 95 273 263 313 486 430 242 337 
305 66 134 249 100 300 210 0 276 192 175 185 132 382 333 329 148 121 262 363 
359 117 435 268 232 98 447 276 0 329 302 419 169 461 407 64 208 265 337 149 
72 436 455 64 255 485 397 192 329 0 407 236 131 332 81 155 74 85 431 305 
451 266 156 207 163 78 116 175 302 407 0 338 289 294 67 101 54 379 267 369 
374 352 413 291 211 237 432 185 419 236 338 0 142 251 384 396 239 160 187 479 
401 258 273 111 479 478 95 132 169 131 289 142 0 493 126 115 298 357 453 111 
444 446 462 472 268 136 273 382 461 332 294 251 493 0 356 383 144 469 371 213 
481 389 384 156 124 428 263 333 407 81 67 384 126 356 0 189 72 55 247 231 
259 414 144 351 357 89 313 329 64 155 101 396 115 383 189 0 154 380 389 88 
72 131 377 411 221 239 486 148 208 74 54 239 298 144 72 154 0 99 81 247 
110 436 455 411 293 251 430 121 265 85 379 160 357 469 55 380 99 0 365 420 
138 497 478 327 238 332 242 262 337 431 267 187 453 371 247 389 81 365 0 370 
181 282 50 459 497 85 337 363 149 305 369 479 111 213 231 88 247 420 370 0 

378 0 12
378 1 12
378 2 5
378 3 1
378 4 18
378 5 12
378 6 11
378 7 18
378 8 10
378 9 1
378 10 16
378 11 8
378 12 13
378 13 14
378 14 9
378 15 11
378 16 13
378 17 6
378 18 4
378 19 11
