20 20 3 47

0.3 0 3
0.3 0 18
0.3 1 2
0.3 1 3
0.3 1 4
0.3 1 5
0.3 1 8
0.3 1 9
0.3 1 13
0.3 1 15
0.3 2 4
0.3 2 14
0.3 3 16
0.3 4 5
0.3 4 10
0.3 4 11
0.3 4 17
0.3 4 19
0.3 5 9
0.3 5 10
0.3 5 12
0.3 5 13
0.3 6 7
0.3 6 16
0.3 6 18
0.3 7 11
0.3 7 17
0.3 8 15
0.3 9 12
0.3 9 14
0.3 9 15
0.3 9 19
0.3 10 12
0.3 10 14
0.3 10 15
0.3 10 18
0.3 10 19
0.3 11 12
0.3 11 16
0.3 11 17
0.3 11 19
0.3 12 13
0.3 13 19
0.3 14 15
0.3 14 17
0.3 15 18
0.3 15 19

0 311 427 231 329 168 165 377 138 262 366 383 241 246 397 221 419 300 60 93 
311 0 398 271 484 163 334 211 99 164 150 181 153 110 154 255 385 176 459 87 
427 398 0 246 388 359 489 301 412 193 358 92 323 443 151 410 376 135 137 354 
231 271 246 0 306 56 345 148 399 356 110 464 384 354 428 462 279 468 69 144 
329 484 388 306 0 190 94 156 233 176 446 269 459 286 251 452 242 334 439 275 
168 163 359 56 190 0 409 323 310 68 158 142 449 471 310 227 303 68 139 268 
165 334 489 345 94 409 0 130 129 470 470 131 158 379 375 404 481 372 403 86 
377 211 301 148 156 323 130 0 210 486 78 167 184 55 354 61 52 345 236 431 
138 99 412 399 233 310 129 210 0 74 319 81 434 109 132 463 177 482 431 323 
262 164 193 356 176 68 470 486 74 0 270 391 182 59 465 130 90 208 250 341 
366 150 358 110 446 158 470 78 319 270 0 453 50 98 69 391 134 442 51 322 
383 181 92 464 269 142 131 167 81 391 453 0 291 72 81 469 348 206 58 52 
241 153 323 384 459 449 158 184 434 182 50 291 0 278 123 190 316 104 171 480 
246 110 443 354 286 471 379 55 109 59 98 72 278 0 203 156 372 98 227 332 
397 154 151 428 251 310 375 354 132 465 69 81 123 203 0 273 421 185 308 461 
221 255 410 462 452 227 404 61 463 130 391 469 190 156 273 0 226 474 53 116 
419 385 376 279 242 303 481 52 177 90 134 348 316 372 421 226 0 189 69 351 
300 176 135 468 334 68 372 345 482 208 442 206 104 98 185 474 189 0 276 156 
60 459 137 69 439 139 403 236 431 250 51 58 171 227 308 53 69 276 0 413 
93 87 354 144 275 268 86 431 323 341 322 52 480 332 461 116 351 156 413 0 

622.5 0 13
622.5 1 8
622.5 2 12
622.5 3 12
622.5 4 1
622.5 5 11
622.5 6 7
622.5 7 14
622.5 8 18
622.5 9 10
622.5 10 0
622.5 11 6
622.5 12 13
622.5 13 16
622.5 14 1
622.5 15 14
622.5 16 1
622.5 17 3
622.5 18 10
622.5 19 0
