50 50 3 122

0.2 0 20
0.2 0 22
0.2 0 23
0.2 0 37
0.2 0 41
0.2 1 14
0.2 1 26
0.2 1 28
0.2 1 34
0.2 1 36
0.2 1 45
0.2 2 3
0.2 2 15
0.2 2 17
0.2 2 28
0.2 2 31
0.2 2 37
0.2 2 42
0.2 3 36
0.2 3 40
0.2 3 45
0.2 4 15
0.2 4 36
0.2 4 37
0.2 4 38
0.2 4 41
0.2 5 9
0.2 5 20
0.2 5 36
0.2 5 39
0.2 5 46
0.2 6 10
0.2 6 13
0.2 6 35
0.2 6 49
0.2 7 9
0.2 7 15
0.2 8 22
0.2 8 48
0.2 9 13
0.2 9 17
0.2 9 21
0.2 9 24
0.2 9 46
0.2 10 27
0.2 10 31
0.2 10 34
0.2 10 44
0.2 10 45
0.2 11 17
0.2 11 28
0.2 13 15
0.2 13 20
0.2 13 29
0.2 13 30
0.2 13 47
0.2 14 16
0.2 14 27
0.2 14 43
0.2 15 16
0.2 15 47
0.2 16 42
0.2 16 48
0.2 16 49
0.2 17 18
0.2 17 35
0.2 18 24
0.2 18 37
0.2 18 41
0.2 18 46
0.2 19 42
0.2 20 27
0.2 20 36
0.2 20 42
0.2 21 27
0.2 21 37
0.2 21 39
0.2 21 47
0.2 22 30
0.2 22 44
0.2 22 45
0.2 22 47
0.2 22 48
0.2 22 49
0.2 23 44
0.2 24 40
0.2 24 42
0.2 24 49
0.2 26 46
0.2 26 49
0.2 27 36
0.2 27 47
0.2 28 38
0.2 28 40
0.2 28 46
0.2 29 31
0.2 29 43
0.2 29 44
0.2 30 34
0.2 30 36
0.2 30 38
0.2 30 43
0.2 30 47
0.2 31 48
0.2 32 40
0.2 32 42
0.2 32 47
0.2 32 49
0.2 33 34
0.2 33 44
0.2 34 38
0.2 34 39
0.2 36 42
0.2 36 48
0.2 37 41
0.2 37 42
0.2 38 47
0.2 39 47
0.2 40 41
0.2 41 47
0.2 43 45
0.2 43 46

0 289 417 195 74 220 177 208 500 376 392 447 207 249 111 399 479 304 126 318 210 135 247 424 429 398 97 387 386 222 226 381 140 487 158 316 353 416 468 79 457 136 348 227 249 160 70 115 409 289 
289 0 238 281 218 396 287 238 370 422 394 217 143 108 288 483 183 297 137 318 427 276 311 194 157 330 183 213 108 389 489 54 416 399 284 330 126 339 91 364 171 54 91 134 156 80 68 171 85 270 
417 238 0 476 394 360 459 263 457 442 407 120 480 453 336 366 172 225 335 88 494 245 441 245 197 422 240 67 485 131 94 163 325 452 120 83 152 277 362 365 400 203 350 390 401 123 257 282 94 155 
195 281 476 0 73 302 111 127 289 477 106 447 355 91 251 396 266 407 206 273 440 224 287 307 389 449 111 447 325 314 322 181 272 191 284 298 70 441 229 58 471 125 66 237 97 130 349 355 445 72 
74 218 394 73 0 314 437 430 287 201 456 216 119 467 54 231 225 478 113 270 354 313 303 175 244 396 204 468 202 204 119 326 448 369 380 473 284 472 283 108 93 144 323 253 306 161 89 88 433 76 
220 396 360 302 314 0 145 450 401 161 343 197 180 322 394 424 129 356 159 375 204 144 61 477 298 102 325 115 405 115 359 440 264 176 240 297 380 189 250 242 375 394 363 490 183 141 356 56 467 257 
177 287 459 111 437 145 0 50 190 128 409 160 466 329 164 348 270 254 155 242 277 401 303 244 219 354 216 336 342 138 476 490 468 145 483 499 110 478 139 163 454 315 66 427 180 465 54 335 180 197 
208 238 263 127 430 450 50 0 67 60 370 211 197 137 147 272 118 456 187 162 348 184 376 276 190 325 484 207 148 356 392 57 455 169 437 462 133 58 329 388 177 313 351 253 180 111 133 122 338 116 
500 370 457 289 287 401 190 67 0 414 287 434 397 475 373 391 243 246 306 61 376 199 118 82 221 416 246 176 372 470 203 331 301 493 264 452 74 237 259 197 182 215 112 327 397 289 379 112 429 296 
376 422 442 477 201 161 128 60 414 0 171 60 135 252 469 376 368 337 73 220 117 397 187 197 119 50 164 246 163 187 331 400 367 351 495 71 183 262 136 226 165 159 364 421 51 170 464 360 235 242 
392 394 407 106 456 343 409 370 287 171 0 352 296 415 216 307 197 263 428 116 66 371 217 86 385 213 136 238 190 210 361 94 499 318 489 90 413 242 480 210 58 493 120 429 80 133 331 475 120 120 
447 217 120 447 216 197 160 211 434 60 352 0 291 422 52 234 418 186 211 383 454 359 100 474 235 160 298 98 285 97 340 398 198 61 205 143 331 182 488 308 126 318 277 113 365 349 458 325 388 352 
207 143 480 355 119 180 466 197 397 135 296 291 0 174 190 351 290 187 338 330 385 323 138 190 245 54 469 436 497 300 247 446 313 346 73 439 331 411 171 216 283 421 50 130 434 73 330 476 233 145 
249 108 453 91 467 322 329 137 475 252 415 422 174 0 364 58 199 478 287 193 334 364 392 95 362 138 167 434 386 350 165 291 496 235 373 366 342 95 155 476 384 463 201 404 319 430 440 94 339 200 
111 288 336 251 54 394 164 147 373 469 216 52 190 364 0 355 108 248 222 226 493 299 363 485 185 300 214 213 473 88 347 62 418 323 192 330 77 59 330 484 240 282 60 393 102 109 171 267 428 279 
399 483 366 396 231 424 348 272 391 376 307 234 351 58 355 0 360 165 134 372 365 384 232 199 471 433 225 71 94 296 96 292 311 385 210 307 477 497 456 378 239 62 412 142 279 94 417 162 53 84 
479 183 172 266 225 129 270 118 243 368 197 418 290 199 108 360 0 160 463 349 310 275 499 177 394 207 86 438 321 235 410 337 332 281 326 442 445 445 356 101 463 50 394 199 263 236 392 184 471 81 
304 297 225 407 478 356 254 456 246 337 263 186 187 478 248 165 160 0 128 290 367 282 253 309 89 392 80 388 162 267 349 423 340 187 481 223 443 72 115 455 115 322 483 76 131 122 408 435 493 150 
126 137 335 206 113 159 155 187 306 73 428 211 338 287 222 134 463 128 0 481 106 231 381 337 263 374 437 188 464 341 488 348 158 246 162 247 354 85 160 382 345 494 294 133 68 315 290 261 385 405 
318 318 88 273 270 375 242 162 61 220 116 383 330 193 226 372 349 290 481 0 178 150 395 101 123 402 174 358 343 262 177 324 362 339 369 196 171 420 491 238 230 140 338 168 385 149 418 330 398 171 
210 427 494 440 354 204 277 348 376 117 66 454 385 334 493 365 310 367 106 178 0 350 331 360 229 460 86 319 306 135 396 306 352 245 394 153 380 136 109 168 397 62 288 264 451 450 68 397 77 151 
135 276 245 224 313 144 401 184 199 397 371 359 323 364 299 384 275 282 231 150 350 0 240 425 64 265 369 224 351 60 249 243 108 93 234 416 399 127 470 168 105 214 225 165 442 338 274 423 100 320 
247 311 441 287 303 61 303 376 118 187 217 100 138 392 363 232 499 253 381 395 331 240 0 199 315 128 331 388 237 311 262 72 141 414 499 171 63 251 211 164 471 187 80 194 450 317 84 236 152 397 
424 194 245 307 175 477 244 276 82 197 86 474 190 95 485 199 177 309 337 101 360 425 199 0 135 109 428 462 164 392 407 67 125 122 223 226 89 286 125 250 465 131 454 261 72 253 105 199 174 93 
429 157 197 389 244 298 219 190 221 119 385 235 245 362 185 471 394 89 263 123 229 64 315 135 0 304 449 104 377 362 60 356 170 424 219 230 476 449 472 373 386 77 476 226 109 248 75 463 89 306 
398 330 422 449 396 102 354 325 416 50 213 160 54 138 300 433 207 392 374 402 460 265 128 109 304 0 233 181 168 499 360 289 380 123 268 95 113 429 298 375 331 205 329 288 197 372 196 349 332 265 
97 183 240 111 204 325 216 484 246 164 136 298 469 167 214 225 86 80 437 174 86 369 331 428 449 233 0 86 258 262 475 134 209 279 123 393 336 288 431 155 89 243 61 238 347 366 263 283 95 426 
387 213 67 447 468 115 336 207 176 246 238 98 436 434 213 71 438 388 188 358 319 224 388 462 104 181 86 0 338 445 265 86 207 63 315 454 124 359 458 61 482 473 89 345 54 402 410 460 298 336 
386 108 485 325 202 405 342 148 372 163 190 285 497 386 473 94 321 162 464 343 306 351 237 164 377 168 258 338 0 166 121 53 140 194 218 127 444 465 287 125 384 383 184 238 71 214 364 499 106 61 
222 389 131 314 204 115 138 356 470 187 210 97 300 350 88 296 235 267 341 262 135 60 311 392 362 499 262 445 166 0 175 412 121 146 217 344 372 66 220 261 485 238 285 322 100 137 236 61 197 311 
226 489 94 322 119 359 476 392 203 331 361 340 247 165 347 96 410 349 488 177 396 249 262 407 60 360 475 265 121 175 0 211 368 450 66 297 228 52 131 290 465 306 470 83 63 246 186 334 130 337 
381 54 163 181 326 440 490 57 331 400 94 398 446 291 62 292 337 423 348 324 306 243 72 67 356 289 134 86 53 412 211 0 230 387 82 393 52 136 254 361 97 225 482 171 270 80 140 113 221 56 
140 416 325 272 448 264 468 455 301 367 499 198 313 496 418 311 332 340 158 362 352 108 141 125 170 380 209 207 140 121 368 230 0 496 451 380 204 355 261 331 362 242 82 163 206 167 461 182 232 287 
487 399 452 191 369 176 145 169 493 351 318 61 346 235 323 385 281 187 246 339 245 93 414 122 424 123 279 63 194 146 450 387 496 0 137 330 86 279 199 154 364 459 319 423 170 319 393 115 174 198 
158 284 120 284 380 240 483 437 264 495 489 205 73 373 192 210 326 481 162 369 394 234 499 223 219 268 123 315 218 217 66 82 451 137 0 397 72 283 433 125 67 300 498 115 317 160 195 175 165 78 
316 330 83 298 473 297 499 462 452 71 90 143 439 366 330 307 442 223 247 196 153 416 171 226 230 95 393 454 127 344 297 393 380 330 397 0 194 83 251 389 162 92 111 122 218 485 256 220 371 70 
353 126 152 70 284 380 110 133 74 183 413 331 331 342 77 477 445 443 354 171 380 399 63 89 476 113 336 124 444 372 228 52 204 86 72 194 0 174 155 103 238 352 388 412 304 167 455 329 140 406 
416 339 277 441 472 189 478 58 237 262 242 182 411 95 59 497 445 72 85 420 136 127 251 286 449 429 288 359 465 66 52 136 355 279 283 83 174 0 72 446 472 114 271 492 203 331 200 216 51 225 
468 91 362 229 283 250 139 329 259 136 480 488 171 155 330 456 356 115 160 491 109 470 211 125 472 298 431 458 287 220 131 254 261 199 433 251 155 72 0 484 289 355 413 325 105 95 96 499 209 343 
79 364 365 58 108 242 163 388 197 226 210 308 216 476 484 378 101 455 382 238 168 168 164 250 373 375 155 61 125 261 290 361 331 154 125 389 103 446 484 0 127 273 451 446 407 162 334 391 275 408 
457 171 400 471 93 375 454 177 182 165 58 126 283 384 240 239 463 115 345 230 397 105 471 465 386 331 89 482 384 485 465 97 362 364 67 162 238 472 289 127 0 223 134 168 204 451 163 283 236 174 
136 54 203 125 144 394 315 313 215 159 493 318 421 463 282 62 50 322 494 140 62 214 187 131 77 205 243 473 383 238 306 225 242 459 300 92 352 114 355 273 223 0 483 253 135 385 133 230 486 413 
348 91 350 66 323 363 66 351 112 364 120 277 50 201 60 412 394 483 294 338 288 225 80 454 476 329 61 89 184 285 470 482 82 319 498 111 388 271 413 451 134 483 0 58 271 461 498 422 162 466 
227 134 390 237 253 490 427 253 327 421 429 113 130 404 393 142 199 76 133 168 264 165 194 261 226 288 238 345 238 322 83 171 163 423 115 122 412 492 325 446 168 253 58 0 138 474 443 258 176 269 
249 156 401 97 306 183 180 180 397 51 80 365 434 319 102 279 263 131 68 385 451 442 450 72 109 197 347 54 71 100 63 270 206 170 317 218 304 203 105 407 204 135 271 138 0 70 279 274 324 319 
160 80 123 130 161 141 465 111 289 170 133 349 73 430 109 94 236 122 315 149 450 338 317 253 248 372 366 402 214 137 246 80 167 319 160 485 167 331 95 162 451 385 461 474 70 0 375 395 89 244 
70 68 257 349 89 356 54 133 379 464 331 458 330 440 171 417 392 408 290 418 68 274 84 105 75 196 263 410 364 236 186 140 461 393 195 256 455 200 96 334 163 133 498 443 279 375 0 126 386 303 
115 171 282 355 88 56 335 122 112 360 475 325 476 94 267 162 184 435 261 330 397 423 236 199 463 349 283 460 499 61 334 113 182 115 175 220 329 216 499 391 283 230 422 258 274 395 126 0 51 350 
409 85 94 445 433 467 180 338 429 235 120 388 233 339 428 53 471 493 385 398 77 100 152 174 89 332 95 298 106 197 130 221 232 174 165 371 140 51 209 275 236 486 162 176 324 89 386 51 0 100 
289 270 155 72 76 257 197 116 296 242 120 352 145 200 279 84 81 150 405 171 151 320 397 93 306 265 426 336 61 311 337 56 287 198 78 70 406 225 343 408 174 413 466 269 319 244 303 350 100 0 

725.5 0 12
725.5 1 35
725.5 2 4
725.5 3 28
725.5 4 14
725.5 5 26
725.5 6 19
725.5 7 34
725.5 8 39
725.5 9 33
725.5 10 25
725.5 11 47
725.5 12 42
725.5 13 18
725.5 14 29
725.5 15 13
725.5 16 36
725.5 17 22
725.5 18 2
725.5 19 16
725.5 20 37
725.5 21 27
725.5 22 10
725.5 23 37
725.5 24 47
725.5 25 47
725.5 26 32
725.5 27 23
725.5 28 35
725.5 29 28
725.5 30 14
725.5 31 47
725.5 32 14
725.5 33 23
725.5 34 27
725.5 35 33
725.5 36 5
725.5 37 2
725.5 38 18
725.5 39 0
725.5 40 35
725.5 41 0
725.5 42 48
725.5 43 34
725.5 44 18
725.5 45 28
725.5 46 47
725.5 47 10
725.5 48 6
725.5 49 5
