50 50 4 122

0.3 0 4
0.3 0 16
0.3 0 25
0.3 0 28
0.3 0 39
0.3 1 5
0.3 1 6
0.3 1 17
0.3 1 24
0.3 1 25
0.3 1 40
0.3 2 3
0.3 2 17
0.3 2 21
0.3 2 22
0.3 2 28
0.3 2 29
0.3 2 44
0.3 2 45
0.3 3 4
0.3 3 7
0.3 3 24
0.3 3 37
0.3 4 16
0.3 4 26
0.3 4 27
0.3 4 37
0.3 5 6
0.3 5 8
0.3 5 19
0.3 5 35
0.3 6 10
0.3 6 15
0.3 6 43
0.3 6 45
0.3 7 13
0.3 7 20
0.3 7 38
0.3 7 48
0.3 8 26
0.3 8 31
0.3 8 38
0.3 8 49
0.3 9 17
0.3 9 21
0.3 9 25
0.3 9 48
0.3 10 31
0.3 10 44
0.3 12 13
0.3 12 19
0.3 12 22
0.3 12 47
0.3 14 15
0.3 14 19
0.3 14 39
0.3 15 16
0.3 15 25
0.3 15 29
0.3 15 31
0.3 15 35
0.3 15 38
0.3 15 44
0.3 16 21
0.3 16 27
0.3 16 29
0.3 16 37
0.3 16 41
0.3 17 19
0.3 17 29
0.3 17 40
0.3 17 41
0.3 18 25
0.3 19 21
0.3 19 22
0.3 19 29
0.3 19 43
0.3 20 33
0.3 21 41
0.3 22 30
0.3 22 32
0.3 22 36
0.3 23 28
0.3 23 35
0.3 24 30
0.3 24 34
0.3 24 45
0.3 25 35
0.3 25 39
0.3 26 31
0.3 26 38
0.3 26 45
0.3 26 46
0.3 26 48
0.3 27 45
0.3 28 29
0.3 28 31
0.3 28 41
0.3 28 44
0.3 28 46
0.3 28 47
0.3 29 34
0.3 30 36
0.3 30 48
0.3 31 45
0.3 31 47
0.3 32 48
0.3 33 44
0.3 33 45
0.3 33 46
0.3 34 40
0.3 36 46
0.3 37 39
0.3 37 49
0.3 38 40
0.3 38 46
0.3 38 49
0.3 39 48
0.3 40 41
0.3 41 49
0.3 45 49
0.3 46 47

0 222 121 346 443 113 331 330 110 319 306 495 104 317 435 375 478 102 199 118 484 152 433 339 434 386 68 444 124 154 101 318 291 245 91 224 288 186 490 468 246 341 139 143 484 141 227 380 285 231 
222 0 278 436 174 165 379 430 366 277 74 412 270 337 292 434 166 224 248 397 65 123 458 202 300 149 472 104 479 60 123 159 241 99 367 425 92 344 354 361 389 84 483 353 474 250 199 458 201 278 
121 278 0 252 149 241 180 174 339 497 190 468 485 256 259 354 462 258 329 310 370 318 114 122 322 311 199 457 122 347 325 500 435 496 107 434 410 272 400 118 130 90 53 478 433 391 70 458 364 289 
346 436 252 0 69 289 308 421 282 174 436 340 307 421 411 92 476 351 484 89 213 325 339 250 321 339 135 434 380 435 111 142 383 118 233 288 353 78 57 335 136 461 113 390 424 157 444 280 168 293 
443 174 149 69 0 310 258 171 437 53 88 472 394 114 243 457 375 181 172 219 233 170 211 398 221 192 91 154 423 489 420 427 374 121 454 138 176 138 447 91 72 358 240 372 450 346 201 126 133 421 
113 165 241 289 310 0 135 116 117 316 398 89 488 330 260 191 128 155 377 449 215 329 498 187 188 183 445 475 384 175 259 175 316 192 88 343 240 417 369 247 84 52 132 420 203 282 264 269 300 416 
331 379 180 308 258 135 0 138 335 289 277 178 122 211 221 298 218 148 490 305 426 452 170 380 162 251 227 406 337 314 306 351 441 381 114 383 434 158 254 132 278 417 194 361 123 59 416 333 469 392 
330 430 174 421 171 116 138 0 372 244 368 460 390 221 464 134 341 265 60 174 61 497 119 168 361 332 397 59 356 167 301 439 312 275 214 114 147 395 207 63 199 464 304 234 481 265 367 243 66 168 
110 366 339 282 437 117 335 372 0 104 83 477 438 324 244 462 299 116 167 244 75 79 234 114 477 189 462 109 488 58 72 426 448 175 410 378 185 398 146 120 462 352 203 145 156 401 274 337 312 186 
319 277 497 174 53 316 289 244 104 0 401 245 177 122 479 127 388 432 473 387 363 250 126 68 70 72 66 203 311 357 424 130 277 261 388 124 295 312 471 150 330 350 471 120 427 149 298 302 290 263 
306 74 190 436 88 398 277 368 83 401 0 50 195 395 113 295 291 59 218 362 303 248 428 125 434 152 295 210 261 474 310 362 174 371 477 375 438 387 367 303 416 88 465 192 326 331 282 427 440 109 
495 412 468 340 472 89 178 460 477 245 50 0 462 163 438 182 484 455 346 223 237 270 64 385 433 360 351 287 497 496 380 442 146 324 85 471 374 469 475 184 439 143 93 99 111 423 288 66 394 358 
104 270 485 307 394 488 122 390 438 177 195 462 0 93 100 157 452 296 263 341 187 473 150 113 418 210 474 100 127 168 153 216 199 105 242 446 306 247 422 183 169 231 482 158 417 287 158 225 189 243 
317 337 256 421 114 330 211 221 324 122 395 163 93 0 453 367 228 132 328 61 407 117 252 494 327 264 127 171 171 441 61 465 345 420 104 362 482 261 91 455 324 267 366 245 312 240 115 188 174 242 
435 292 259 411 243 260 221 464 244 479 113 438 100 453 0 77 84 482 154 421 254 433 184 138 68 221 491 59 206 248 254 454 99 355 387 134 448 278 473 436 463 50 90 178 418 443 374 351 418 315 
375 434 354 92 457 191 298 134 462 127 295 182 157 367 77 0 404 273 438 169 226 412 429 233 85 393 252 101 120 452 93 176 325 128 164 238 286 267 374 421 457 373 69 234 349 300 301 292 418 131 
478 166 462 476 375 128 218 341 299 388 291 484 452 228 84 404 0 248 85 495 125 489 410 319 391 285 436 229 221 111 260 265 316 351 280 61 365 210 68 427 156 131 236 270 310 377 197 89 72 237 
102 224 258 351 181 155 148 265 116 432 59 455 296 132 482 273 248 0 456 299 202 358 387 323 86 361 106 239 83 160 412 420 225 423 164 338 436 379 83 345 143 114 471 271 389 267 64 335 400 146 
199 248 329 484 172 377 490 60 167 473 218 346 263 328 154 438 85 456 0 496 237 423 214 65 368 81 168 178 129 71 362 87 118 226 86 124 168 452 113 267 434 365 362 199 392 296 401 379 182 308 
118 397 310 89 219 449 305 174 244 387 362 223 341 61 421 169 495 299 496 0 456 64 367 247 482 409 407 426 479 489 126 126 148 278 200 480 102 468 327 271 369 120 225 325 402 488 413 384 497 483 
484 65 370 213 233 215 426 61 75 363 303 237 187 407 254 226 125 202 237 456 0 428 135 93 356 187 484 441 469 194 433 496 220 423 497 383 313 292 445 340 292 210 260 454 213 266 105 226 356 396 
152 123 318 325 170 329 452 497 79 250 248 270 473 117 433 412 489 358 423 64 428 0 434 165 117 307 60 321 74 357 350 226 294 213 386 282 243 246 95 202 175 391 252 147 169 216 102 230 437 295 
433 458 114 339 211 498 170 119 234 126 428 64 150 252 184 429 410 387 214 367 135 434 0 205 120 445 398 238 157 468 270 182 281 176 262 176 151 271 287 74 229 305 248 139 384 60 166 351 421 53 
339 202 122 250 398 187 380 168 114 68 125 385 113 494 138 233 319 323 65 247 93 165 205 0 296 284 100 108 394 369 496 473 399 143 95 238 479 111 473 130 201 402 88 248 116 382 118 434 149 436 
434 300 322 321 221 188 162 361 477 70 434 433 418 327 68 85 391 86 368 482 356 117 120 296 0 343 298 227 465 381 73 221 221 112 208 378 308 240 203 125 435 290 102 284 316 208 470 62 248 185 
386 149 311 339 192 183 251 332 189 72 152 360 210 264 221 393 285 361 81 409 187 307 445 284 343 0 306 222 428 331 139 206 193 99 196 125 414 308 140 181 157 332 129 486 432 307 478 114 271 417 
68 472 199 135 91 445 227 397 462 66 295 351 474 127 491 252 436 106 168 407 484 60 398 100 298 306 0 325 132 263 376 318 216 323 149 342 295 412 137 478 358 164 370 150 202 154 230 424 164 163 
444 104 457 434 154 475 406 59 109 203 210 287 100 171 59 101 229 239 178 426 441 321 238 108 227 222 325 0 72 345 354 303 474 228 145 459 97 483 289 263 493 431 75 432 70 334 217 375 442 198 
124 479 122 380 423 384 337 356 488 311 261 497 127 171 206 120 221 83 129 479 469 74 157 394 465 428 132 72 0 465 108 266 165 103 243 359 113 461 228 442 283 343 387 292 307 136 262 193 466 248 
154 60 347 435 489 175 314 167 58 357 474 496 168 441 248 452 111 160 71 489 194 357 468 369 381 331 263 345 465 0 427 376 298 231 398 313 495 322 97 242 146 283 259 472 431 193 128 234 481 466 
101 123 325 111 420 259 306 301 72 424 310 380 153 61 254 93 260 412 362 126 433 350 270 496 73 139 376 354 108 427 0 436 409 340 131 110 331 401 291 154 320 82 348 93 117 376 361 318 426 441 
318 159 500 142 427 175 351 439 426 130 362 442 216 465 454 176 265 420 87 126 496 226 182 473 221 206 318 303 266 376 436 0 406 299 284 289 351 354 424 410 235 184 232 142 497 434 195 279 457 429 
291 241 435 383 374 316 441 312 448 277 174 146 199 345 99 325 316 225 118 148 220 294 281 399 221 193 216 474 165 298 409 406 0 487 471 444 86 165 157 310 485 317 448 325 160 150 484 192 388 450 
245 99 496 118 121 192 381 275 175 261 371 324 105 420 355 128 351 423 226 278 423 213 176 143 112 99 323 228 103 231 340 299 487 0 395 494 447 380 190 429 400 329 108 70 500 266 137 482 496 229 
91 367 107 233 454 88 114 214 410 388 477 85 242 104 387 164 280 164 86 200 497 386 262 95 208 196 149 145 243 398 131 284 471 395 0 77 410 382 431 451 77 351 295 482 420 91 345 265 125 429 
224 425 434 288 138 343 383 114 378 124 375 471 446 362 134 238 61 338 124 480 383 282 176 238 378 125 342 459 359 313 110 289 444 494 77 0 419 253 104 351 263 381 187 196 317 446 185 268 471 370 
288 92 410 353 176 240 434 147 185 295 438 374 306 482 448 286 365 436 168 102 313 243 151 479 308 414 295 97 113 495 331 351 86 447 410 419 0 296 265 175 435 331 397 197 410 498 352 250 296 351 
186 344 272 78 138 417 158 395 398 312 387 469 247 261 278 267 210 379 452 468 292 246 271 111 240 308 412 483 461 322 401 354 165 380 382 253 296 0 392 82 305 267 195 342 493 307 260 304 300 320 
490 354 400 57 447 369 254 207 146 471 367 475 422 91 473 374 68 83 113 327 445 95 287 473 203 140 137 289 228 97 291 424 157 190 431 104 265 392 0 121 412 101 442 136 297 210 51 217 488 488 
468 361 118 335 91 247 132 63 120 150 303 184 183 455 436 421 427 345 267 271 340 202 74 130 125 181 478 263 442 242 154 410 310 429 451 351 175 82 121 0 152 183 100 499 272 155 125 293 314 243 
246 389 130 136 72 84 278 199 462 330 416 439 169 324 463 457 156 143 434 369 292 175 229 201 435 157 358 493 283 146 320 235 485 400 77 263 435 305 412 152 0 323 165 168 419 406 264 312 89 82 
341 84 90 461 358 52 417 464 352 350 88 143 231 267 50 373 131 114 365 120 210 391 305 402 290 332 164 431 343 283 82 184 317 329 351 381 331 267 101 183 323 0 406 279 123 248 490 351 183 304 
139 483 53 113 240 132 194 304 203 471 465 93 482 366 90 69 236 471 362 225 260 252 248 88 102 129 370 75 387 259 348 232 448 108 295 187 397 195 442 100 165 406 0 97 333 284 363 309 207 100 
143 353 478 390 372 420 361 234 145 120 192 99 158 245 178 234 270 271 199 325 454 147 139 248 284 486 150 432 292 472 93 142 325 70 482 196 197 342 136 499 168 279 97 0 336 399 372 487 228 483 
484 474 433 424 450 203 123 481 156 427 326 111 417 312 418 349 310 389 392 402 213 169 384 116 316 432 202 70 307 431 117 497 160 500 420 317 410 493 297 272 419 123 333 336 0 194 311 245 63 496 
141 250 391 157 346 282 59 265 401 149 331 423 287 240 443 300 377 267 296 488 266 216 60 382 208 307 154 334 136 193 376 434 150 266 91 446 498 307 210 155 406 248 284 399 194 0 444 367 332 121 
227 199 70 444 201 264 416 367 274 298 282 288 158 115 374 301 197 64 401 413 105 102 166 118 470 478 230 217 262 128 361 195 484 137 345 185 352 260 51 125 264 490 363 372 311 444 0 485 145 320 
380 458 458 280 126 269 333 243 337 302 427 66 225 188 351 292 89 335 379 384 226 230 351 434 62 114 424 375 193 234 318 279 192 482 265 268 250 304 217 293 312 351 309 487 245 367 485 0 85 232 
285 201 364 168 133 300 469 66 312 290 440 394 189 174 418 418 72 400 182 497 356 437 421 149 248 271 164 442 466 481 426 457 388 496 125 471 296 300 488 314 89 183 207 228 63 332 145 85 0 424 
231 278 289 293 421 416 392 168 186 263 109 358 243 242 315 131 237 146 308 483 396 295 53 436 185 417 163 198 248 466 441 429 450 229 429 370 351 320 488 243 82 304 100 483 496 121 320 232 424 0 

1058.64 0 4
1058.64 1 40
1058.64 2 21
1058.64 3 37
1058.64 4 5
1058.64 5 44
1058.64 6 12
1058.64 7 36
1058.64 8 13
1058.64 9 48
1058.64 10 11
1058.64 11 27
1058.64 12 20
1058.64 13 5
1058.64 14 31
1058.64 15 34
1058.64 16 27
1058.64 17 32
1058.64 18 13
1058.64 19 5
1058.64 20 17
1058.64 21 0
1058.64 22 44
1058.64 23 19
1058.64 24 20
1058.64 25 34
1058.64 26 8
1058.64 27 24
1058.64 28 4
1058.64 29 23
1058.64 30 4
1058.64 31 14
1058.64 32 19
1058.64 33 30
1058.64 34 2
1058.64 35 28
1058.64 36 25
1058.64 37 19
1058.64 38 16
1058.64 39 43
1058.64 40 18
1058.64 41 26
1058.64 42 22
1058.64 43 44
1058.64 44 36
1058.64 45 9
1058.64 46 29
1058.64 47 15
1058.64 48 42
1058.64 49 48
