40 40 4 195

0.4 0 2
0.4 0 4
0.4 0 8
0.4 0 10
0.4 0 16
0.4 0 19
0.4 0 24
0.4 0 26
0.4 0 28
0.4 0 29
0.4 0 30
0.4 0 37
0.4 1 3
0.4 1 8
0.4 1 12
0.4 1 14
0.4 1 16
0.4 1 18
0.4 1 38
0.4 2 6
0.4 2 9
0.4 2 21
0.4 2 25
0.4 2 26
0.4 2 27
0.4 2 38
0.4 2 39
0.4 3 5
0.4 3 6
0.4 3 13
0.4 3 14
0.4 3 26
0.4 3 27
0.4 3 32
0.4 3 34
0.4 3 37
0.4 4 8
0.4 4 10
0.4 4 16
0.4 4 19
0.4 4 20
0.4 4 22
0.4 4 24
0.4 4 29
0.4 4 31
0.4 4 32
0.4 4 36
0.4 5 12
0.4 5 17
0.4 5 23
0.4 5 29
0.4 5 31
0.4 5 37
0.4 5 38
0.4 6 7
0.4 6 18
0.4 6 20
0.4 6 23
0.4 6 24
0.4 6 28
0.4 6 31
0.4 6 35
0.4 6 37
0.4 7 8
0.4 7 22
0.4 7 28
0.4 7 30
0.4 7 35
0.4 7 37
0.4 8 10
0.4 8 16
0.4 8 19
0.4 8 28
0.4 8 30
0.4 8 39
0.4 9 12
0.4 9 16
0.4 9 18
0.4 9 27
0.4 9 28
0.4 9 30
0.4 9 32
0.4 9 33
0.4 9 35
0.4 10 14
0.4 10 16
0.4 10 20
0.4 10 25
0.4 10 32
0.4 10 33
0.4 10 36
0.4 10 38
0.4 11 14
0.4 11 15
0.4 11 20
0.4 11 25
0.4 11 30
0.4 11 33
0.4 11 34
0.4 11 37
0.4 11 38
0.4 12 19
0.4 12 24
0.4 12 31
0.4 12 37
0.4 12 38
0.4 13 20
0.4 13 25
0.4 13 28
0.4 13 30
0.4 13 31
0.4 13 36
0.4 13 39
0.4 14 18
0.4 14 23
0.4 14 24
0.4 14 32
0.4 14 34
0.4 14 36
0.4 15 18
0.4 15 20
0.4 15 29
0.4 15 31
0.4 15 33
0.4 15 36
0.4 15 39
0.4 16 19
0.4 16 24
0.4 16 27
0.4 16 28
0.4 16 31
0.4 17 26
0.4 17 31
0.4 17 37
0.4 18 20
0.4 18 21
0.4 18 23
0.4 18 24
0.4 18 38
0.4 18 39
0.4 19 25
0.4 19 35
0.4 20 22
0.4 20 23
0.4 20 26
0.4 20 28
0.4 20 31
0.4 20 34
0.4 20 35
0.4 20 38
0.4 21 23
0.4 21 24
0.4 21 33
0.4 21 35
0.4 21 38
0.4 22 24
0.4 22 26
0.4 22 31
0.4 22 33
0.4 23 28
0.4 23 32
0.4 23 33
0.4 23 34
0.4 24 27
0.4 24 30
0.4 24 31
0.4 24 35
0.4 24 37
0.4 24 38
0.4 25 26
0.4 25 27
0.4 25 30
0.4 25 32
0.4 25 37
0.4 26 28
0.4 26 29
0.4 26 33
0.4 26 35
0.4 26 36
0.4 27 32
0.4 27 34
0.4 27 37
0.4 27 39
0.4 28 36
0.4 28 37
0.4 29 30
0.4 29 33
0.4 29 34
0.4 30 33
0.4 31 32
0.4 31 37
0.4 32 37
0.4 33 34
0.4 35 38
0.4 35 39

0 351 218 143 92 180 493 227 220 95 497 251 323 247 467 197 102 414 219 471 300 198 313 242 56 272 114 196 86 109 466 200 276 83 471 167 136 233 346 454 
351 0 222 203 318 495 167 365 71 412 422 445 217 389 278 70 299 374 250 99 408 228 356 341 492 299 360 338 174 346 491 446 227 422 213 387 81 118 443 240 
218 222 0 478 492 216 273 437 189 173 126 294 416 290 129 150 479 85 134 404 254 112 421 431 168 105 89 236 380 55 122 480 69 321 145 246 86 339 52 83 
143 203 478 0 145 451 220 264 70 293 476 452 446 177 434 383 86 52 338 175 208 157 170 427 139 95 318 381 329 352 311 479 461 222 117 489 260 461 355 409 
92 318 492 145 0 52 148 443 446 57 348 164 461 223 193 474 134 348 392 455 500 452 329 492 486 482 91 89 320 470 497 256 433 172 58 50 364 124 316 158 
180 495 216 451 52 0 153 317 118 303 431 316 179 71 132 489 168 281 56 185 360 156 315 295 173 53 305 56 217 385 180 232 251 147 250 455 322 400 166 372 
493 167 273 220 148 153 0 251 163 495 128 348 248 179 257 173 436 175 419 316 458 316 432 395 346 280 89 240 271 180 280 159 119 346 165 365 191 462 372 129 
227 365 437 264 443 317 251 0 356 430 281 184 455 200 116 151 216 449 150 427 76 310 194 485 265 488 341 335 200 496 137 242 174 155 164 418 88 329 245 321 
220 71 189 70 446 118 163 356 0 460 296 468 108 272 254 418 375 198 183 89 135 487 231 202 365 495 117 324 463 309 310 319 276 98 52 333 278 188 412 241 
95 412 173 293 57 303 495 430 460 0 271 416 414 124 202 194 52 75 202 67 337 122 376 207 393 398 135 282 277 401 275 175 452 400 169 286 55 303 381 464 
497 422 126 476 348 431 128 281 296 271 0 53 207 445 283 280 177 435 142 168 345 174 98 340 402 333 322 347 147 196 152 467 347 302 418 225 355 167 248 154 
251 445 294 452 164 316 348 184 468 416 53 0 236 431 383 118 284 473 156 253 364 493 409 122 499 236 120 364 54 478 417 422 197 298 172 224 51 164 211 499 
323 217 416 446 461 179 248 455 108 414 207 236 0 238 157 172 492 405 299 67 63 480 439 83 141 278 365 329 101 177 177 92 250 96 422 249 499 67 339 386 
247 389 290 177 223 71 179 200 272 124 445 431 238 0 444 110 266 496 77 337 151 134 205 376 403 178 66 414 135 500 130 351 197 414 100 158 81 430 221 275 
467 278 129 434 193 132 257 116 254 202 283 383 157 444 0 62 147 485 276 209 474 201 117 387 393 207 321 449 351 238 301 258 161 96 185 110 135 296 457 218 
197 70 150 383 474 489 173 151 418 194 280 118 172 110 62 0 436 213 173 151 395 235 301 465 125 349 263 357 171 435 176 343 92 183 257 274 338 302 370 294 
102 299 479 86 134 168 436 216 375 52 177 284 492 266 147 436 0 50 319 381 312 445 227 69 311 278 105 240 414 134 318 233 381 307 434 494 270 297 385 367 
414 374 85 52 348 281 175 449 198 75 435 473 405 496 485 213 50 0 278 100 158 158 377 117 306 108 57 69 471 295 235 75 187 335 386 227 265 300 334 99 
219 250 134 338 392 56 419 150 183 202 142 156 299 77 276 173 319 278 0 365 210 261 287 96 415 347 247 373 119 105 467 284 82 176 74 378 313 252 101 126 
471 99 404 175 455 185 316 427 89 67 168 253 67 337 209 151 381 100 365 0 238 286 55 324 383 369 234 60 270 254 113 200 287 495 179 340 182 267 216 499 
300 408 254 208 500 360 458 76 135 337 345 364 63 151 474 395 312 158 210 238 0 201 257 233 339 217 214 489 210 265 498 345 238 111 411 238 78 89 171 189 
198 228 112 157 452 156 316 310 487 122 174 493 480 134 201 235 445 158 261 286 201 0 280 241 497 239 95 429 345 381 220 488 277 246 154 424 160 81 463 293 
313 356 421 170 329 315 432 194 231 376 98 409 439 205 117 301 227 377 287 55 257 280 0 235 476 444 218 274 350 474 84 126 119 319 140 269 297 213 408 500 
242 341 431 427 492 295 395 485 202 207 340 122 83 376 387 465 69 117 96 324 233 241 235 0 59 478 480 235 427 181 134 380 117 373 61 206 450 170 142 143 
56 492 168 139 486 173 346 265 365 393 402 499 141 403 393 125 311 306 415 383 339 497 476 59 0 251 393 369 334 226 401 329 105 255 340 314 264 231 175 62 
272 299 105 95 482 53 280 488 495 398 333 236 278 178 207 349 278 108 347 369 217 239 444 478 251 0 86 439 485 79 216 233 303 394 430 348 290 332 333 236 
114 360 89 318 91 305 89 341 117 135 322 120 365 66 321 263 105 57 247 234 214 95 218 480 393 86 0 281 201 108 66 302 369 236 469 165 123 338 425 99 
196 338 236 381 89 56 240 335 324 282 347 364 329 414 449 357 240 69 373 60 489 429 274 235 369 439 281 0 68 266 186 101 156 340 184 422 240 412 140 344 
86 174 380 329 320 217 271 200 463 277 147 54 101 135 351 171 414 471 119 270 210 345 350 427 334 485 201 68 0 63 481 370 379 251 129 153 375 486 217 445 
109 346 55 352 470 385 180 496 309 401 196 478 177 500 238 435 134 295 105 254 265 381 474 181 226 79 108 266 63 0 489 282 357 138 459 493 444 265 295 171 
466 491 122 311 497 180 280 137 310 275 152 417 177 130 301 176 318 235 467 113 498 220 84 134 401 216 66 186 481 489 0 90 196 444 401 418 412 213 248 497 
200 446 480 479 256 232 159 242 319 175 467 422 92 351 258 343 233 75 284 200 345 488 126 380 329 233 302 101 370 282 90 0 154 491 99 477 461 218 270 398 
276 227 69 461 433 251 119 174 276 452 347 197 250 197 161 92 381 187 82 287 238 277 119 117 105 303 369 156 379 357 196 154 0 267 171 379 231 333 237 362 
83 422 321 222 172 147 346 155 98 400 302 298 96 414 96 183 307 335 176 495 111 246 319 373 255 394 236 340 251 138 444 491 267 0 497 370 204 258 457 286 
471 213 145 117 58 250 165 164 52 169 418 172 422 100 185 257 434 386 74 179 411 154 140 61 340 430 469 184 129 459 401 99 171 497 0 466 428 385 124 306 
167 387 246 489 50 455 365 418 333 286 225 224 249 158 110 274 494 227 378 340 238 424 269 206 314 348 165 422 153 493 418 477 379 370 466 0 94 163 52 226 
136 81 86 260 364 322 191 88 278 55 355 51 499 81 135 338 270 265 313 182 78 160 297 450 264 290 123 240 375 444 412 461 231 204 428 94 0 158 122 157 
233 118 339 461 124 400 462 329 188 303 167 164 67 430 296 302 297 300 252 267 89 81 213 170 231 332 338 412 486 265 213 218 333 258 385 163 158 0 203 386 
346 443 52 355 316 166 372 245 412 381 248 211 339 221 457 370 385 334 101 216 171 463 408 142 175 333 425 140 217 295 248 270 237 457 124 52 122 203 0 497 
454 240 83 409 158 372 129 321 241 464 154 499 386 275 218 294 367 99 126 499 189 293 500 143 62 236 99 344 445 171 497 398 362 286 306 226 157 386 497 0 

1187.5 0 27
1187.5 1 9
1187.5 2 32
1187.5 3 24
1187.5 4 28
1187.5 5 19
1187.5 6 25
1187.5 7 6
1187.5 8 3
1187.5 9 23
1187.5 10 35
1187.5 11 26
1187.5 12 25
1187.5 13 26
1187.5 14 8
1187.5 15 1
1187.5 16 23
1187.5 17 5
1187.5 18 21
1187.5 19 6
1187.5 20 10
1187.5 21 4
1187.5 22 36
1187.5 23 33
1187.5 24 22
1187.5 25 7
1187.5 26 6
1187.5 27 12
1187.5 28 10
1187.5 29 36
1187.5 30 15
1187.5 31 26
1187.5 32 6
1187.5 33 8
1187.5 34 11
1187.5 35 23
1187.5 36 16
1187.5 37 25
1187.5 38 29
1187.5 39 19
