30 30 3 87

0.2 0 3
0.2 0 9
0.2 0 27
0.2 1 5
0.2 1 6
0.2 1 9
0.2 1 14
0.2 1 19
0.2 1 29
0.2 2 4
0.2 2 6
0.2 2 14
0.2 2 16
0.2 2 18
0.2 2 20
0.2 3 5
0.2 3 10
0.2 3 19
0.2 3 21
0.2 3 23
0.2 3 25
0.2 3 29
0.2 4 19
0.2 4 24
0.2 5 11
0.2 5 16
0.2 5 17
0.2 5 23
0.2 5 29
0.2 6 19
0.2 6 28
0.2 7 13
0.2 7 15
0.2 7 16
0.2 7 20
0.2 8 11
0.2 8 16
0.2 9 10
0.2 9 11
0.2 9 12
0.2 9 13
0.2 9 16
0.2 9 18
0.2 9 21
0.2 9 27
0.2 10 13
0.2 10 16
0.2 10 20
0.2 10 21
0.2 11 14
0.2 11 15
0.2 11 23
0.2 11 25
0.2 12 16
0.2 12 18
0.2 12 24
0.2 12 26
0.2 12 28
0.2 13 16
0.2 13 23
0.2 13 25
0.2 13 28
0.2 14 16
0.2 14 26
0.2 15 18
0.2 15 19
0.2 15 22
0.2 15 27
0.2 15 28
0.2 16 18
0.2 16 20
0.2 16 28
0.2 17 20
0.2 17 27
0.2 18 22
0.2 20 24
0.2 20 28
0.2 20 29
0.2 22 24
0.2 22 26
0.2 22 27
0.2 22 28
0.2 23 25
0.2 23 28
0.2 24 27
0.2 25 27
0.2 28 29

0 214 318 272 390 364 340 232 199 256 314 493 490 461 152 105 440 155 355 251 196 434 491 398 399 350 495 108 464 412 
214 0 448 338 499 384 328 140 379 437 393 235 409 99 321 279 437 315 451 185 110 58 366 437 118 284 210 476 309 437 
318 448 0 390 152 447 382 261 213 445 420 68 437 95 66 350 355 387 55 268 52 472 353 137 245 159 370 272 241 243 
272 338 390 0 465 127 250 462 363 114 195 210 435 348 402 302 261 163 317 255 128 281 438 454 401 281 179 246 321 131 
390 499 152 465 0 160 261 465 196 401 143 140 230 203 267 239 210 261 392 437 366 334 336 326 290 51 72 151 368 246 
364 384 447 127 160 0 252 240 367 309 181 397 93 126 66 400 256 493 438 357 336 474 103 163 158 468 371 266 423 190 
340 328 382 250 261 252 0 462 341 448 154 129 450 119 148 347 234 460 378 328 97 286 78 388 247 451 235 406 299 158 
232 140 261 462 465 240 462 0 240 103 81 453 384 482 383 87 433 54 214 441 415 164 162 196 154 401 306 471 320 320 
199 379 213 363 196 367 341 240 0 386 271 300 147 325 209 309 110 302 78 157 482 292 132 227 55 292 236 395 73 113 
256 437 445 114 401 309 448 103 386 0 121 447 91 60 82 424 323 139 226 481 88 425 109 378 183 403 466 185 64 407 
314 393 420 195 143 181 154 81 271 121 0 500 198 500 112 363 141 367 306 441 106 138 302 62 241 301 308 341 225 139 
493 235 68 210 140 397 129 453 300 447 500 0 246 486 252 290 349 298 334 141 496 194 140 79 215 81 203 337 495 343 
490 409 437 435 230 93 450 384 147 91 198 246 0 358 238 248 385 94 470 326 289 485 287 315 460 60 173 197 166 421 
461 99 95 348 203 126 119 482 325 60 500 486 358 0 446 129 99 202 99 295 448 140 290 348 110 498 415 283 116 70 
152 321 66 402 267 66 148 383 209 82 112 252 238 446 0 496 86 50 195 298 263 272 181 133 102 186 445 302 91 337 
105 279 350 302 239 400 347 87 309 424 363 290 248 129 496 0 87 484 284 331 495 106 467 343 362 65 75 211 453 86 
440 437 355 261 210 256 234 433 110 323 141 349 385 99 86 87 0 139 192 319 140 183 75 216 287 387 215 436 264 137 
155 315 387 163 261 493 460 54 302 139 367 298 94 202 50 484 139 0 308 189 327 320 51 422 430 133 233 425 325 135 
355 451 55 317 392 438 378 214 78 226 306 334 470 99 195 284 192 308 0 268 78 227 465 158 130 230 85 125 461 245 
251 185 268 255 437 357 328 441 157 481 441 141 326 295 298 331 319 189 268 0 81 371 206 224 73 346 212 137 425 351 
196 110 52 128 366 336 97 415 482 88 106 496 289 448 263 495 140 327 78 81 0 358 140 61 452 194 125 206 467 166 
434 58 472 281 334 474 286 164 292 425 138 194 485 140 272 106 183 320 227 371 358 0 158 152 184 283 307 290 142 206 
491 366 353 438 336 103 78 162 132 109 302 140 287 290 181 467 75 51 465 206 140 158 0 220 363 415 305 320 50 482 
398 437 137 454 326 163 388 196 227 378 62 79 315 348 133 343 216 422 158 224 61 152 220 0 50 187 208 241 310 339 
399 118 245 401 290 158 247 154 55 183 241 215 460 110 102 362 287 430 130 73 452 184 363 50 0 419 487 208 298 298 
350 284 159 281 51 468 451 401 292 403 301 81 60 498 186 65 387 133 230 346 194 283 415 187 419 0 151 151 497 238 
495 210 370 179 72 371 235 306 236 466 308 203 173 415 445 75 215 233 85 212 125 307 305 208 487 151 0 498 336 149 
108 476 272 246 151 266 406 471 395 185 341 337 197 283 302 211 436 425 125 137 206 290 320 241 208 151 498 0 246 95 
464 309 241 321 368 423 299 320 73 64 225 495 166 116 91 453 264 325 461 425 467 142 50 310 298 497 336 246 0 235 
412 437 243 131 246 190 158 320 113 407 139 343 421 70 337 86 137 135 245 351 166 206 482 339 298 238 149 95 235 0 

490 0 16
490 1 27
490 2 25
490 3 25
490 4 6
490 5 19
490 6 8
490 7 5
490 8 5
490 9 10
490 10 19
490 11 10
490 12 0
490 13 12
490 14 2
490 15 21
490 16 22
490 17 13
490 18 7
490 19 16
490 20 19
490 21 7
490 22 18
490 23 24
490 24 13
490 25 16
490 26 18
490 27 19
490 28 17
490 29 21
