10 10 3 4

0.4 4 7
0.4 5 6
0.4 5 9
0.4 6 9

0 373 319 216 271 84 359 236 267 470 
373 0 438 148 326 399 494 353 242 283 
319 438 0 370 230 110 454 490 250 191 
216 148 370 0 157 218 496 151 347 199 
271 326 230 157 0 384 303 285 60 147 
84 399 110 218 384 0 251 294 394 225 
359 494 454 496 303 251 0 95 62 98 
236 353 490 151 285 294 95 0 366 207 
267 242 250 347 60 394 62 366 0 394 
470 283 191 199 147 225 98 207 394 0 

499.5 0 2
499.5 1 2
499.5 2 3
499.5 3 5
499.5 4 0
499.5 5 4
499.5 6 4
499.5 7 2
499.5 8 2
499.5 9 0
