40 40 3 195

0.3 0 3
0.3 0 5
0.3 0 6
0.3 0 7
0.3 0 10
0.3 0 19
0.3 0 22
0.3 0 23
0.3 0 25
0.3 0 28
0.3 0 32
0.3 0 36
0.3 0 39
0.3 1 5
0.3 1 7
0.3 1 14
0.3 1 26
0.3 1 32
0.3 1 33
0.3 1 35
0.3 2 10
0.3 2 13
0.3 2 16
0.3 2 18
0.3 2 28
0.3 2 30
0.3 2 32
0.3 2 36
0.3 2 37
0.3 3 5
0.3 3 12
0.3 3 13
0.3 3 15
0.3 3 21
0.3 3 30
0.3 3 38
0.3 4 5
0.3 4 8
0.3 4 9
0.3 4 11
0.3 4 13
0.3 4 20
0.3 4 21
0.3 4 22
0.3 4 25
0.3 4 29
0.3 4 34
0.3 4 35
0.3 5 12
0.3 5 13
0.3 5 14
0.3 5 16
0.3 5 20
0.3 5 21
0.3 5 22
0.3 5 27
0.3 6 7
0.3 6 11
0.3 6 12
0.3 6 16
0.3 6 34
0.3 6 35
0.3 6 38
0.3 7 8
0.3 7 9
0.3 7 13
0.3 7 14
0.3 7 15
0.3 7 22
0.3 7 23
0.3 7 26
0.3 7 34
0.3 7 36
0.3 8 11
0.3 8 24
0.3 8 31
0.3 8 32
0.3 8 34
0.3 8 35
0.3 9 10
0.3 9 12
0.3 9 14
0.3 9 28
0.3 9 32
0.3 9 36
0.3 9 37
0.3 9 39
0.3 10 13
0.3 10 15
0.3 10 18
0.3 10 19
0.3 10 22
0.3 10 26
0.3 10 27
0.3 10 32
0.3 11 26
0.3 11 27
0.3 11 29
0.3 11 31
0.3 11 32
0.3 11 37
0.3 12 17
0.3 12 18
0.3 12 21
0.3 12 28
0.3 12 30
0.3 12 35
0.3 13 19
0.3 13 22
0.3 13 24
0.3 13 25
0.3 13 27
0.3 13 31
0.3 14 15
0.3 14 18
0.3 14 29
0.3 14 32
0.3 14 33
0.3 14 35
0.3 14 37
0.3 15 16
0.3 15 21
0.3 15 22
0.3 15 24
0.3 15 28
0.3 15 30
0.3 15 31
0.3 15 38
0.3 16 17
0.3 16 22
0.3 16 25
0.3 16 26
0.3 16 34
0.3 16 36
0.3 17 25
0.3 17 35
0.3 18 22
0.3 18 25
0.3 18 26
0.3 18 29
0.3 18 31
0.3 18 32
0.3 18 35
0.3 18 38
0.3 19 20
0.3 19 25
0.3 19 30
0.3 19 38
0.3 19 39
0.3 20 21
0.3 20 22
0.3 20 38
0.3 21 22
0.3 21 26
0.3 21 32
0.3 21 35
0.3 21 36
0.3 21 39
0.3 22 24
0.3 22 33
0.3 22 38
0.3 23 31
0.3 23 37
0.3 23 38
0.3 24 26
0.3 24 30
0.3 24 32
0.3 24 34
0.3 24 36
0.3 25 31
0.3 25 35
0.3 25 39
0.3 26 31
0.3 26 33
0.3 27 29
0.3 27 30
0.3 27 34
0.3 27 35
0.3 27 38
0.3 28 30
0.3 28 36
0.3 29 35
0.3 29 36
0.3 29 39
0.3 30 33
0.3 30 37
0.3 31 33
0.3 31 39
0.3 32 34
0.3 32 36
0.3 33 36
0.3 34 35
0.3 34 36
0.3 34 37
0.3 35 37

0 350 88 189 268 467 223 418 233 151 453 101 123 137 345 452 218 184 417 481 360 293 170 489 204 334 158 237 87 283 346 295 495 473 287 479 88 206 50 266 
350 0 249 333 500 50 438 209 73 197 257 122 79 163 418 328 206 125 325 182 128 131 190 480 236 405 97 197 198 72 165 389 469 224 285 159 320 165 89 291 
88 249 0 339 468 336 204 387 357 149 84 427 170 463 345 289 415 188 494 368 252 352 485 479 330 322 278 126 177 206 476 354 262 348 435 95 458 500 210 483 
189 333 339 0 345 326 391 330 83 325 363 103 429 200 318 317 136 207 111 499 479 438 279 53 442 494 331 289 408 321 124 478 472 160 499 276 362 86 184 231 
268 500 468 345 0 422 322 144 318 492 354 306 110 148 346 415 257 246 464 390 429 414 55 68 322 474 104 394 142 428 321 463 187 317 253 379 456 475 279 432 
467 50 336 326 422 0 416 105 105 322 113 450 162 234 318 402 439 296 275 228 135 298 349 186 438 397 302 234 80 89 52 381 142 262 498 487 388 288 338 359 
223 438 204 391 322 416 0 52 222 81 279 166 250 422 391 279 432 436 146 222 188 163 278 403 468 188 371 336 484 228 51 480 208 468 90 375 175 137 450 214 
418 209 387 330 144 105 52 0 150 327 272 339 141 263 131 322 282 67 233 322 177 239 343 418 243 384 459 172 381 69 361 465 151 113 269 324 496 79 369 286 
233 73 357 83 318 105 222 150 0 147 272 267 195 492 439 256 85 51 445 249 360 62 385 267 426 132 331 271 425 120 231 448 90 92 442 430 173 464 203 156 
151 197 149 325 492 322 81 327 147 0 165 222 347 495 75 219 63 154 413 95 423 303 306 72 447 225 365 147 425 419 70 417 331 310 149 431 153 428 231 275 
453 257 84 363 354 113 279 272 272 165 0 267 300 189 191 450 220 468 350 324 271 496 342 107 428 325 188 424 424 156 187 485 343 444 446 106 288 239 466 393 
101 122 427 103 306 450 166 339 267 222 267 0 158 302 307 225 110 226 177 439 292 128 466 458 185 160 227 142 303 495 356 134 174 352 237 334 101 422 191 104 
123 79 170 429 110 162 250 141 195 347 300 158 0 56 275 210 411 71 210 332 404 137 364 58 466 162 259 105 195 99 177 479 310 227 350 79 104 316 170 237 
137 163 463 200 148 234 422 263 492 495 189 302 56 0 282 200 233 374 249 447 159 247 279 320 114 292 72 254 70 79 181 368 210 296 76 479 226 140 277 224 
345 418 345 318 346 318 391 131 439 75 191 307 275 282 0 120 91 52 68 470 159 107 135 306 295 110 309 213 433 297 405 472 353 251 197 293 341 158 354 494 
452 328 289 317 415 402 279 322 256 219 450 225 210 200 120 0 400 239 285 326 158 65 368 286 139 87 434 451 287 244 413 383 192 130 149 221 454 282 298 164 
218 206 415 136 257 439 432 282 85 63 220 110 411 233 91 400 0 80 387 57 500 333 392 162 87 446 103 431 332 306 184 281 197 461 423 245 459 390 110 220 
184 125 188 207 246 296 436 67 51 154 468 226 71 374 52 239 80 0 225 189 337 452 80 397 317 488 175 422 187 229 355 155 458 93 253 232 181 489 401 186 
417 325 494 111 464 275 146 233 445 413 350 177 210 249 68 285 387 225 0 100 330 193 136 298 196 429 95 473 450 238 426 445 343 190 436 290 402 232 241 212 
481 182 368 499 390 228 222 322 249 95 324 439 332 447 470 326 57 189 100 0 77 399 401 210 496 167 102 446 282 345 119 206 109 105 266 193 481 312 256 289 
360 128 252 479 429 135 188 177 360 423 271 292 404 159 159 158 500 337 330 77 0 131 76 119 81 308 235 356 324 122 299 432 145 336 440 75 260 213 125 80 
293 131 352 438 414 298 163 239 62 303 496 128 137 247 107 65 333 452 193 399 131 0 215 368 466 223 339 282 128 394 270 243 86 137 363 134 93 422 440 173 
170 190 485 279 55 349 278 343 385 306 342 466 364 279 135 368 392 80 136 401 76 215 0 439 57 256 498 328 461 333 399 182 241 481 242 448 174 334 221 368 
489 480 479 53 68 186 403 418 267 72 107 458 58 320 306 286 162 397 298 210 119 368 439 0 318 346 430 157 477 153 193 330 425 221 137 72 451 96 290 170 
204 236 330 442 322 438 468 243 426 447 428 185 466 114 295 139 87 317 196 496 81 466 57 318 0 247 475 334 434 472 102 142 385 476 344 128 215 444 436 134 
334 405 322 494 474 397 188 384 132 225 325 160 162 292 110 87 446 488 429 167 308 223 256 346 247 0 371 62 243 294 51 234 182 198 305 192 224 196 98 487 
158 97 278 331 104 302 371 459 331 365 188 227 259 72 309 434 103 175 95 102 235 339 498 430 475 371 0 203 304 336 371 87 462 275 290 194 239 469 119 421 
237 197 126 289 394 234 336 172 271 147 424 142 105 254 213 451 431 422 473 446 356 282 328 157 334 62 203 0 297 161 102 464 104 357 288 485 72 493 188 230 
87 198 177 408 142 80 484 381 425 425 424 303 195 70 433 287 332 187 450 282 324 128 461 477 434 243 304 297 0 243 93 494 382 447 488 172 384 258 462 384 
283 72 206 321 428 89 228 69 120 419 156 495 99 79 297 244 306 229 238 345 122 394 333 153 472 294 336 161 243 0 239 130 298 238 416 344 316 459 373 58 
346 165 476 124 321 52 51 361 231 70 187 356 177 181 405 413 184 355 426 119 299 270 399 193 102 51 371 102 93 239 0 202 256 233 407 82 155 497 384 482 
295 389 354 478 463 381 480 465 448 417 485 134 479 368 472 383 281 155 445 206 432 243 182 330 142 234 87 464 494 130 202 0 376 419 481 151 422 171 462 357 
495 469 262 472 187 142 208 151 90 331 343 174 310 210 353 192 197 458 343 109 145 86 241 425 385 182 462 104 382 298 256 376 0 412 200 454 342 330 413 55 
473 224 348 160 317 262 468 113 92 310 444 352 227 296 251 130 461 93 190 105 336 137 481 221 476 198 275 357 447 238 233 419 412 0 341 127 112 496 300 220 
287 285 435 499 253 498 90 269 442 149 446 237 350 76 197 149 423 253 436 266 440 363 242 137 344 305 290 288 488 416 407 481 200 341 0 377 491 207 145 294 
479 159 95 276 379 487 375 324 430 431 106 334 79 479 293 221 245 232 290 193 75 134 448 72 128 192 194 485 172 344 82 151 454 127 377 0 54 304 398 437 
88 320 458 362 456 388 175 496 173 153 288 101 104 226 341 454 459 181 402 481 260 93 174 451 215 224 239 72 384 316 155 422 342 112 491 54 0 490 138 79 
206 165 500 86 475 288 137 79 464 428 239 422 316 140 158 282 390 489 232 312 213 422 334 96 444 196 469 493 258 459 497 171 330 496 207 304 490 0 95 459 
50 89 210 184 279 338 450 369 203 231 466 191 170 277 354 298 110 401 241 256 125 440 221 290 436 98 119 188 462 373 384 462 413 300 145 398 138 95 0 429 
266 291 483 231 432 359 214 286 156 275 393 104 237 224 494 164 220 186 212 289 80 173 368 170 134 487 421 230 384 58 482 357 55 220 294 437 79 459 429 0 

1280 0 34
1280 1 5
1280 2 5
1280 3 24
1280 4 31
1280 5 24
1280 6 1
1280 7 8
1280 8 32
1280 9 33
1280 10 21
1280 11 28
1280 12 19
1280 13 8
1280 14 27
1280 15 6
1280 16 7
1280 17 35
1280 18 38
1280 19 9
1280 20 21
1280 21 11
1280 22 0
1280 23 1
1280 24 26
1280 25 26
1280 26 5
1280 27 32
1280 28 0
1280 29 9
1280 30 29
1280 31 34
1280 32 14
1280 33 35
1280 34 20
1280 35 36
1280 36 20
1280 37 10
1280 38 32
1280 39 14
