20 20 3 19

0.4 1 6
0.4 1 7
0.4 1 9
0.4 1 12
0.4 1 14
0.4 1 15
0.4 1 19
0.4 2 4
0.4 2 6
0.4 3 5
0.4 3 13
0.4 5 13
0.4 6 16
0.4 7 18
0.4 9 11
0.4 9 19
0.4 10 12
0.4 10 16
0.4 12 17

0 228 212 375 226 220 188 368 339 279 171 274 393 388 248 282 464 394 218 383 
228 0 367 65 462 441 499 230 484 324 336 146 452 115 130 472 311 417 210 253 
212 367 0 366 60 95 271 380 341 135 449 384 337 220 161 182 207 60 169 50 
375 65 366 0 366 439 498 160 67 496 392 56 478 108 223 412 93 306 60 246 
226 462 60 366 0 479 66 489 195 397 90 435 203 385 303 360 178 483 262 469 
220 441 95 439 479 0 222 235 414 306 221 123 233 334 418 454 136 221 421 267 
188 499 271 498 66 222 0 75 148 193 113 103 283 216 115 132 346 144 419 362 
368 230 380 160 489 235 75 0 418 198 408 208 346 84 254 174 302 364 68 276 
339 484 341 67 195 414 148 418 0 451 401 269 382 315 461 95 408 266 182 176 
279 324 135 496 397 306 193 198 451 0 443 467 233 312 299 172 306 266 125 336 
171 336 449 392 90 221 113 408 401 443 0 307 223 174 407 96 262 410 438 287 
274 146 384 56 435 123 103 208 269 467 307 0 424 321 194 129 207 101 51 292 
393 452 337 478 203 233 283 346 382 233 223 424 0 453 82 437 213 203 277 327 
388 115 220 108 385 334 216 84 315 312 174 321 453 0 460 358 162 475 316 211 
248 130 161 223 303 418 115 254 461 299 407 194 82 460 0 460 446 60 395 208 
282 472 182 412 360 454 132 174 95 172 96 129 437 358 460 0 379 166 193 202 
464 311 207 93 178 136 346 302 408 306 262 207 213 162 446 379 0 492 82 221 
394 417 60 306 483 221 144 364 266 266 410 101 203 475 60 166 492 0 407 421 
218 210 169 60 262 421 419 68 182 125 438 51 277 316 395 193 82 407 0 122 
383 253 50 246 469 267 362 276 176 336 287 292 327 211 208 202 221 421 122 0 

751 0 1
751 1 18
751 2 0
751 3 16
751 4 10
751 5 1
751 6 4
751 7 9
751 8 7
751 9 11
751 10 1
751 11 10
751 12 13
751 13 8
751 14 4
751 15 12
751 16 14
751 17 18
751 18 7
751 19 0
