50 50 3 245

0.25 0 3
0.25 0 5
0.25 0 21
0.25 0 27
0.25 0 28
0.25 0 32
0.25 0 39
0.25 0 48
0.25 1 2
0.25 1 4
0.25 1 9
0.25 1 18
0.25 1 19
0.25 1 21
0.25 1 22
0.25 1 23
0.25 1 33
0.25 1 44
0.25 2 6
0.25 2 7
0.25 2 8
0.25 2 21
0.25 2 28
0.25 2 35
0.25 2 38
0.25 2 39
0.25 2 42
0.25 2 43
0.25 3 4
0.25 3 11
0.25 3 12
0.25 3 17
0.25 3 23
0.25 3 25
0.25 3 27
0.25 3 34
0.25 3 36
0.25 3 43
0.25 4 12
0.25 4 16
0.25 4 22
0.25 4 25
0.25 4 29
0.25 4 39
0.25 4 40
0.25 4 45
0.25 4 46
0.25 5 10
0.25 5 27
0.25 5 28
0.25 5 32
0.25 5 34
0.25 5 42
0.25 5 47
0.25 5 48
0.25 6 9
0.25 6 26
0.25 6 27
0.25 6 33
0.25 6 38
0.25 6 48
0.25 7 10
0.25 7 16
0.25 7 17
0.25 7 23
0.25 7 38
0.25 7 43
0.25 7 45
0.25 7 46
0.25 8 10
0.25 8 14
0.25 8 18
0.25 8 25
0.25 8 26
0.25 8 27
0.25 8 28
0.25 8 38
0.25 8 46
0.25 8 48
0.25 9 10
0.25 9 15
0.25 9 21
0.25 9 22
0.25 9 23
0.25 9 25
0.25 9 38
0.25 10 14
0.25 10 22
0.25 10 29
0.25 10 34
0.25 10 35
0.25 10 42
0.25 10 44
0.25 10 47
0.25 11 21
0.25 11 29
0.25 11 31
0.25 11 32
0.25 11 39
0.25 11 49
0.25 12 23
0.25 12 25
0.25 12 30
0.25 12 32
0.25 12 35
0.25 12 41
0.25 13 14
0.25 13 16
0.25 13 19
0.25 13 24
0.25 13 27
0.25 13 44
0.25 14 25
0.25 14 33
0.25 14 37
0.25 14 39
0.25 14 41
0.25 14 42
0.25 14 46
0.25 14 49
0.25 15 16
0.25 15 30
0.25 15 38
0.25 15 43
0.25 15 48
0.25 16 17
0.25 16 20
0.25 16 22
0.25 16 29
0.25 16 34
0.25 16 38
0.25 16 42
0.25 16 43
0.25 16 45
0.25 17 18
0.25 17 19
0.25 17 20
0.25 17 21
0.25 17 29
0.25 17 31
0.25 17 38
0.25 17 41
0.25 17 44
0.25 17 45
0.25 17 49
0.25 18 25
0.25 18 26
0.25 18 28
0.25 18 39
0.25 18 41
0.25 18 44
0.25 18 47
0.25 18 48
0.25 19 23
0.25 19 25
0.25 19 27
0.25 19 32
0.25 19 36
0.25 19 44
0.25 20 23
0.25 20 28
0.25 20 32
0.25 20 35
0.25 20 47
0.25 21 22
0.25 21 34
0.25 21 37
0.25 21 41
0.25 21 44
0.25 21 45
0.25 21 47
0.25 22 24
0.25 22 31
0.25 22 33
0.25 22 39
0.25 23 29
0.25 23 30
0.25 23 31
0.25 23 32
0.25 23 37
0.25 24 28
0.25 24 34
0.25 24 36
0.25 24 38
0.25 24 48
0.25 25 28
0.25 25 30
0.25 25 31
0.25 25 32
0.25 25 42
0.25 25 43
0.25 25 48
0.25 26 37
0.25 26 43
0.25 26 48
0.25 27 45
0.25 27 46
0.25 28 29
0.25 28 30
0.25 28 36
0.25 28 45
0.25 28 47
0.25 28 48
0.25 29 32
0.25 29 34
0.25 29 40
0.25 30 34
0.25 30 39
0.25 30 42
0.25 31 32
0.25 31 34
0.25 31 35
0.25 31 47
0.25 32 33
0.25 32 40
0.25 32 45
0.25 32 48
0.25 33 40
0.25 33 44
0.25 33 46
0.25 33 48
0.25 34 45
0.25 34 49
0.25 35 37
0.25 35 45
0.25 35 48
0.25 36 44
0.25 36 46
0.25 37 38
0.25 37 43
0.25 37 45
0.25 37 46
0.25 38 39
0.25 38 41
0.25 39 45
0.25 40 46
0.25 40 49
0.25 41 44
0.25 42 48
0.25 43 46
0.25 43 47
0.25 45 46
0.25 45 47
0.25 46 49
0.25 48 49

0 425 109 305 247 451 411 500 219 311 479 99 235 168 385 106 320 261 478 427 342 428 186 500 108 237 279 166 139 251 400 313 493 476 343 460 115 240 378 276 382 493 367 491 104 398 119 420 63 493 
425 0 182 63 341 200 293 141 100 108 188 173 311 484 123 419 59 193 312 205 452 257 257 197 207 167 123 393 297 332 189 329 123 335 285 146 345 387 179 299 182 219 109 267 87 304 164 427 91 286 
109 182 0 445 73 500 487 383 234 220 236 440 73 414 117 296 456 313 104 343 346 157 325 348 348 181 191 346 252 176 395 345 411 138 411 105 68 434 457 440 332 86 397 365 485 174 425 269 355 66 
305 63 445 0 464 360 146 353 350 90 465 488 161 184 447 236 150 447 135 459 453 298 333 487 303 476 252 121 341 340 438 208 200 70 192 140 328 390 131 349 108 440 243 265 429 464 195 347 269 146 
247 341 73 464 0 81 124 65 159 278 284 98 351 78 367 293 333 192 485 431 77 400 416 191 92 89 104 385 413 128 315 266 95 112 303 298 148 317 151 404 472 140 423 101 206 369 314 465 205 189 
451 200 500 360 81 0 375 62 366 378 310 490 302 404 82 486 402 299 176 317 267 490 244 348 387 166 68 331 145 378 235 367 277 350 222 131 467 488 476 227 91 56 424 364 397 65 292 238 72 488 
411 293 487 146 124 375 0 439 362 241 339 221 489 292 181 149 467 302 374 417 337 430 410 144 223 329 195 194 393 388 273 149 55 67 181 177 58 307 497 289 70 147 399 481 149 442 95 95 342 194 
500 141 383 353 65 62 439 0 380 278 490 398 91 456 177 184 122 326 335 383 171 146 184 252 433 354 221 75 240 247 400 245 291 311 445 263 72 291 355 84 193 479 58 254 68 246 384 191 313 263 
219 100 234 350 159 366 362 380 0 444 402 356 286 209 313 64 289 69 60 453 362 458 79 176 142 324 406 82 236 473 122 266 493 282 75 304 200 499 335 398 277 464 272 139 282 204 131 210 288 283 
311 108 220 90 278 378 241 278 444 0 221 294 432 415 292 259 351 268 161 422 121 95 369 488 371 176 171 455 224 280 226 428 433 192 331 242 223 498 144 205 344 259 332 471 434 303 131 67 120 366 
479 188 236 465 284 310 339 490 402 221 0 466 69 395 479 426 385 252 370 198 78 225 111 216 280 157 261 300 385 194 128 422 419 354 259 474 348 266 123 470 466 391 345 475 471 232 58 454 178 210 
99 173 440 488 98 490 221 398 356 294 466 0 424 196 321 470 80 245 422 164 403 299 286 207 128 122 71 435 469 416 108 344 93 200 467 425 210 69 399 471 303 122 291 309 369 492 203 231 461 158 
235 311 73 161 351 302 489 91 286 432 69 424 0 463 488 418 85 185 385 193 254 253 476 320 268 270 206 176 463 210 370 486 418 315 115 478 475 416 81 340 241 84 372 307 302 443 82 445 500 332 
168 484 414 184 78 404 292 456 209 415 395 196 463 0 276 97 205 55 388 176 440 70 359 131 335 330 321 205 339 285 494 498 172 234 261 215 304 254 441 260 422 170 63 288 194 249 341 306 299 261 
385 123 117 447 367 82 181 177 313 292 479 321 488 276 0 365 67 316 389 182 452 458 186 401 430 55 101 105 268 384 269 338 381 78 415 326 485 360 424 463 471 364 275 476 69 79 235 207 81 497 
106 419 296 236 293 486 149 184 64 259 426 470 418 97 365 0 311 212 77 247 212 488 222 229 470 362 333 143 397 173 154 254 172 295 79 60 475 392 221 466 207 77 335 374 421 416 476 282 348 95 
320 59 456 150 333 402 467 122 289 351 385 80 85 205 67 311 0 64 200 468 371 494 495 472 461 407 428 434 221 123 133 359 481 449 486 95 71 61 210 480 389 206 293 413 360 64 378 434 346 373 
261 193 313 447 192 299 302 326 69 268 252 245 185 55 316 212 64 0 91 166 269 50 489 186 417 492 174 261 180 358 148 421 57 465 402 250 419 357 436 116 251 136 59 413 359 126 371 297 371 360 
478 312 104 135 485 176 374 335 60 161 370 422 385 388 389 77 200 91 0 129 129 158 386 304 185 441 309 414 208 276 435 352 230 275 326 324 282 437 122 322 406 142 447 221 391 200 221 251 250 258 
427 205 343 459 431 317 417 383 453 422 198 164 193 176 182 247 468 166 129 0 460 355 89 82 374 174 465 485 314 51 442 293 273 281 380 294 133 368 184 76 205 226 68 156 479 368 88 500 357 264 
342 452 346 453 77 267 337 171 362 121 78 403 254 440 452 212 371 269 129 460 0 121 421 423 443 82 386 300 113 244 130 118 126 90 425 61 270 75 84 191 158 130 283 178 171 401 470 408 398 308 
428 257 157 298 400 490 430 146 458 95 225 299 253 70 458 488 494 50 158 355 121 0 391 279 266 370 170 98 176 191 436 189 125 395 314 228 308 434 286 250 118 69 63 127 433 363 249 462 404 233 
186 257 325 333 416 244 410 184 79 369 111 286 476 359 186 222 495 489 386 89 421 391 0 147 275 144 371 365 435 71 185 435 414 73 249 308 498 269 420 461 73 90 220 246 362 132 471 123 472 187 
500 197 348 487 191 348 144 252 176 488 216 207 320 131 401 229 472 186 304 82 423 279 147 0 378 249 133 108 304 63 271 461 86 282 105 356 95 305 269 467 85 463 337 137 486 85 266 157 341 290 
108 207 348 303 92 387 223 433 142 371 280 128 268 335 430 470 461 417 185 374 443 266 275 378 0 493 317 62 426 317 213 410 242 162 404 352 150 402 154 468 287 278 314 162 338 175 266 59 124 92 
237 167 181 476 89 166 329 354 324 176 157 122 270 330 55 362 407 492 441 174 82 370 144 249 493 0 252 457 483 456 199 147 268 181 308 75 463 268 150 281 330 463 461 223 433 122 313 279 89 484 
279 123 191 252 104 68 195 221 406 171 261 71 206 321 101 333 428 174 309 465 386 170 371 133 317 252 0 229 376 318 294 366 158 140 345 415 498 149 341 249 66 72 361 445 311 245 71 366 222 65 
166 393 346 121 385 331 194 75 82 455 300 435 176 205 105 143 434 261 414 485 300 98 365 108 62 457 229 0 241 449 169 411 152 109 418 118 402 458 368 317 115 284 174 169 332 126 428 467 240 200 
139 297 252 341 413 145 393 240 236 224 385 469 463 339 268 397 221 180 208 314 113 176 435 304 426 483 376 241 0 438 223 473 447 83 61 136 280 285 428 201 70 162 437 216 474 326 146 223 169 154 
251 332 176 340 128 378 388 247 473 280 194 416 210 285 384 173 123 358 276 51 244 191 71 63 317 456 318 449 438 0 450 88 196 64 353 258 261 479 435 213 494 276 348 340 109 236 270 415 467 101 
400 189 395 438 315 235 273 400 122 226 128 108 370 494 269 154 133 148 435 442 130 436 185 271 213 199 294 169 223 450 0 116 218 498 267 453 293 368 119 161 428 67 488 471 341 330 338 365 101 360 
313 329 345 208 266 367 149 245 266 428 422 344 486 498 338 254 359 421 352 293 118 189 435 461 410 147 366 411 473 88 116 0 439 58 110 95 345 231 61 427 158 361 59 413 78 430 422 349 389 353 
493 123 411 200 95 277 55 291 493 433 419 93 418 172 381 172 481 57 230 273 126 125 414 86 242 268 158 152 447 196 218 439 0 349 344 111 106 121 113 462 176 445 407 106 353 246 140 341 57 337 
476 335 138 70 112 350 67 311 282 192 354 200 315 234 78 295 449 465 275 281 90 395 73 282 162 181 140 109 83 64 498 58 349 0 177 57 67 57 75 307 259 104 140 335 325 211 262 133 406 376 
343 285 411 192 303 222 181 445 75 331 259 467 115 261 415 79 486 402 326 380 425 314 249 105 404 308 345 418 61 353 267 110 344 177 0 392 379 121 142 482 423 301 252 384 457 149 116 195 157 450 
460 146 105 140 298 131 177 263 304 242 474 425 478 215 326 60 95 250 324 294 61 228 308 356 352 75 415 118 136 258 453 95 111 57 392 0 411 388 214 122 354 291 85 365 265 321 160 61 213 476 
115 345 68 328 148 467 58 72 200 223 348 210 475 304 485 475 71 419 282 133 270 308 498 95 150 463 498 402 280 261 293 345 106 67 379 411 0 252 258 484 300 317 271 406 429 433 261 77 185 363 
240 387 434 390 317 488 307 291 499 498 266 69 416 254 360 392 61 357 437 368 75 434 269 305 402 268 149 458 285 479 368 231 121 57 121 388 252 0 345 271 199 154 358 121 312 90 368 448 449 143 
378 179 457 131 151 476 497 355 335 144 123 399 81 441 424 221 210 436 122 184 84 286 420 269 154 150 341 368 428 435 119 61 113 75 142 214 258 345 0 156 498 477 300 118 283 67 494 409 476 445 
276 299 440 349 404 227 289 84 398 205 470 471 340 260 463 466 480 116 322 76 191 250 461 467 468 281 249 317 201 213 161 427 462 307 482 122 484 271 156 0 77 281 493 495 210 136 98 444 423 352 
382 182 332 108 472 91 70 193 277 344 466 303 241 422 471 207 389 251 406 205 158 118 73 85 287 330 66 115 70 494 428 158 176 259 423 354 300 199 498 77 0 363 189 91 245 99 205 465 276 215 
493 219 86 440 140 56 147 479 464 259 391 122 84 170 364 77 206 136 142 226 130 69 90 463 278 463 72 284 162 276 67 361 445 104 301 291 317 154 477 281 363 0 352 92 254 456 258 118 153 361 
367 109 397 243 423 424 399 58 272 332 345 291 372 63 275 335 293 59 447 68 283 63 220 337 314 461 361 174 437 348 488 59 407 140 252 85 271 358 300 493 189 352 0 303 285 334 458 174 140 460 
491 267 365 265 101 364 481 254 139 471 475 309 307 288 476 374 413 413 221 156 178 127 246 137 162 223 445 169 216 340 471 413 106 335 384 365 406 121 118 495 91 92 303 0 254 248 445 166 275 253 
104 87 485 429 206 397 149 68 282 434 471 369 302 194 69 421 360 359 391 479 171 433 362 486 338 433 311 332 474 109 341 78 353 325 457 265 429 312 283 210 245 254 285 254 0 411 99 130 158 121 
398 304 174 464 369 65 442 246 204 303 232 492 443 249 79 416 64 126 200 368 401 363 132 85 175 122 245 126 326 236 330 430 246 211 149 321 433 90 67 136 99 456 334 248 411 0 192 88 171 456 
119 164 425 195 314 292 95 384 131 131 58 203 82 341 235 476 378 371 221 88 470 249 471 266 266 313 71 428 146 270 338 422 140 262 116 160 261 368 494 98 205 258 458 445 99 192 0 154 330 298 
420 427 269 347 465 238 95 191 210 67 454 231 445 306 207 282 434 297 251 500 408 462 123 157 59 279 366 467 223 415 365 349 341 133 195 61 77 448 409 444 465 118 174 166 130 88 154 0 454 201 
63 91 355 269 205 72 342 313 288 120 178 461 500 299 81 348 346 371 250 357 398 404 472 341 124 89 222 240 169 467 101 389 57 406 157 213 185 449 476 423 276 153 140 275 158 171 330 454 0 71 
493 286 66 146 189 488 194 263 283 366 210 158 332 261 497 95 373 360 258 264 308 233 187 290 92 484 65 200 154 101 360 353 337 376 450 476 363 143 445 352 215 361 460 253 121 456 298 201 71 0 

1011.12 0 43
1011.12 1 30
1011.12 2 26
1011.12 3 22
1011.12 4 34
1011.12 5 6
1011.12 6 8
1011.12 7 5
1011.12 8 35
1011.12 9 36
1011.12 10 1
1011.12 11 27
1011.12 12 7
1011.12 13 0
1011.12 14 48
1011.12 15 23
1011.12 16 24
1011.12 17 41
1011.12 18 45
1011.12 19 33
1011.12 20 15
1011.12 21 38
1011.12 22 33
1011.12 23 1
1011.12 24 38
1011.12 25 35
1011.12 26 3
1011.12 27 42
1011.12 28 11
1011.12 29 8
1011.12 30 10
1011.12 31 5
1011.12 32 43
1011.12 33 36
1011.12 34 32
1011.12 35 29
1011.12 36 42
1011.12 37 40
1011.12 38 39
1011.12 39 34
1011.12 40 28
1011.12 41 45
1011.12 42 17
1011.12 43 35
1011.12 44 2
1011.12 45 17
1011.12 46 14
1011.12 47 26
1011.12 48 14
1011.12 49 10

