50 50 4 245

0.4 0 6
0.4 0 11
0.4 0 15
0.4 0 22
0.4 0 24
0.4 0 45
0.4 1 7
0.4 1 12
0.4 1 13
0.4 1 17
0.4 1 19
0.4 1 25
0.4 1 28
0.4 1 29
0.4 1 30
0.4 1 45
0.4 1 47
0.4 2 3
0.4 2 4
0.4 2 5
0.4 2 6
0.4 2 10
0.4 2 20
0.4 2 24
0.4 2 35
0.4 2 38
0.4 2 39
0.4 2 45
0.4 3 4
0.4 3 5
0.4 3 6
0.4 3 11
0.4 3 14
0.4 3 21
0.4 3 27
0.4 3 30
0.4 3 37
0.4 3 39
0.4 3 41
0.4 3 42
0.4 3 48
0.4 4 9
0.4 4 12
0.4 4 13
0.4 4 21
0.4 4 28
0.4 4 31
0.4 4 39
0.4 4 46
0.4 4 48
0.4 5 9
0.4 5 17
0.4 5 32
0.4 5 34
0.4 5 35
0.4 5 37
0.4 5 45
0.4 5 47
0.4 5 48
0.4 6 12
0.4 6 14
0.4 6 20
0.4 6 21
0.4 6 24
0.4 6 25
0.4 6 27
0.4 6 45
0.4 6 49
0.4 7 15
0.4 7 40
0.4 7 42
0.4 7 43
0.4 7 48
0.4 8 16
0.4 8 18
0.4 8 27
0.4 8 30
0.4 8 31
0.4 8 32
0.4 8 34
0.4 8 44
0.4 8 48
0.4 8 49
0.4 9 17
0.4 9 18
0.4 9 22
0.4 9 31
0.4 9 33
0.4 9 36
0.4 9 43
0.4 9 44
0.4 10 11
0.4 10 15
0.4 10 16
0.4 10 20
0.4 10 22
0.4 10 24
0.4 10 30
0.4 10 32
0.4 10 40
0.4 10 47
0.4 10 49
0.4 11 13
0.4 11 15
0.4 11 17
0.4 11 23
0.4 11 24
0.4 11 25
0.4 11 26
0.4 11 28
0.4 11 29
0.4 11 31
0.4 11 44
0.4 12 27
0.4 12 47
0.4 12 49
0.4 13 14
0.4 13 15
0.4 13 16
0.4 13 21
0.4 13 23
0.4 13 26
0.4 13 28
0.4 13 32
0.4 13 37
0.4 13 43
0.4 13 47
0.4 13 48
0.4 14 25
0.4 14 31
0.4 14 34
0.4 14 36
0.4 14 37
0.4 14 41
0.4 14 42
0.4 14 45
0.4 14 48
0.4 15 18
0.4 15 36
0.4 15 40
0.4 15 43
0.4 15 45
0.4 15 48
0.4 16 17
0.4 16 19
0.4 16 21
0.4 16 23
0.4 16 35
0.4 16 39
0.4 16 47
0.4 17 19
0.4 17 20
0.4 17 21
0.4 17 27
0.4 17 29
0.4 17 38
0.4 17 39
0.4 17 46
0.4 18 30
0.4 18 33
0.4 18 34
0.4 18 38
0.4 18 43
0.4 18 44
0.4 19 21
0.4 19 23
0.4 19 25
0.4 19 27
0.4 20 24
0.4 20 39
0.4 20 45
0.4 21 25
0.4 21 28
0.4 21 34
0.4 21 36
0.4 21 37
0.4 21 39
0.4 22 23
0.4 22 27
0.4 22 30
0.4 22 32
0.4 22 33
0.4 22 37
0.4 22 46
0.4 23 30
0.4 23 49
0.4 24 35
0.4 24 37
0.4 24 42
0.4 25 30
0.4 25 37
0.4 25 42
0.4 25 44
0.4 25 46
0.4 26 28
0.4 26 31
0.4 26 34
0.4 26 45
0.4 27 32
0.4 27 37
0.4 27 43
0.4 27 45
0.4 28 29
0.4 28 41
0.4 28 42
0.4 28 44
0.4 29 31
0.4 29 32
0.4 29 34
0.4 29 47
0.4 29 48
0.4 29 49
0.4 30 33
0.4 31 33
0.4 31 35
0.4 31 36
0.4 31 38
0.4 32 34
0.4 32 36
0.4 32 38
0.4 32 39
0.4 32 40
0.4 32 49
0.4 33 45
0.4 34 37
0.4 34 38
0.4 34 42
0.4 34 46
0.4 35 36
0.4 35 42
0.4 36 44
0.4 36 45
0.4 36 49
0.4 38 47
0.4 38 49
0.4 39 49
0.4 40 44
0.4 40 47
0.4 42 49
0.4 43 45
0.4 43 48
0.4 43 49
0.4 44 49
0.4 45 46
0.4 45 49

0 59 166 78 480 344 197 161 199 373 201 303 67 88 396 283 435 238 331 141 103 217 144 164 202 407 109 142 301 289 390 425 253 132 324 159 288 363 181 323 310 237 294 306 322 319 472 343 383 355 
59 0 207 426 256 307 453 146 139 179 384 372 180 225 365 363 53 63 450 117 281 70 428 358 330 322 146 61 80 209 413 306 71 146 287 72 83 259 451 312 231 75 191 209 167 357 377 337 353 406 
166 207 0 498 115 165 428 137 219 143 388 129 469 216 450 166 343 360 109 228 201 166 180 436 242 126 245 58 167 77 432 211 388 214 328 167 415 388 197 115 233 322 268 399 273 202 253 485 168 74 
78 426 498 0 237 292 258 137 415 194 336 300 160 431 75 150 300 95 406 300 115 489 392 266 391 172 79 100 397 90 98 112 316 421 300 66 54 444 496 168 483 222 155 383 143 447 437 53 191 496 
480 256 115 237 0 250 298 384 255 122 348 70 324 368 172 402 454 415 127 145 425 438 117 400 489 162 52 93 172 446 196 111 132 304 63 211 448 245 422 346 107 114 86 423 112 316 448 447 334 230 
344 307 165 292 250 0 151 349 376 437 185 218 90 382 83 341 369 407 302 406 322 291 231 116 385 68 233 324 385 401 228 114 452 270 363 447 305 348 193 389 394 262 259 303 219 399 493 130 137 93 
197 453 428 258 298 151 0 497 443 452 437 225 303 418 92 316 422 117 73 208 278 222 284 388 443 168 192 196 161 193 495 291 106 70 201 449 282 110 363 68 392 500 64 405 434 114 281 296 100 312 
161 146 137 137 384 349 497 0 388 237 460 435 482 148 58 332 243 453 263 393 69 171 407 122 485 70 80 288 429 324 97 312 150 329 433 60 439 330 311 450 179 439 436 100 488 237 318 136 340 180 
199 139 219 415 255 376 443 388 0 436 281 424 278 184 258 415 167 78 460 171 388 321 197 201 499 348 66 109 428 493 372 161 319 401 330 415 131 482 441 66 406 53 484 256 407 179 307 172 79 86 
373 179 143 194 122 437 452 237 436 0 74 100 445 289 409 404 186 472 306 311 455 240 275 482 56 360 70 405 435 305 318 162 425 212 226 391 487 364 181 447 55 311 266 462 189 313 173 321 439 387 
201 384 388 336 348 185 437 460 281 74 0 133 390 228 88 249 451 409 438 381 474 156 330 256 176 411 192 227 124 252 296 336 436 467 349 71 460 472 345 114 369 462 123 292 158 495 127 228 483 366 
303 372 129 300 70 218 225 435 424 100 133 0 368 190 299 63 76 91 171 322 499 375 218 331 265 92 291 251 422 420 176 407 432 319 262 491 167 497 328 222 231 156 160 76 247 248 134 181 247 267 
67 180 469 160 324 90 303 482 278 445 390 368 0 309 419 88 224 266 457 418 95 472 147 373 406 245 188 435 494 239 277 495 419 417 442 120 378 368 117 377 279 465 119 376 102 495 226 366 484 124 
88 225 216 431 368 382 418 148 184 289 228 190 309 0 70 489 456 397 388 419 90 63 74 324 243 109 419 243 479 326 215 112 255 433 305 254 428 390 401 455 333 361 476 477 442 444 464 470 240 417 
396 365 450 75 172 83 92 58 258 409 88 299 419 70 0 241 445 489 116 478 434 196 362 269 359 76 345 271 149 98 121 328 466 59 370 71 97 91 154 203 441 395 371 241 205 115 289 394 224 86 
283 363 166 150 402 341 316 332 415 404 249 63 88 489 241 0 244 200 470 477 101 396 388 363 234 450 254 334 244 440 102 115 484 249 474 330 436 319 177 366 328 285 57 115 109 416 187 130 128 165 
435 53 343 300 454 369 422 243 167 186 451 76 224 456 445 244 0 400 455 324 393 335 246 437 150 116 86 240 413 60 470 372 126 402 233 392 65 328 222 306 167 410 405 446 177 83 480 196 283 342 
238 63 360 95 415 407 117 453 78 472 409 91 266 397 489 200 400 0 161 312 339 425 483 416 340 409 387 165 98 404 60 298 470 81 81 468 54 181 164 408 291 400 316 239 253 466 470 239 186 497 
331 450 109 406 127 302 73 263 460 306 438 171 457 388 116 470 455 161 0 486 260 415 209 138 441 421 205 252 221 390 320 126 316 222 260 431 419 229 206 483 105 68 178 340 246 121 454 97 225 246 
141 117 228 300 145 406 208 393 171 311 381 322 418 419 478 477 324 312 486 0 285 223 437 266 432 228 145 84 453 180 373 191 474 455 188 351 95 350 430 326 317 496 247 218 168 290 160 309 480 354 
103 281 201 115 425 322 278 69 388 455 474 499 95 90 434 101 393 339 260 285 0 379 345 340 420 358 169 369 289 452 401 377 347 80 447 382 244 326 391 274 397 432 107 238 215 345 145 482 434 471 
217 70 166 489 438 291 222 171 321 240 156 375 472 63 196 396 335 425 415 223 379 0 290 235 471 279 155 288 336 111 450 477 499 455 395 250 438 110 481 465 204 420 242 256 74 164 293 263 325 166 
144 428 180 392 117 231 284 407 197 275 330 218 147 74 362 388 246 483 209 437 345 290 0 290 407 413 211 177 205 132 81 347 76 416 460 277 384 321 490 260 400 147 321 171 492 108 434 202 69 396 
164 358 436 266 400 116 388 122 201 482 256 331 373 324 269 363 437 416 138 266 340 235 290 0 489 459 77 74 79 447 218 408 254 185 414 324 411 304 144 99 289 195 415 134 307 393 92 299 110 383 
202 330 242 391 489 385 443 485 499 56 176 265 406 243 359 234 150 340 441 432 420 471 407 489 0 326 282 384 412 153 288 401 399 322 113 240 72 323 499 335 321 261 478 207 118 102 319 442 244 482 
407 322 126 172 162 68 168 70 348 360 411 92 245 109 76 450 116 409 421 228 358 279 413 459 326 0 390 296 199 494 234 134 367 468 220 69 439 258 411 144 98 232 459 127 476 328 386 182 287 391 
109 146 245 79 52 233 192 80 66 70 192 291 188 419 345 254 86 387 205 145 169 155 211 77 282 390 0 386 207 233 321 142 346 462 443 339 175 70 314 71 298 430 240 459 450 347 302 193 124 485 
142 61 58 100 93 324 196 288 109 405 227 251 435 243 271 334 240 165 252 84 369 288 177 74 384 296 386 0 192 271 282 428 327 261 491 461 265 118 160 443 283 446 470 57 368 180 339 462 480 331 
301 80 167 397 172 385 161 429 428 435 124 422 494 479 149 244 413 98 221 453 289 336 205 79 412 199 207 192 0 193 417 122 440 78 85 378 272 109 483 156 136 170 292 480 422 449 292 95 230 109 
289 209 77 90 446 401 193 324 493 305 252 420 239 326 98 440 60 404 390 180 452 111 132 447 153 494 233 271 193 0 299 58 111 221 65 348 262 254 435 149 82 343 68 97 384 254 263 50 482 215 
390 413 432 98 196 228 495 97 372 318 296 176 277 215 121 102 470 60 320 373 401 450 81 218 288 234 321 282 417 299 0 226 52 159 63 264 231 67 326 377 195 85 273 431 193 66 58 478 100 376 
425 306 211 112 111 114 291 312 161 162 336 407 495 112 328 115 372 298 126 191 377 477 347 408 401 134 142 428 122 58 226 0 192 367 359 243 266 422 163 185 396 358 292 492 450 474 470 388 113 415 
253 71 388 316 132 452 106 150 319 425 436 432 419 255 466 484 126 470 316 474 347 499 76 254 399 367 346 327 440 111 52 192 0 73 303 127 296 463 385 411 264 368 209 463 50 317 139 93 90 327 
132 146 214 421 304 270 70 329 401 212 467 319 417 433 59 249 402 81 222 455 80 455 416 185 322 468 462 261 78 221 159 367 73 0 97 381 352 406 473 199 134 357 247 329 173 425 468 462 219 400 
324 287 328 300 63 363 201 433 330 226 349 262 442 305 370 474 233 81 260 188 447 395 460 414 113 220 443 491 85 65 63 359 303 97 0 466 478 365 158 59 134 286 397 374 92 176 407 147 461 166 
159 72 167 66 211 447 449 60 415 391 71 491 120 254 71 330 392 468 431 351 382 250 277 324 240 69 339 461 378 348 264 243 127 381 466 0 243 415 306 256 77 188 452 386 319 132 293 247 375 263 
288 83 415 54 448 305 282 439 131 487 460 167 378 428 97 436 65 54 419 95 244 438 384 411 72 439 175 265 272 262 231 266 296 352 478 243 0 460 372 87 479 119 456 338 98 323 216 91 306 200 
363 259 388 444 245 348 110 330 482 364 472 497 368 390 91 319 328 181 229 350 326 110 321 304 323 258 70 118 109 254 67 422 463 406 365 415 460 0 228 285 232 286 167 278 232 241 394 393 267 428 
181 451 197 496 422 193 363 311 441 181 345 328 117 401 154 177 222 164 206 430 391 481 490 144 499 411 314 160 483 435 326 163 385 473 158 306 372 228 0 413 207 333 143 436 62 76 111 333 421 393 
323 312 115 168 346 389 68 450 66 447 114 222 377 455 203 366 306 408 483 326 274 465 260 99 335 144 71 443 156 149 377 185 411 199 59 256 87 285 413 0 140 329 196 93 455 453 473 421 91 236 
310 231 233 483 107 394 392 179 406 55 369 231 279 333 441 328 167 291 105 317 397 204 400 289 321 98 298 283 136 82 195 396 264 134 134 77 479 232 207 140 0 303 139 446 127 260 274 420 413 314 
237 75 322 222 114 262 500 439 53 311 462 156 465 361 395 285 410 400 68 496 432 420 147 195 261 232 430 446 170 343 85 358 368 357 286 188 119 286 333 329 303 0 217 435 171 70 188 61 159 259 
294 191 268 155 86 259 64 436 484 266 123 160 119 476 371 57 405 316 178 247 107 242 321 415 478 459 240 470 292 68 273 292 209 247 397 452 456 167 143 196 139 217 0 326 201 200 314 308 289 453 
306 209 399 383 423 303 405 100 256 462 292 76 376 477 241 115 446 239 340 218 238 256 171 134 207 127 459 57 480 97 431 492 463 329 374 386 338 278 436 93 446 435 326 0 387 254 206 285 396 145 
322 167 273 143 112 219 434 488 407 189 158 247 102 442 205 109 177 253 246 168 215 74 492 307 118 476 450 368 422 384 193 450 50 173 92 319 98 232 62 455 127 171 201 387 0 464 151 237 349 175 
319 357 202 447 316 399 114 237 179 313 495 248 495 444 115 416 83 466 121 290 345 164 108 393 102 328 347 180 449 254 66 474 317 425 176 132 323 241 76 453 260 70 200 254 464 0 309 408 219 489 
472 377 253 437 448 493 281 318 307 173 127 134 226 464 289 187 480 470 454 160 145 293 434 92 319 386 302 339 292 263 58 470 139 468 407 293 216 394 111 473 274 188 314 206 151 309 0 365 230 260 
343 337 485 53 447 130 296 136 172 321 228 181 366 470 394 130 196 239 97 309 482 263 202 299 442 182 193 462 95 50 478 388 93 462 147 247 91 393 333 421 420 61 308 285 237 408 365 0 339 223 
383 353 168 191 334 137 100 340 79 439 483 247 484 240 224 128 283 186 225 480 434 325 69 110 244 287 124 480 230 482 100 113 90 219 461 375 306 267 421 91 413 159 289 396 349 219 230 339 0 242 
355 406 74 496 230 93 312 180 86 387 366 267 124 417 86 165 342 497 246 354 471 166 396 383 482 391 485 331 109 215 376 415 327 400 166 263 200 428 393 236 314 259 453 145 175 489 260 223 242 0 

1528.5 0 32
1528.5 1 30
1528.5 2 20
1528.5 3 45
1528.5 4 20
1528.5 5 32
1528.5 6 17
1528.5 7 36
1528.5 8 35
1528.5 9 48
1528.5 10 9
1528.5 11 13
1528.5 12 4
1528.5 13 34
1528.5 14 10
1528.5 15 22
1528.5 16 23
1528.5 17 31
1528.5 18 11
1528.5 19 6
1528.5 20 22
1528.5 21 29
1528.5 22 9
1528.5 23 6
1528.5 24 30
1528.5 25 48
1528.5 26 24
1528.5 27 6
1528.5 28 45
1528.5 29 34
1528.5 30 31
1528.5 31 33
1528.5 32 15
1528.5 33 2
1528.5 34 29
1528.5 35 41
1528.5 36 34
1528.5 37 2
1528.5 38 33
1528.5 39 26
1528.5 40 7
1528.5 41 42
1528.5 42 44
1528.5 43 16
1528.5 44 32
1528.5 45 6
1528.5 46 38
1528.5 47 6
1528.5 48 42
1528.5 49 5
