20 20 4 19

0.25 0 16
0.25 1 18
0.25 2 13
0.25 2 18
0.25 3 16
0.25 4 9
0.25 5 6
0.25 5 10
0.25 5 13
0.25 7 9
0.25 7 14
0.25 8 12
0.25 8 18
0.25 9 19
0.25 12 18
0.25 13 14
0.25 13 15
0.25 13 18
0.25 17 18

0 176 401 228 144 286 328 331 383 296 245 103 482 345 161 357 415 311 133 87 
176 0 488 269 434 392 122 118 155 86 87 482 248 199 304 210 445 143 432 150 
401 488 0 110 174 325 404 385 493 415 351 182 314 444 160 273 189 283 146 439 
228 269 110 0 436 164 205 324 58 177 355 311 152 50 160 108 425 125 345 360 
144 434 174 436 0 226 149 50 56 228 242 364 375 297 256 261 312 354 318 192 
286 392 325 164 226 0 86 444 236 408 206 287 248 223 181 178 55 411 51 166 
328 122 404 205 149 86 0 258 443 68 148 59 266 482 348 258 180 334 198 338 
331 118 385 324 50 444 258 0 482 260 73 128 394 279 454 262 199 322 158 352 
383 155 493 58 56 236 443 482 0 71 275 500 458 277 201 426 354 92 351 465 
296 86 415 177 228 408 68 260 71 0 483 246 495 463 451 432 341 472 208 472 
245 87 351 355 242 206 148 73 275 483 0 70 345 167 85 243 350 272 484 89 
103 482 182 311 364 287 59 128 500 246 70 0 496 294 399 411 304 454 306 471 
482 248 314 152 375 248 266 394 458 495 345 496 0 82 216 415 376 142 141 62 
345 199 444 50 297 223 482 279 277 463 167 294 82 0 429 413 248 184 494 379 
161 304 160 160 256 181 348 454 201 451 85 399 216 429 0 78 226 238 323 158 
357 210 273 108 261 178 258 262 426 432 243 411 415 413 78 0 304 56 234 366 
415 445 189 425 312 55 180 199 354 341 350 304 376 248 226 304 0 335 483 224 
311 143 283 125 354 411 334 322 92 472 272 454 142 184 238 56 335 0 399 427 
133 432 146 345 318 51 198 158 351 208 484 306 141 494 323 234 483 399 0 367 
87 150 439 360 192 166 338 352 465 472 89 471 62 379 158 366 224 427 367 0 

330 0 7
330 1 12
330 2 13
330 3 5
330 4 1
330 5 0
330 6 14
330 7 13
330 8 17
330 9 8
330 10 18
330 11 1
330 12 4
330 13 11
330 14 16
330 15 1
330 16 6
330 17 4
330 18 6
330 19 8
