40 40 4 78

0.25 0 14
0.25 0 26
0.25 0 31
0.25 1 18
0.25 1 27
0.25 1 30
0.25 1 36
0.25 2 7
0.25 2 26
0.25 2 35
0.25 3 7
0.25 3 22
0.25 3 34
0.25 4 19
0.25 4 22
0.25 4 39
0.25 5 17
0.25 5 33
0.25 6 11
0.25 6 23
0.25 6 25
0.25 6 27
0.25 6 39
0.25 7 34
0.25 8 10
0.25 8 11
0.25 8 13
0.25 8 39
0.25 9 20
0.25 9 22
0.25 9 26
0.25 10 14
0.25 10 16
0.25 10 19
0.25 10 29
0.25 10 39
0.25 11 23
0.25 11 39
0.25 12 27
0.25 13 18
0.25 13 36
0.25 14 15
0.25 14 27
0.25 14 29
0.25 15 19
0.25 15 20
0.25 15 21
0.25 15 26
0.25 15 30
0.25 15 33
0.25 17 28
0.25 17 32
0.25 18 25
0.25 18 27
0.25 19 22
0.25 19 29
0.25 20 22
0.25 20 28
0.25 20 31
0.25 21 26
0.25 21 36
0.25 22 37
0.25 23 33
0.25 23 36
0.25 25 36
0.25 26 34
0.25 26 36
0.25 27 31
0.25 27 32
0.25 27 37
0.25 27 38
0.25 28 34
0.25 29 34
0.25 31 39
0.25 32 33
0.25 34 35
0.25 35 36
0.25 35 38

0 188 71 153 202 390 379 215 391 200 432 419 438 420 407 195 267 445 78 168 95 183 180 183 282 111 109 58 360 498 470 111 68 424 478 266 414 404 191 336 
188 0 200 83 243 361 319 247 375 296 281 291 255 262 89 196 113 362 138 279 465 81 207 138 236 95 73 487 195 227 220 484 339 335 63 499 156 259 371 335 
71 200 0 171 479 315 432 59 173 379 146 119 268 302 392 380 252 423 213 273 158 433 459 164 301 433 317 65 63 252 283 278 321 50 227 243 371 302 328 337 
153 83 171 0 379 146 83 234 285 386 119 196 72 304 208 184 307 335 439 134 297 127 305 286 224 485 382 106 352 113 196 344 363 354 199 339 322 383 285 212 
202 243 479 379 0 480 326 209 152 382 314 388 140 361 388 322 211 183 489 207 302 240 106 287 342 203 358 80 203 372 179 386 224 61 162 375 106 264 270 50 
390 361 315 146 480 0 323 255 323 475 178 200 149 487 364 141 411 270 237 134 420 425 115 194 95 87 263 125 500 472 102 407 227 222 178 60 240 203 79 148 
379 319 432 83 326 323 0 71 388 453 148 319 498 386 146 192 401 477 408 267 421 403 343 70 82 170 443 130 368 415 274 396 465 149 367 321 223 399 429 87 
215 247 59 234 209 255 71 0 186 196 235 172 299 432 349 126 74 466 237 187 388 356 89 73 347 435 159 347 260 281 150 159 89 452 377 202 469 451 202 346 
391 375 173 285 152 323 388 186 0 120 375 302 51 161 131 208 263 429 99 199 381 111 403 128 436 481 195 457 287 228 223 56 234 218 318 244 480 430 384 418 
200 296 379 386 382 475 453 196 120 0 365 348 324 176 375 386 249 362 252 451 199 424 68 407 170 421 184 194 199 489 54 326 290 57 482 162 299 388 329 411 
432 281 146 119 314 178 148 235 375 365 0 266 437 50 195 462 362 183 337 257 397 416 429 230 217 365 312 317 96 247 328 370 409 433 327 195 402 400 170 133 
419 291 119 196 388 200 319 172 302 348 266 0 489 64 438 139 137 274 104 238 421 156 190 86 221 322 440 156 133 465 212 91 482 409 478 206 65 496 216 365 
438 255 268 72 140 149 498 299 51 324 437 489 0 270 372 497 394 115 418 453 73 389 207 419 163 223 304 303 362 394 252 244 484 244 135 290 237 193 105 407 
420 262 302 304 361 487 386 432 161 176 50 64 270 0 444 344 299 477 380 286 175 280 55 493 361 397 453 218 240 293 292 121 237 210 287 125 70 226 376 358 
407 89 392 208 388 364 146 349 131 375 195 438 372 444 0 346 216 120 255 326 193 403 381 152 448 168 420 290 156 304 312 89 70 154 463 433 283 355 346 216 
195 196 380 184 322 141 192 126 208 386 462 139 497 344 346 0 337 332 279 166 157 397 338 261 187 158 432 114 468 256 251 55 246 460 177 330 243 194 113 409 
267 113 252 307 211 411 401 74 263 249 362 137 394 299 216 337 0 296 58 431 88 199 165 289 440 273 317 157 493 239 303 323 59 279 431 232 115 468 167 324 
445 362 423 335 183 270 477 466 429 362 183 274 115 477 120 332 296 0 89 71 484 323 236 261 355 335 241 300 325 411 274 342 119 336 70 413 306 125 81 255 
78 138 213 439 489 237 408 237 99 252 337 104 418 380 255 279 58 89 0 353 131 284 399 486 123 85 154 273 464 430 441 280 476 438 90 268 119 277 241 358 
168 279 273 134 207 134 267 187 199 451 257 238 453 286 326 166 431 71 353 0 225 80 295 424 476 387 421 76 313 231 213 263 479 108 400 56 360 500 497 240 
95 465 158 297 302 420 421 388 381 199 397 421 73 175 193 157 88 484 131 225 0 228 151 402 273 403 115 231 432 235 204 261 330 414 481 339 50 180 275 489 
183 81 433 127 240 425 403 356 111 424 416 156 389 280 403 397 199 323 284 80 228 0 55 399 323 484 469 89 264 150 378 190 372 470 231 316 292 57 145 98 
180 207 459 305 106 115 343 89 403 68 429 190 207 55 381 338 165 236 399 295 151 55 0 430 334 280 193 267 85 250 398 140 325 253 325 377 64 85 296 76 
183 138 164 286 287 194 70 73 128 407 230 86 419 493 152 261 289 261 486 424 402 399 430 0 240 342 156 91 459 166 60 158 195 191 219 295 377 480 260 169 
282 236 301 224 342 95 82 347 436 170 217 221 163 361 448 187 440 355 123 476 273 323 334 240 0 338 53 216 201 120 128 200 278 219 98 489 325 422 88 187 
111 95 433 485 203 87 170 435 481 421 365 322 223 397 168 158 273 335 85 387 403 484 280 342 338 0 286 88 331 492 270 425 250 239 163 467 104 379 449 233 
109 73 317 382 358 263 443 159 195 184 312 440 304 453 420 432 317 241 154 421 115 469 193 156 53 286 0 59 432 331 130 135 280 161 250 204 74 243 210 128 
58 487 65 106 80 125 130 347 457 194 317 156 303 218 290 114 157 300 273 76 231 89 267 91 216 88 59 0 243 271 326 487 264 339 223 377 86 405 77 60 
360 195 63 352 203 500 368 260 287 199 96 133 362 240 156 468 493 325 464 313 432 264 85 459 201 331 432 243 0 79 308 458 414 80 140 83 143 93 241 367 
498 227 252 113 372 472 415 281 228 489 247 465 394 293 304 256 239 411 430 231 235 150 250 166 120 492 331 271 79 0 351 149 135 174 410 334 414 486 130 78 
470 220 283 196 179 102 274 150 223 54 328 212 252 292 312 251 303 274 441 213 204 378 398 60 128 270 130 326 308 351 0 93 307 270 181 441 137 237 425 68 
111 484 278 344 386 407 396 159 56 326 370 91 244 121 89 55 323 342 280 263 261 190 140 158 200 425 135 487 458 149 93 0 432 454 117 55 264 203 382 202 
68 339 321 363 224 227 465 89 234 290 409 482 484 237 70 246 59 119 476 479 330 372 325 195 278 250 280 264 414 135 307 432 0 459 180 89 277 451 207 363 
424 335 50 354 61 222 149 452 218 57 433 409 244 210 154 460 279 336 438 108 414 470 253 191 219 239 161 339 80 174 270 454 459 0 358 390 214 489 459 111 
478 63 227 199 162 178 367 377 318 482 327 478 135 287 463 177 431 70 90 400 481 231 325 219 98 163 250 223 140 410 181 117 180 358 0 100 85 86 374 120 
266 499 243 339 375 60 321 202 244 162 195 206 290 125 433 330 232 413 268 56 339 316 377 295 489 467 204 377 83 334 441 55 89 390 100 0 333 214 183 363 
414 156 371 322 106 240 223 469 480 299 402 65 237 70 283 243 115 306 119 360 50 292 64 377 325 104 74 86 143 414 137 264 277 214 85 333 0 398 244 209 
404 259 302 383 264 203 399 451 430 388 400 496 193 226 355 194 468 125 277 500 180 57 85 480 422 379 243 405 93 486 237 203 451 489 86 214 398 0 58 364 
191 371 328 285 270 79 429 202 384 329 170 216 105 376 346 113 167 81 241 497 275 145 296 260 88 449 210 77 241 130 425 382 207 459 374 183 244 58 0 415 
336 335 337 212 50 148 87 346 418 411 133 365 407 358 216 409 324 255 358 240 489 98 76 169 187 233 128 60 367 78 68 202 363 111 120 363 209 364 415 0 

593.75 0 8
593.75 1 24
593.75 2 12
593.75 3 21
593.75 4 34
593.75 5 34
593.75 6 36
593.75 7 35
593.75 8 6
593.75 9 32
593.75 10 18
593.75 11 15
593.75 12 4
593.75 13 35
593.75 14 32
593.75 15 2
593.75 16 6
593.75 17 31
593.75 18 33
593.75 19 28
593.75 20 27
593.75 21 28
593.75 22 15
593.75 23 26
593.75 24 2
593.75 25 10
593.75 26 8
593.75 27 30
593.75 28 25
593.75 29 33
593.75 30 17
593.75 31 33
593.75 32 8
593.75 33 29
593.75 34 5
593.75 35 3
593.75 36 14
593.75 37 2
593.75 38 39
593.75 39 20
