40 40 4 156

0.4 0 1
0.4 0 4
0.4 0 11
0.4 0 13
0.4 0 23
0.4 0 28
0.4 0 31
0.4 0 33
0.4 0 34
0.4 0 36
0.4 1 4
0.4 1 8
0.4 1 18
0.4 1 27
0.4 1 32
0.4 1 39
0.4 2 3
0.4 2 11
0.4 2 15
0.4 2 24
0.4 2 31
0.4 2 34
0.4 2 38
0.4 2 39
0.4 3 14
0.4 3 22
0.4 3 26
0.4 4 5
0.4 4 11
0.4 4 18
0.4 4 24
0.4 5 19
0.4 5 20
0.4 5 27
0.4 5 29
0.4 5 31
0.4 5 32
0.4 5 33
0.4 5 37
0.4 6 13
0.4 6 15
0.4 6 22
0.4 6 25
0.4 6 30
0.4 6 35
0.4 6 37
0.4 6 38
0.4 7 9
0.4 7 12
0.4 7 13
0.4 7 16
0.4 7 21
0.4 7 26
0.4 7 27
0.4 7 35
0.4 7 39
0.4 8 10
0.4 8 16
0.4 8 17
0.4 8 18
0.4 8 25
0.4 8 27
0.4 8 35
0.4 9 12
0.4 9 15
0.4 9 16
0.4 9 17
0.4 9 29
0.4 9 34
0.4 9 36
0.4 9 37
0.4 10 13
0.4 10 14
0.4 10 20
0.4 10 23
0.4 10 34
0.4 11 14
0.4 11 20
0.4 11 26
0.4 11 28
0.4 11 30
0.4 11 39
0.4 12 13
0.4 12 15
0.4 12 17
0.4 12 20
0.4 12 27
0.4 12 30
0.4 12 35
0.4 13 20
0.4 13 38
0.4 13 39
0.4 14 16
0.4 14 18
0.4 14 20
0.4 14 36
0.4 14 38
0.4 15 18
0.4 15 20
0.4 15 24
0.4 15 27
0.4 15 35
0.4 16 22
0.4 16 26
0.4 16 35
0.4 16 36
0.4 17 19
0.4 17 29
0.4 17 35
0.4 17 36
0.4 18 28
0.4 18 30
0.4 18 32
0.4 19 22
0.4 19 23
0.4 19 33
0.4 19 34
0.4 20 22
0.4 20 23
0.4 20 26
0.4 20 30
0.4 20 37
0.4 21 27
0.4 21 29
0.4 21 32
0.4 21 37
0.4 21 39
0.4 22 32
0.4 22 33
0.4 22 38
0.4 23 28
0.4 23 29
0.4 23 30
0.4 23 33
0.4 24 33
0.4 24 35
0.4 24 36
0.4 24 39
0.4 25 33
0.4 25 35
0.4 25 38
0.4 27 37
0.4 27 38
0.4 28 39
0.4 29 30
0.4 29 31
0.4 29 37
0.4 30 31
0.4 30 32
0.4 30 39
0.4 31 32
0.4 31 38
0.4 31 39
0.4 32 35
0.4 33 37
0.4 35 36

0 445 79 472 211 328 462 469 250 119 430 493 176 321 330 168 100 414 326 331 355 466 394 474 395 178 497 154 317 250 123 303 494 188 361 177 498 368 235 382 
445 0 230 271 400 499 89 470 126 82 364 59 225 325 461 471 483 413 83 441 185 319 255 201 276 251 303 160 171 389 135 185 331 229 301 288 240 149 92 69 
79 230 0 329 234 129 311 394 355 239 58 437 476 466 56 60 96 208 82 122 317 462 279 380 128 463 366 465 481 53 149 155 102 433 475 320 128 372 336 91 
472 271 329 0 328 246 344 404 401 59 447 305 365 284 167 427 268 96 452 435 459 173 338 272 182 321 188 359 181 66 463 402 151 79 337 240 190 456 309 447 
211 400 234 328 0 216 249 127 362 116 208 259 235 78 117 498 245 166 124 52 315 409 204 338 365 351 497 267 275 60 346 354 185 232 254 364 263 469 136 379 
328 499 129 246 216 0 307 133 291 66 257 62 92 348 451 335 420 493 227 176 323 494 346 99 325 125 336 461 348 241 372 451 52 270 158 366 104 207 406 255 
462 89 311 344 249 307 0 313 372 57 253 159 137 216 293 148 335 401 371 449 261 120 78 125 468 293 72 369 352 405 473 480 131 246 112 160 272 105 408 189 
469 470 394 404 127 133 313 0 339 196 383 159 449 381 292 281 195 154 164 64 349 287 485 180 248 245 454 340 341 492 86 326 217 427 126 436 380 166 219 330 
250 126 355 401 362 291 372 339 0 469 433 131 445 96 426 363 213 112 54 392 449 477 362 158 55 107 298 356 321 88 483 487 245 276 96 73 382 147 78 319 
119 82 239 59 116 66 57 196 469 0 146 400 313 225 365 203 333 103 154 303 182 141 246 225 375 127 343 365 69 463 464 219 300 166 214 476 163 124 481 278 
430 364 58 447 208 257 253 383 433 146 0 237 379 317 477 203 121 307 180 294 297 98 451 141 334 377 304 175 209 332 124 497 420 439 122 376 336 337 359 358 
493 59 437 305 259 62 159 159 131 400 237 0 308 352 468 244 284 62 56 207 170 87 387 143 484 423 130 378 367 359 202 110 305 152 452 167 150 120 359 114 
176 225 476 365 235 92 137 449 445 313 379 308 0 191 208 249 66 59 303 140 220 277 414 63 420 402 342 75 375 482 52 371 377 290 159 328 441 393 214 240 
321 325 466 284 78 348 216 381 96 225 317 352 191 0 426 135 295 148 328 326 238 365 330 295 140 100 499 179 280 491 433 499 418 199 441 392 234 133 487 161 
330 461 56 167 117 451 293 292 426 365 477 468 208 426 0 60 442 279 420 241 242 253 295 440 315 377 187 428 248 226 183 249 261 238 388 250 313 416 245 116 
168 471 60 427 498 335 148 281 363 203 203 244 249 135 60 0 198 109 215 172 361 298 407 298 99 163 175 329 459 112 249 53 136 368 352 62 221 367 113 302 
100 483 96 268 245 420 335 195 213 333 121 284 66 295 442 198 0 337 242 484 240 187 400 487 248 426 131 259 305 478 365 247 372 437 309 328 266 434 382 104 
414 413 208 96 166 493 401 154 112 103 307 62 59 148 279 109 337 0 222 71 124 220 288 57 490 211 316 476 378 424 453 321 81 487 133 399 318 331 77 108 
326 83 82 452 124 227 371 164 54 154 180 56 303 328 420 215 242 222 0 105 65 147 139 250 190 146 284 84 142 71 226 212 299 369 235 212 296 234 89 125 
331 441 122 435 52 176 449 64 392 303 294 207 140 326 241 172 484 71 105 0 462 135 247 437 98 345 182 153 341 282 496 180 51 490 230 74 346 178 463 212 
355 185 317 459 315 323 261 349 449 182 297 170 220 238 242 361 240 124 65 462 0 353 336 394 259 301 193 151 343 57 230 316 347 177 199 326 268 387 97 377 
466 319 462 173 409 494 120 287 477 141 98 87 277 365 253 298 187 220 147 135 353 0 177 163 192 411 397 165 118 370 215 392 190 421 200 299 144 193 295 78 
394 255 279 338 204 346 78 485 362 246 451 387 414 330 295 407 400 288 139 247 336 177 0 473 244 150 314 419 375 329 52 345 346 360 247 369 209 396 356 246 
474 201 380 272 338 99 125 180 158 225 141 143 63 295 440 298 487 57 250 437 394 163 473 0 263 255 354 385 446 351 99 318 371 465 220 130 161 126 444 176 
395 276 128 182 365 325 468 248 55 375 334 484 420 140 315 99 248 490 190 98 259 192 244 263 0 157 494 53 426 438 494 442 131 311 137 450 489 477 493 215 
178 251 463 321 351 125 293 245 107 127 377 423 402 100 377 163 426 211 146 345 301 411 150 255 157 0 365 111 490 203 109 338 390 71 345 348 105 374 324 116 
497 303 366 188 497 336 72 454 298 343 304 130 342 499 187 175 131 316 284 182 193 397 314 354 494 365 0 281 121 52 488 378 455 231 305 156 460 313 402 262 
154 160 465 359 267 461 369 340 356 365 175 378 75 179 428 329 259 476 84 153 151 165 419 385 53 111 281 0 66 119 197 185 266 148 445 187 60 500 111 368 
317 171 481 181 275 348 352 341 321 69 209 367 375 280 248 459 305 378 142 341 343 118 375 446 426 490 121 66 0 400 112 241 131 378 273 188 484 187 246 279 
250 389 53 66 60 241 405 492 88 463 332 359 482 491 226 112 478 424 71 282 57 370 329 351 438 203 52 119 400 0 313 196 150 358 76 190 334 397 328 254 
123 135 149 463 346 372 473 86 483 464 124 202 52 433 183 249 365 453 226 496 230 215 52 99 494 109 488 197 112 313 0 448 421 429 481 349 479 492 93 429 
303 185 155 402 354 451 480 326 487 219 497 110 371 499 249 53 247 321 212 180 316 392 345 318 442 338 378 185 241 196 448 0 331 272 341 72 237 261 187 367 
494 331 102 151 185 52 131 217 245 300 420 305 377 418 261 136 372 81 299 51 347 190 346 371 131 390 455 266 131 150 421 331 0 86 328 428 73 252 371 273 
188 229 433 79 232 270 246 427 276 166 439 152 290 199 238 368 437 487 369 490 177 421 360 465 311 71 231 148 378 358 429 272 86 0 456 168 314 119 380 226 
361 301 475 337 254 158 112 126 96 214 122 452 159 441 388 352 309 133 235 230 199 200 247 220 137 345 305 445 273 76 481 341 328 456 0 262 377 423 447 69 
177 288 320 240 364 366 160 436 73 476 376 167 328 392 250 62 328 399 212 74 326 299 369 130 450 348 156 187 188 190 349 72 428 168 262 0 286 427 457 358 
498 240 128 190 263 104 272 380 382 163 336 150 441 234 313 221 266 318 296 346 268 144 209 161 489 105 460 60 484 334 479 237 73 314 377 286 0 483 492 431 
368 149 372 456 469 207 105 166 147 124 337 120 393 133 416 367 434 331 234 178 387 193 396 126 477 374 313 500 187 397 492 261 252 119 423 427 483 0 110 209 
235 92 336 309 136 406 408 219 78 481 359 359 214 487 245 113 382 77 89 463 97 295 356 444 493 324 402 111 246 328 93 187 371 380 447 457 492 110 0 188 
382 69 91 447 379 255 189 330 319 278 358 114 240 161 116 302 104 108 125 212 377 78 246 176 215 116 262 368 279 254 429 367 273 226 69 358 431 209 188 0 

1215 0 37
1215 1 27
1215 2 34
1215 3 7
1215 4 23
1215 5 2
1215 6 36
1215 7 17
1215 8 1
1215 9 36
1215 10 33
1215 11 16
1215 12 1
1215 13 22
1215 14 21
1215 15 19
1215 16 17
1215 17 11
1215 18 28
1215 19 11
1215 20 15
1215 21 2
1215 22 13
1215 23 33
1215 24 27
1215 25 14
1215 26 38
1215 27 35
1215 28 29
1215 29 3
1215 30 11
1215 31 16
1215 32 19
1215 33 6
1215 34 23
1215 35 3
1215 36 37
1215 37 9
1215 38 10
1215 39 26
