40 40 3 78

0.4 0 3
0.4 0 4
0.4 0 17
0.4 0 23
0.4 0 31
0.4 1 8
0.4 1 21
0.4 2 6
0.4 2 13
0.4 2 18
0.4 2 24
0.4 2 28
0.4 2 35
0.4 3 11
0.4 3 19
0.4 3 35
0.4 4 18
0.4 4 26
0.4 4 27
0.4 5 20
0.4 5 34
0.4 5 39
0.4 6 19
0.4 6 20
0.4 6 26
0.4 6 35
0.4 7 13
0.4 7 18
0.4 7 38
0.4 8 14
0.4 8 15
0.4 8 27
0.4 8 34
0.4 9 22
0.4 9 28
0.4 9 33
0.4 9 39
0.4 11 12
0.4 11 22
0.4 12 21
0.4 12 28
0.4 13 15
0.4 14 18
0.4 14 20
0.4 14 29
0.4 14 39
0.4 15 16
0.4 15 17
0.4 15 37
0.4 16 21
0.4 16 24
0.4 16 25
0.4 16 30
0.4 18 24
0.4 18 28
0.4 18 33
0.4 19 22
0.4 19 23
0.4 19 25
0.4 19 36
0.4 20 25
0.4 20 28
0.4 20 35
0.4 21 22
0.4 21 26
0.4 21 29
0.4 21 37
0.4 23 31
0.4 23 34
0.4 23 35
0.4 23 36
0.4 25 27
0.4 27 30
0.4 28 29
0.4 29 30
0.4 30 31
0.4 30 33
0.4 33 39

0 142 223 399 362 488 394 90 408 112 250 470 72 417 275 407 81 162 442 176 304 445 390 151 310 190 88 151 264 404 121 289 180 197 81 144 400 465 263 153 
142 0 172 121 485 492 348 363 269 223 182 311 77 233 245 122 423 287 113 86 426 418 325 400 66 376 450 469 460 81 383 407 481 126 164 83 458 408 427 397 
223 172 0 230 419 120 134 132 54 216 230 424 458 67 456 500 295 355 63 92 353 138 420 75 184 269 170 115 431 271 187 313 88 348 273 474 169 244 85 169 
399 121 230 0 497 472 168 216 500 481 334 166 238 243 321 417 276 79 264 58 461 260 92 428 133 230 205 230 214 167 152 426 105 149 332 126 161 292 101 69 
362 485 419 497 0 71 147 415 198 219 57 218 264 302 210 245 378 482 256 276 265 443 156 70 174 306 294 372 317 247 154 265 246 288 243 392 161 126 274 61 
488 492 120 472 71 0 78 272 383 204 327 192 176 321 240 439 115 293 337 429 328 93 78 332 187 145 158 153 399 201 60 417 212 301 113 139 50 122 128 309 
394 348 134 168 147 78 0 441 154 229 363 377 148 139 99 434 192 219 135 175 368 139 264 164 398 499 101 179 486 87 105 436 247 372 482 414 355 56 293 334 
90 363 132 216 415 272 441 0 476 289 304 424 443 247 444 195 324 176 341 404 204 238 123 106 468 115 376 248 497 270 61 77 273 341 359 55 228 58 196 487 
408 269 54 500 198 383 154 476 0 382 190 96 171 497 197 241 165 484 63 479 416 469 313 357 288 161 133 64 477 306 97 185 347 444 166 447 121 124 98 277 
112 223 216 481 219 204 229 289 382 0 445 259 481 157 495 461 135 387 451 183 62 223 302 260 297 389 281 423 138 72 326 239 192 410 338 382 218 339 271 378 
250 182 230 334 57 327 363 304 190 445 0 285 193 377 207 284 471 411 133 307 203 77 67 137 494 405 181 356 175 267 318 353 332 346 164 487 172 348 417 437 
470 311 424 166 218 192 377 424 96 259 285 0 60 369 79 194 159 177 269 316 289 272 437 483 422 492 435 115 224 489 326 209 55 356 151 117 265 93 165 56 
72 77 458 238 264 176 148 443 171 481 193 60 0 325 142 213 293 99 408 75 395 355 390 302 317 75 486 299 152 160 299 64 206 305 262 364 226 486 434 497 
417 233 67 243 302 321 139 247 497 157 377 369 325 0 150 391 256 57 439 249 446 136 278 244 325 302 246 196 305 148 62 358 189 279 275 157 52 423 108 62 
275 245 456 321 210 240 99 444 197 495 207 79 142 150 0 70 458 197 382 379 332 232 380 268 292 460 95 102 286 212 192 221 433 425 171 445 333 263 268 416 
407 122 500 417 245 439 434 195 241 461 284 194 213 391 70 0 149 131 194 296 403 327 190 272 129 69 375 430 217 469 153 206 118 161 483 438 133 479 261 166 
81 423 295 276 378 115 192 324 165 135 471 159 293 256 458 149 0 186 293 219 222 170 367 317 389 306 151 130 103 403 225 461 356 70 171 57 262 64 338 109 
162 287 355 79 482 293 219 176 484 387 411 177 99 57 197 131 186 0 167 134 260 307 324 80 258 453 294 88 188 205 160 152 85 64 170 173 440 117 451 56 
442 113 63 264 256 337 135 341 63 451 133 269 408 439 382 194 293 167 0 339 78 481 158 73 217 197 156 176 269 392 56 316 140 190 123 362 125 456 280 495 
176 86 92 58 276 429 175 404 479 183 307 316 75 249 379 296 219 134 339 0 332 86 296 334 371 329 159 383 239 212 136 223 79 500 194 201 220 436 169 242 
304 426 353 461 265 328 368 204 416 62 203 289 395 446 332 403 222 260 78 332 0 75 107 224 267 484 460 169 269 343 51 238 273 385 229 53 494 397 369 73 
445 418 138 260 443 93 139 238 469 223 77 272 355 136 232 327 170 307 481 86 75 0 137 170 167 439 176 484 63 367 425 73 163 73 218 157 142 328 203 129 
390 325 420 92 156 78 264 123 313 302 67 437 390 278 380 190 367 324 158 296 107 137 0 318 138 165 415 383 121 402 185 148 177 353 437 493 355 280 414 293 
151 400 75 428 70 332 164 106 357 260 137 483 302 244 268 272 317 80 73 334 224 170 318 0 489 372 168 275 358 318 368 374 353 145 381 459 478 233 97 258 
310 66 184 133 174 187 398 468 288 297 494 422 317 325 292 129 389 258 217 371 267 167 138 489 0 404 323 142 182 381 326 391 261 86 88 347 215 68 385 427 
190 376 269 230 306 145 499 115 161 389 405 492 75 302 460 69 306 453 197 329 484 439 165 372 404 0 451 342 104 473 454 180 63 201 135 311 122 124 379 270 
88 450 170 205 294 158 101 376 133 281 181 435 486 246 95 375 151 294 156 159 460 176 415 168 323 451 0 401 240 175 248 83 142 164 248 428 166 419 183 272 
151 469 115 230 372 153 179 248 64 423 356 115 299 196 102 430 130 88 176 383 169 484 383 275 142 342 401 0 164 269 55 346 313 442 240 278 138 217 67 82 
264 460 431 214 317 399 486 497 477 138 175 224 152 305 286 217 103 188 269 239 269 63 121 358 182 104 240 164 0 284 335 185 406 368 319 123 130 295 135 227 
404 81 271 167 247 201 87 270 306 72 267 489 160 148 212 469 403 205 392 212 343 367 402 318 381 473 175 269 284 0 224 368 217 202 470 268 485 472 345 120 
121 383 187 152 154 60 105 61 97 326 318 326 299 62 192 153 225 160 56 136 51 425 185 368 326 454 248 55 335 224 0 276 88 234 225 188 345 232 479 431 
289 407 313 426 265 417 436 77 185 239 353 209 64 358 221 206 461 152 316 223 238 73 148 374 391 180 83 346 185 368 276 0 85 65 106 217 236 259 348 330 
180 481 88 105 246 212 247 273 347 192 332 55 206 189 433 118 356 85 140 79 273 163 177 353 261 63 142 313 406 217 88 85 0 485 134 57 198 380 478 467 
197 126 348 149 288 301 372 341 444 410 346 356 305 279 425 161 70 64 190 500 385 73 353 145 86 201 164 442 368 202 234 65 485 0 204 162 464 426 63 306 
81 164 273 332 243 113 482 359 166 338 164 151 262 275 171 483 171 170 123 194 229 218 437 381 88 135 248 240 319 470 225 106 134 204 0 500 103 50 399 105 
144 83 474 126 392 139 414 55 447 382 487 117 364 157 445 438 57 173 362 201 53 157 493 459 347 311 428 278 123 268 188 217 57 162 500 0 309 212 251 234 
400 458 169 161 161 50 355 228 121 218 172 265 226 52 333 133 262 440 125 220 494 142 355 478 215 122 166 138 130 485 345 236 198 464 103 309 0 255 349 115 
465 408 244 292 126 122 56 58 124 339 348 93 486 423 263 479 64 117 456 436 397 328 280 233 68 124 419 217 295 472 232 259 380 426 50 212 255 0 399 145 
263 427 85 101 274 128 293 196 98 271 417 165 434 108 268 261 338 451 280 169 369 203 414 97 385 379 183 67 135 345 479 348 478 63 399 251 349 399 0 220 
153 397 169 69 61 309 334 487 277 378 437 56 497 62 416 166 109 56 495 242 73 129 293 258 427 270 272 82 227 120 431 330 467 306 105 234 115 145 220 0 

1192.5 0 5
1192.5 1 20
1192.5 2 36
1192.5 3 2
1192.5 4 31
1192.5 5 38
1192.5 6 2
1192.5 7 0
1192.5 8 18
1192.5 9 3
1192.5 10 2
1192.5 11 31
1192.5 12 9
1192.5 13 33
1192.5 14 0
1192.5 15 11
1192.5 16 15
1192.5 17 28
1192.5 18 5
1192.5 19 14
1192.5 20 10
1192.5 21 29
1192.5 22 4
1192.5 23 38
1192.5 24 25
1192.5 25 38
1192.5 26 22
1192.5 27 25
1192.5 28 19
1192.5 29 22
1192.5 30 33
1192.5 31 24
1192.5 32 3
1192.5 33 19
1192.5 34 26
1192.5 35 23
1192.5 36 18
1192.5 37 17
1192.5 38 24
1192.5 39 25
