20 20 3 47

0.25 0 6
0.25 0 8
0.25 0 9
0.25 0 11
0.25 1 5
0.25 1 12
0.25 1 14
0.25 1 15
0.25 2 6
0.25 2 10
0.25 2 16
0.25 2 17
0.25 2 18
0.25 3 7
0.25 3 10
0.25 3 13
0.25 3 14
0.25 3 15
0.25 3 16
0.25 3 19
0.25 4 7
0.25 4 13
0.25 4 14
0.25 4 15
0.25 5 12
0.25 5 13
0.25 5 14
0.25 5 17
0.25 6 10
0.25 6 14
0.25 7 14
0.25 7 17
0.25 8 16
0.25 8 17
0.25 8 19
0.25 9 14
0.25 10 11
0.25 11 19
0.25 12 16
0.25 12 17
0.25 12 19
0.25 13 18
0.25 14 18
0.25 15 16
0.25 16 19
0.25 17 18
0.25 17 19

0 244 367 207 184 190 232 93 276 167 223 256 335 336 415 123 66 61 224 314 
244 0 355 476 405 197 111 74 253 274 262 209 434 289 62 284 410 370 425 140 
367 355 0 88 116 478 471 92 68 413 220 300 231 215 185 432 417 348 298 144 
207 476 88 0 121 144 467 71 226 233 401 464 454 183 205 109 79 120 52 382 
184 405 116 121 0 344 422 337 119 346 435 191 373 101 329 326 301 403 489 61 
190 197 478 144 344 0 450 201 373 309 141 259 283 400 141 427 121 481 190 282 
232 111 471 467 422 450 0 257 384 380 106 238 263 55 490 481 358 101 320 171 
93 74 92 71 337 201 257 0 301 79 479 367 459 200 262 460 393 118 315 317 
276 253 68 226 119 373 384 301 0 403 373 84 312 155 322 478 318 215 318 160 
167 274 413 233 346 309 380 79 403 0 148 317 165 421 200 380 327 187 494 258 
223 262 220 401 435 141 106 479 373 148 0 457 389 206 134 221 421 289 433 124 
256 209 300 464 191 259 238 367 84 317 457 0 280 325 104 384 468 305 256 55 
335 434 231 454 373 283 263 459 312 165 389 280 0 111 413 242 167 379 129 255 
336 289 215 183 101 400 55 200 155 421 206 325 111 0 93 142 232 381 349 54 
415 62 185 205 329 141 490 262 322 200 134 104 413 93 0 296 136 308 267 186 
123 284 432 109 326 427 481 460 478 380 221 384 242 142 296 0 417 396 205 53 
66 410 417 79 301 121 358 393 318 327 421 468 167 232 136 417 0 498 404 56 
61 370 348 120 403 481 101 118 215 187 289 305 379 381 308 396 498 0 337 175 
224 425 298 52 489 190 320 315 318 494 433 256 129 349 267 205 404 337 0 400 
314 140 144 382 61 282 171 317 160 258 124 55 255 54 186 53 56 175 400 0 

451.44 0 3
451.44 1 17
451.44 2 3
451.44 3 10
451.44 4 6
451.44 5 3
451.44 6 17
451.44 7 11
451.44 8 2
451.44 9 1
451.44 10 6
451.44 11 6
451.44 12 10
451.44 13 12
451.44 14 0
451.44 15 16
451.44 16 17
451.44 17 6
451.44 18 0
451.44 19 12
