50 50 3 122

0.4 0 4
0.4 0 11
0.4 0 29
0.4 0 39
0.4 0 44
0.4 1 24
0.4 1 40
0.4 2 30
0.4 3 4
0.4 3 7
0.4 3 8
0.4 3 11
0.4 3 22
0.4 3 25
0.4 3 41
0.4 3 42
0.4 3 43
0.4 4 10
0.4 4 24
0.4 4 36
0.4 4 43
0.4 4 47
0.4 5 16
0.4 5 24
0.4 5 39
0.4 6 9
0.4 6 31
0.4 6 47
0.4 6 48
0.4 6 49
0.4 7 19
0.4 7 45
0.4 8 9
0.4 8 15
0.4 8 22
0.4 8 37
0.4 9 16
0.4 9 22
0.4 9 26
0.4 9 36
0.4 10 26
0.4 10 27
0.4 10 30
0.4 10 36
0.4 10 41
0.4 10 43
0.4 10 45
0.4 11 30
0.4 11 33
0.4 11 36
0.4 11 39
0.4 11 46
0.4 12 32
0.4 12 39
0.4 12 40
0.4 12 46
0.4 12 49
0.4 13 16
0.4 13 18
0.4 13 24
0.4 13 32
0.4 14 42
0.4 15 34
0.4 16 19
0.4 16 21
0.4 16 24
0.4 16 25
0.4 16 35
0.4 17 18
0.4 17 21
0.4 17 39
0.4 18 29
0.4 18 30
0.4 18 31
0.4 19 21
0.4 19 29
0.4 19 34
0.4 19 40
0.4 20 24
0.4 20 31
0.4 20 33
0.4 20 47
0.4 21 46
0.4 22 37
0.4 23 35
0.4 23 36
0.4 23 41
0.4 24 25
0.4 24 34
0.4 24 39
0.4 24 41
0.4 25 33
0.4 26 32
0.4 26 33
0.4 26 36
0.4 26 38
0.4 26 41
0.4 27 45
0.4 28 30
0.4 29 34
0.4 29 41
0.4 29 42
0.4 29 49
0.4 30 36
0.4 30 37
0.4 30 44
0.4 30 46
0.4 31 38
0.4 32 45
0.4 32 49
0.4 33 46
0.4 34 35
0.4 34 38
0.4 34 43
0.4 34 49
0.4 35 37
0.4 37 39
0.4 37 42
0.4 37 48
0.4 39 40
0.4 41 44
0.4 48 49

0 456 109 50 456 332 61 493 483 190 168 234 217 299 391 193 117 69 448 166 260 157 336 251 307 138 457 152 454 327 262 142 94 262 151 435 340 233 499 111 406 106 183 389 402 386 365 89 235 393 
456 0 261 229 55 287 329 95 257 149 104 326 328 188 151 329 114 69 169 310 324 372 193 418 177 222 300 441 221 159 326 146 126 475 77 174 393 358 108 338 202 286 492 131 302 347 61 468 474 128 
109 261 0 84 309 337 64 181 395 464 474 273 453 365 271 272 319 278 115 351 468 388 427 451 285 176 118 278 85 240 69 288 160 302 92 144 390 302 138 445 93 410 247 214 68 112 354 390 428 146 
50 229 84 0 401 437 93 182 438 205 182 225 180 403 356 204 218 223 85 411 349 420 119 263 235 233 349 370 455 487 371 368 412 268 150 269 54 154 190 461 447 403 292 349 329 440 262 404 385 220 
456 55 309 401 0 227 181 421 72 500 354 65 483 470 82 127 335 353 332 289 212 187 290 177 65 118 104 65 323 330 272 224 300 107 345 143 365 392 442 171 155 224 80 353 448 422 481 305 136 141 
332 287 337 437 227 0 443 311 155 295 154 236 209 210 124 410 381 394 474 235 215 211 151 170 185 190 145 441 233 482 55 59 377 500 446 100 245 312 170 451 329 451 484 373 205 260 367 203 295 415 
61 329 64 93 181 443 0 492 438 442 332 119 181 64 279 69 457 449 402 369 386 107 347 126 277 351 437 376 439 441 407 129 491 110 335 494 62 234 319 291 53 234 80 421 271 285 396 119 344 95 
493 95 181 182 421 311 492 0 252 92 346 453 425 432 360 236 409 295 355 491 351 311 84 73 389 132 483 340 399 359 253 337 343 403 470 458 112 55 131 208 321 170 217 392 343 182 353 120 143 399 
483 257 395 438 72 155 438 252 0 438 406 259 251 150 76 135 367 479 164 362 394 69 195 489 386 73 271 289 455 214 203 470 346 479 456 473 422 339 386 107 86 233 456 465 194 224 96 377 74 270 
190 149 464 205 500 295 442 92 438 0 463 432 326 96 165 436 72 385 139 329 443 320 115 412 401 342 376 430 379 379 472 282 480 175 68 149 327 436 95 256 105 128 467 380 182 182 191 305 460 354 
168 104 474 182 354 154 332 346 406 463 0 147 299 205 98 457 191 251 182 169 267 408 191 216 95 73 100 435 274 464 174 309 358 304 158 58 304 383 400 449 408 414 190 306 430 173 67 296 305 97 
234 326 273 225 65 236 119 453 259 432 147 0 61 325 235 66 482 496 247 313 296 279 273 415 356 88 411 433 295 376 288 350 195 234 216 247 373 326 334 335 427 392 52 277 70 83 287 177 211 282 
217 328 453 180 483 209 181 425 251 326 299 61 0 111 53 86 121 421 331 109 108 351 453 481 77 234 226 412 375 465 435 277 256 189 155 471 164 178 56 454 346 281 492 342 299 52 278 353 268 273 
299 188 365 403 470 210 64 432 150 96 205 325 111 0 473 52 377 461 188 117 283 132 317 212 423 300 389 205 410 237 500 450 308 260 101 315 76 190 331 286 439 403 152 411 446 494 450 377 85 380 
391 151 271 356 82 124 279 360 76 165 98 235 53 473 0 428 241 423 473 432 147 334 411 66 188 183 190 308 229 170 252 105 250 381 68 486 252 266 86 351 335 89 461 225 278 216 174 265 135 235 
193 329 272 204 127 410 69 236 135 436 457 66 86 52 428 0 300 244 106 174 225 62 370 84 100 326 275 218 63 95 378 235 441 237 372 452 171 70 401 215 125 287 64 221 339 225 398 293 322 165 
117 114 319 218 335 381 457 409 367 72 191 482 121 377 241 300 0 74 417 152 71 53 374 247 411 200 412 322 77 353 376 84 342 146 99 130 488 111 258 257 447 289 208 195 348 499 156 78 282 103 
69 69 278 223 353 394 449 295 479 385 251 496 421 461 423 244 74 0 403 263 88 220 221 418 99 228 228 241 141 105 53 431 387 267 288 66 487 449 84 102 282 430 366 187 369 191 152 120 398 73 
448 169 115 85 332 474 402 355 164 139 182 247 331 188 473 106 417 403 0 147 93 363 389 149 474 181 459 107 77 108 230 239 179 499 274 173 308 462 70 137 188 266 333 443 442 263 365 294 486 350 
166 310 351 411 289 235 369 491 362 329 169 313 109 117 432 174 152 263 147 0 268 397 194 144 82 227 211 462 452 380 187 264 312 63 109 301 234 432 492 184 293 229 386 189 345 62 131 443 491 315 
260 324 468 349 212 215 386 351 394 443 267 296 108 283 147 225 71 88 93 268 0 162 336 397 287 150 117 466 169 403 111 117 210 403 81 461 185 497 130 291 453 267 460 283 53 184 314 406 120 204 
157 372 388 420 187 211 107 311 69 320 408 279 351 132 334 62 53 220 363 397 162 0 167 308 185 319 284 225 268 135 316 300 186 304 466 284 422 395 66 324 203 341 415 412 465 372 460 160 62 177 
336 193 427 119 290 151 347 84 195 115 191 273 453 317 411 370 374 221 389 194 336 167 0 412 305 484 361 396 58 331 90 287 305 294 221 186 477 428 262 409 490 75 105 380 191 230 316 460 319 64 
251 418 451 263 177 170 126 73 489 412 216 415 481 212 66 84 247 418 149 144 397 308 412 0 321 268 295 180 338 72 197 364 74 241 238 247 235 499 472 280 442 256 463 377 492 88 467 301 376 51 
307 177 285 235 65 185 277 389 386 401 95 356 77 423 188 100 411 99 474 82 287 185 305 321 0 125 172 387 440 354 354 447 132 405 405 199 163 170 496 58 299 459 154 411 360 459 236 73 101 466 
138 222 176 233 118 190 351 132 73 342 73 88 234 300 183 326 200 228 181 227 150 319 484 268 125 0 294 219 441 96 319 140 395 206 179 164 98 76 216 241 180 317 449 310 371 241 225 166 149 218 
457 300 118 349 104 145 437 483 271 376 100 411 226 389 190 275 412 228 459 211 117 284 361 295 172 294 0 414 440 116 257 182 413 233 79 293 434 340 221 356 391 106 172 50 164 137 301 212 309 323 
152 441 278 370 65 441 376 340 289 430 435 433 412 205 308 218 322 241 107 462 466 225 396 180 387 219 414 0 119 500 400 203 493 252 209 99 497 289 483 140 480 405 78 334 426 433 342 187 443 340 
454 221 85 455 323 233 439 399 455 379 274 295 375 410 229 63 77 141 77 452 169 268 58 338 440 441 440 119 0 487 385 246 347 342 271 242 295 64 481 221 234 319 463 403 223 180 375 308 62 213 
327 159 240 487 330 482 441 359 214 379 464 376 465 237 170 95 353 105 108 380 403 135 331 72 354 96 116 500 487 0 256 273 186 304 96 366 69 185 274 309 130 228 272 141 55 414 137 73 212 172 
262 326 69 371 272 55 407 253 203 472 174 288 435 500 252 378 376 53 230 187 111 316 90 197 354 319 257 400 385 256 0 166 365 142 401 493 393 480 282 246 368 388 495 152 269 206 441 424 333 202 
142 146 288 368 224 59 129 337 470 282 309 350 277 450 105 235 84 431 239 264 117 300 287 364 447 140 182 203 246 273 166 0 391 310 128 177 342 454 235 282 346 375 145 291 331 272 446 348 454 312 
94 126 160 412 300 377 491 343 346 480 358 195 256 308 250 441 342 387 179 312 210 186 305 74 132 395 413 493 347 186 365 391 0 486 123 491 169 249 333 146 490 464 263 429 308 467 149 247 393 251 
262 475 302 268 107 500 110 403 479 175 304 234 189 260 381 237 146 267 499 63 403 304 294 241 405 206 233 252 342 304 142 310 486 0 443 136 489 488 126 191 412 53 241 317 494 269 294 313 468 298 
151 77 92 150 345 446 335 470 456 68 158 216 155 101 68 372 99 288 274 109 81 466 221 238 405 179 79 209 271 96 401 128 123 443 0 396 346 315 375 243 292 484 388 346 159 212 208 458 338 482 
435 174 144 269 143 100 494 458 473 149 58 247 471 315 486 452 130 66 173 301 461 284 186 247 199 164 293 99 242 366 493 177 491 136 396 0 484 347 274 475 144 187 500 281 462 389 129 51 235 98 
340 393 390 54 365 245 62 112 422 327 304 373 164 76 252 171 488 487 308 234 185 422 477 235 163 98 434 497 295 69 393 342 169 489 346 484 0 300 246 348 240 454 224 396 198 479 367 223 262 419 
233 358 302 154 392 312 234 55 339 436 383 326 178 190 266 70 111 449 462 432 497 395 428 499 170 76 340 289 64 185 480 454 249 488 315 347 300 0 400 240 295 425 174 474 380 447 310 77 181 77 
499 108 138 190 442 170 319 131 386 95 400 334 56 331 86 401 258 84 70 492 130 66 262 472 496 216 221 483 481 274 282 235 333 126 375 274 246 400 0 389 171 63 423 173 60 277 188 329 328 447 
111 338 445 461 171 451 291 208 107 256 449 335 454 286 351 215 257 102 137 184 291 324 409 280 58 241 356 140 221 309 246 282 146 191 243 475 348 240 389 0 483 393 386 116 99 410 414 99 493 188 
406 202 93 447 155 329 53 321 86 105 408 427 346 439 335 125 447 282 188 293 453 203 490 442 299 180 391 480 234 130 368 346 490 412 292 144 240 295 171 483 0 259 140 353 268 128 207 88 141 137 
106 286 410 403 224 451 234 170 233 128 414 392 281 403 89 287 289 430 266 229 267 341 75 256 459 317 106 405 319 228 388 375 464 53 484 187 454 425 63 393 259 0 112 185 440 400 205 331 132 494 
183 492 247 292 80 484 80 217 456 467 190 52 492 152 461 64 208 366 333 386 460 415 105 463 154 449 172 78 463 272 495 145 263 241 388 500 224 174 423 386 140 112 0 343 119 199 407 433 204 420 
389 131 214 349 353 373 421 392 465 380 306 277 342 411 225 221 195 187 443 189 283 412 380 377 411 310 50 334 403 141 152 291 429 317 346 281 396 474 173 116 353 185 343 0 274 130 192 392 115 360 
402 302 68 329 448 205 271 343 194 182 430 70 299 446 278 339 348 369 442 345 53 465 191 492 360 371 164 426 223 55 269 331 308 494 159 462 198 380 60 99 268 440 119 274 0 149 362 207 167 129 
386 347 112 440 422 260 285 182 224 182 173 83 52 494 216 225 499 191 263 62 184 372 230 88 459 241 137 433 180 414 206 272 467 269 212 389 479 447 277 410 128 400 199 130 149 0 80 404 496 361 
365 61 354 262 481 367 396 353 96 191 67 287 278 450 174 398 156 152 365 131 314 460 316 467 236 225 301 342 375 137 441 446 149 294 208 129 367 310 188 414 207 205 407 192 362 80 0 184 143 475 
89 468 390 404 305 203 119 120 377 305 296 177 353 377 265 293 78 120 294 443 406 160 460 301 73 166 212 187 308 73 424 348 247 313 458 51 223 77 329 99 88 331 433 392 207 404 184 0 156 183 
235 474 428 385 136 295 344 143 74 460 305 211 268 85 135 322 282 398 486 491 120 62 319 376 101 149 309 443 62 212 333 454 393 468 338 235 262 181 328 493 141 132 204 115 167 496 143 156 0 384 
393 128 146 220 141 415 95 399 270 354 97 282 273 380 235 165 103 73 350 315 204 177 64 51 466 218 323 340 213 172 202 312 251 298 482 98 419 77 447 188 137 494 420 360 129 361 475 183 384 0 

1471 0 41
1471 1 14
1471 2 28
1471 3 48
1471 4 46
1471 5 17
1471 6 43
1471 7 25
1471 8 15
1471 9 4
1471 10 17
1471 11 21
1471 12 41
1471 13 48
1471 14 12
1471 15 16
1471 16 5
1471 17 29
1471 18 23
1471 19 3
1471 20 45
1471 21 20
1471 22 10
1471 23 38
1471 24 29
1471 25 6
1471 26 2
1471 27 15
1471 28 26
1471 29 16
1471 30 32
1471 31 23
1471 32 35
1471 33 16
1471 34 23
1471 35 38
1471 36 33
1471 37 22
1471 38 14
1471 39 48
1471 40 26
1471 41 32
1471 42 21
1471 43 23
1471 44 36
1471 45 38
1471 46 39
1471 47 46
1471 48 24
1471 49 18
