30 30 3 108

0.3 0 3
0.3 0 7
0.3 0 11
0.3 0 13
0.3 0 23
0.3 0 24
0.3 0 25
0.3 1 3
0.3 1 12
0.3 1 13
0.3 1 14
0.3 1 17
0.3 1 18
0.3 1 29
0.3 2 4
0.3 2 7
0.3 2 19
0.3 2 20
0.3 2 22
0.3 3 4
0.3 3 5
0.3 3 6
0.3 3 10
0.3 3 12
0.3 3 14
0.3 3 16
0.3 3 17
0.3 3 23
0.3 3 28
0.3 4 7
0.3 4 13
0.3 4 24
0.3 4 27
0.3 4 28
0.3 5 7
0.3 5 12
0.3 5 19
0.3 5 20
0.3 5 26
0.3 6 9
0.3 6 17
0.3 6 21
0.3 6 22
0.3 6 23
0.3 6 28
0.3 6 29
0.3 7 13
0.3 7 19
0.3 7 20
0.3 7 22
0.3 7 27
0.3 8 21
0.3 8 22
0.3 8 23
0.3 8 24
0.3 8 28
0.3 9 16
0.3 9 17
0.3 9 18
0.3 9 21
0.3 9 22
0.3 9 25
0.3 9 27
0.3 9 28
0.3 10 14
0.3 10 19
0.3 10 20
0.3 11 14
0.3 11 18
0.3 11 21
0.3 11 23
0.3 11 26
0.3 12 15
0.3 12 16
0.3 12 18
0.3 12 22
0.3 14 18
0.3 14 28
0.3 15 16
0.3 15 27
0.3 16 20
0.3 16 22
0.3 16 26
0.3 16 27
0.3 16 28
0.3 16 29
0.3 17 20
0.3 17 21
0.3 17 23
0.3 17 26
0.3 18 22
0.3 18 23
0.3 18 24
0.3 18 25
0.3 18 29
0.3 19 20
0.3 19 21
0.3 19 24
0.3 19 28
0.3 19 29
0.3 20 22
0.3 20 27
0.3 21 26
0.3 22 27
0.3 23 24
0.3 23 25
0.3 24 27
0.3 27 28

0 456 486 177 426 303 144 132 401 278 182 369 218 234 364 448 203 250 194 80 352 88 277 194 258 247 165 331 441 214 
456 0 422 290 396 427 402 272 392 371 188 52 400 480 135 489 435 441 373 120 449 414 262 486 156 117 179 336 100 382 
486 422 0 207 136 138 77 472 443 476 150 407 489 430 408 291 321 368 102 86 263 403 295 109 448 61 439 188 368 493 
177 290 207 0 172 57 409 278 112 121 210 195 194 415 209 123 289 324 174 242 379 157 470 120 55 93 125 156 414 361 
426 396 136 172 0 429 130 137 134 250 303 404 227 256 50 222 342 162 368 352 281 270 261 325 409 169 129 51 138 188 
303 427 138 57 429 0 361 209 121 485 231 298 238 314 75 477 480 344 176 348 487 395 292 118 410 95 71 303 411 116 
144 402 77 409 130 361 0 327 239 254 70 345 178 123 377 259 496 82 237 113 357 305 64 430 187 313 79 285 101 274 
132 272 472 278 137 209 327 0 374 338 385 466 431 454 157 136 368 456 227 268 190 386 315 330 315 377 403 196 244 483 
401 392 443 112 134 121 239 374 0 249 209 138 282 183 64 232 357 75 471 486 460 59 316 352 310 201 290 135 412 477 
278 371 476 121 250 485 254 338 249 0 248 416 377 126 70 73 152 312 76 390 275 77 326 413 379 261 329 120 110 81 
182 188 150 210 303 231 70 385 209 248 0 412 113 360 90 417 138 372 126 141 417 385 109 299 131 138 71 218 235 226 
369 52 407 195 404 298 345 466 138 416 412 0 176 84 459 185 133 417 67 119 257 362 436 147 380 109 335 164 314 144 
218 400 489 194 227 238 178 431 282 377 113 176 0 236 406 413 400 431 272 150 305 232 436 139 410 377 142 229 195 142 
234 480 430 415 256 314 123 454 183 126 360 84 236 0 472 493 96 120 203 285 487 354 217 266 199 482 155 458 62 168 
364 135 408 209 50 75 377 157 64 70 90 459 406 472 0 251 245 167 267 198 500 447 205 145 65 131 242 199 238 409 
448 489 291 123 222 477 259 136 232 73 417 185 413 493 251 0 371 134 212 410 498 220 330 153 239 186 109 251 65 287 
203 435 321 289 342 480 496 368 357 152 138 133 400 96 245 371 0 261 277 165 338 340 228 287 51 360 243 499 241 180 
250 441 368 324 162 344 82 456 75 312 372 417 431 120 167 134 261 0 297 272 103 303 298 411 429 419 58 291 402 353 
194 373 102 174 368 176 237 227 471 76 126 67 272 203 267 212 277 297 0 292 317 360 95 185 244 65 436 112 215 303 
80 120 86 242 352 348 113 268 486 390 141 119 150 285 198 410 165 272 292 0 312 299 462 347 355 269 432 240 198 127 
352 449 263 379 281 487 357 190 460 275 417 257 305 487 500 498 338 103 317 312 0 284 182 346 67 117 139 106 400 255 
88 414 403 157 270 395 305 386 59 77 385 362 232 354 447 220 340 303 360 299 284 0 407 327 461 287 328 61 212 224 
277 262 295 470 261 292 64 315 316 326 109 436 436 217 205 330 228 298 95 462 182 407 0 63 450 215 291 248 260 276 
194 486 109 120 325 118 430 330 352 413 299 147 139 266 145 153 287 411 185 347 346 327 63 0 377 325 57 492 140 154 
258 156 448 55 409 410 187 315 310 379 131 380 410 199 65 239 51 429 244 355 67 461 450 377 0 215 343 443 269 386 
247 117 61 93 169 95 313 377 201 261 138 109 377 482 131 186 360 419 65 269 117 287 215 325 215 0 267 93 272 486 
165 179 439 125 129 71 79 403 290 329 71 335 142 155 242 109 243 58 436 432 139 328 291 57 343 267 0 75 338 451 
331 336 188 156 51 303 285 196 135 120 218 164 229 458 199 251 499 291 112 240 106 61 248 492 443 93 75 0 467 361 
441 100 368 414 138 411 101 244 412 110 235 314 195 62 238 65 241 402 215 198 400 212 260 140 269 272 338 467 0 257 
214 382 493 361 188 116 274 483 477 81 226 144 142 168 409 287 180 353 303 127 255 224 276 154 386 486 451 361 257 0 

991 0 13
991 1 4
991 2 4
991 3 28
991 4 18
991 5 0
991 6 28
991 7 10
991 8 6
991 9 22
991 10 12
991 11 3
991 12 8
991 13 2
991 14 1
991 15 7
991 16 8
991 17 19
991 18 24
991 19 2
991 20 21
991 21 12
991 22 15
991 23 27
991 24 0
991 25 0
991 26 2
991 27 10
991 28 29
991 29 18
