40 40 4 156

0.3 0 3
0.3 0 4
0.3 0 6
0.3 0 7
0.3 0 10
0.3 0 11
0.3 0 15
0.3 0 17
0.3 0 18
0.3 0 23
0.3 0 26
0.3 0 31
0.3 0 36
0.3 1 8
0.3 1 11
0.3 1 14
0.3 1 15
0.3 1 17
0.3 1 26
0.3 1 27
0.3 1 31
0.3 2 3
0.3 2 4
0.3 2 12
0.3 2 14
0.3 2 22
0.3 2 25
0.3 2 27
0.3 2 29
0.3 2 31
0.3 2 32
0.3 3 7
0.3 3 19
0.3 3 20
0.3 3 29
0.3 3 32
0.3 3 35
0.3 3 39
0.3 4 18
0.3 4 21
0.3 4 30
0.3 4 33
0.3 5 16
0.3 5 30
0.3 5 33
0.3 5 36
0.3 6 8
0.3 6 9
0.3 6 10
0.3 6 14
0.3 6 17
0.3 6 19
0.3 6 25
0.3 6 29
0.3 6 30
0.3 6 31
0.3 6 36
0.3 6 39
0.3 7 19
0.3 8 12
0.3 8 14
0.3 8 16
0.3 8 24
0.3 8 32
0.3 8 37
0.3 8 38
0.3 9 10
0.3 9 14
0.3 9 19
0.3 9 20
0.3 9 22
0.3 9 23
0.3 10 19
0.3 10 27
0.3 10 35
0.3 11 13
0.3 11 17
0.3 11 22
0.3 11 30
0.3 12 15
0.3 12 21
0.3 12 27
0.3 12 32
0.3 13 14
0.3 13 19
0.3 13 35
0.3 13 39
0.3 14 19
0.3 14 22
0.3 14 24
0.3 14 32
0.3 14 33
0.3 14 36
0.3 14 37
0.3 15 22
0.3 15 24
0.3 15 25
0.3 15 29
0.3 15 36
0.3 16 22
0.3 16 24
0.3 16 25
0.3 16 30
0.3 16 38
0.3 17 24
0.3 17 26
0.3 17 27
0.3 17 30
0.3 17 33
0.3 18 20
0.3 18 29
0.3 18 31
0.3 18 32
0.3 18 34
0.3 18 36
0.3 18 37
0.3 19 22
0.3 19 24
0.3 19 25
0.3 20 22
0.3 20 27
0.3 20 31
0.3 21 27
0.3 21 28
0.3 21 29
0.3 21 31
0.3 21 34
0.3 21 38
0.3 22 26
0.3 22 35
0.3 22 37
0.3 23 30
0.3 23 36
0.3 24 25
0.3 24 34
0.3 24 35
0.3 24 39
0.3 25 27
0.3 25 35
0.3 25 37
0.3 26 30
0.3 26 35
0.3 27 28
0.3 27 33
0.3 27 36
0.3 27 37
0.3 27 38
0.3 29 36
0.3 29 37
0.3 30 36
0.3 31 36
0.3 32 36
0.3 33 35
0.3 34 38
0.3 35 37
0.3 35 38

0 482 499 156 208 202 367 291 285 177 215 281 227 91 387 457 437 162 335 280 473 253 272 132 142 384 438 317 169 202 457 372 258 211 277 174 383 398 94 236 
482 0 267 83 96 302 353 101 185 494 442 64 335 341 88 341 72 54 139 211 278 433 95 304 149 185 208 254 488 401 451 192 461 191 102 460 55 265 204 239 
499 267 0 495 422 301 108 236 209 225 455 279 99 385 363 179 307 489 85 382 443 305 73 212 393 336 104 382 132 458 351 208 116 331 303 488 483 80 266 158 
156 83 495 0 124 68 386 457 266 98 480 160 402 428 191 308 231 177 489 182 441 61 328 280 238 203 245 334 323 78 357 429 187 376 465 107 195 128 64 113 
208 96 422 124 0 158 226 370 183 117 83 299 384 321 246 382 385 387 273 128 428 177 225 119 417 52 367 322 304 389 408 499 215 286 300 299 357 456 280 267 
202 302 301 68 158 0 294 113 427 377 387 415 373 416 175 470 204 214 302 429 302 317 327 391 254 154 343 75 336 89 135 322 389 238 365 243 227 56 500 324 
367 353 108 386 226 294 0 173 128 107 274 319 279 122 124 193 184 76 266 379 330 409 219 120 198 433 129 492 411 107 452 63 407 248 434 265 172 476 180 412 
291 101 236 457 370 113 173 0 423 124 325 271 441 488 81 310 266 403 401 444 436 164 284 366 229 351 258 132 137 399 447 451 165 356 133 313 242 417 217 217 
285 185 209 266 183 427 128 423 0 396 439 304 448 403 431 498 278 418 204 194 237 73 459 255 93 460 179 270 364 375 192 476 120 263 256 352 475 83 379 182 
177 494 225 98 117 377 107 124 396 0 216 452 381 136 476 315 422 341 469 301 430 286 52 98 452 81 489 359 436 469 351 413 319 126 452 488 485 264 273 239 
215 442 455 480 83 387 274 325 439 216 0 106 362 473 171 138 196 491 443 472 433 158 243 411 148 295 260 426 336 243 78 57 379 185 308 270 269 126 378 193 
281 64 279 160 299 415 319 271 304 452 106 0 145 62 303 241 253 158 360 102 92 496 392 485 323 376 490 105 447 239 160 53 123 67 159 179 398 77 77 367 
227 335 99 402 384 373 279 441 448 381 362 145 0 141 254 218 92 265 182 245 209 271 308 377 71 285 421 116 413 404 93 279 98 469 273 298 254 409 460 232 
91 341 385 428 321 416 122 488 403 136 473 62 141 0 111 225 206 422 58 62 350 100 254 342 245 443 318 311 401 78 474 307 185 197 458 363 321 230 142 387 
387 88 363 191 246 175 124 81 431 476 171 303 254 111 0 213 214 78 229 398 180 193 275 311 149 311 449 93 372 392 271 233 62 322 121 77 289 380 244 446 
457 341 179 308 382 470 193 310 498 315 138 241 218 225 213 0 360 409 394 280 97 198 331 95 143 328 452 83 468 316 328 500 304 444 103 424 210 143 359 113 
437 72 307 231 385 204 184 266 278 422 196 253 92 206 214 360 0 445 497 50 184 109 163 126 451 151 319 300 223 429 365 134 476 463 386 270 494 211 120 403 
162 54 489 177 387 214 76 403 418 341 491 158 265 422 78 409 445 0 356 378 109 229 145 477 405 409 80 464 182 470 293 97 109 124 399 346 439 443 477 464 
335 139 85 489 273 302 266 401 204 469 443 360 182 58 229 394 497 356 0 288 426 133 111 97 260 358 443 107 61 491 256 500 303 222 176 185 154 481 479 228 
280 211 382 182 128 429 379 444 194 301 472 102 245 62 398 280 50 378 288 0 334 296 155 319 191 379 469 248 463 151 334 96 71 121 408 250 146 265 287 495 
473 278 443 441 428 302 330 436 237 430 433 92 209 350 180 97 184 109 426 334 0 158 254 368 281 154 341 415 188 358 283 137 403 366 319 223 234 217 243 415 
253 433 305 61 177 317 409 164 73 286 158 496 271 100 193 198 109 229 133 296 158 0 313 111 101 213 478 132 475 51 113 282 85 72 262 199 274 193 129 169 
272 95 73 328 225 327 219 284 459 52 243 392 308 254 275 331 163 145 111 155 254 313 0 73 209 228 119 278 69 114 398 366 144 214 480 237 356 479 174 374 
132 304 212 280 119 391 120 366 255 98 411 485 377 342 311 95 126 477 97 319 368 111 73 0 82 311 457 114 386 496 284 485 143 136 171 153 388 75 310 97 
142 149 393 238 417 254 198 229 93 452 148 323 71 245 149 143 451 405 260 191 281 101 209 82 0 117 335 100 146 232 384 273 64 122 64 89 104 169 68 153 
384 185 336 203 52 154 433 351 460 81 295 376 285 443 311 328 151 409 358 379 154 213 228 311 117 0 204 325 152 340 393 250 344 353 281 170 275 461 165 407 
438 208 104 245 367 343 129 258 179 489 260 490 421 318 449 452 319 80 443 469 341 478 119 457 335 204 0 91 370 137 223 133 433 95 431 53 457 267 142 202 
317 254 382 334 322 75 492 132 270 359 426 105 116 311 93 83 300 464 107 248 415 132 278 114 100 325 91 0 417 84 224 446 460 302 391 203 57 395 244 359 
169 488 132 323 304 336 411 137 364 436 336 447 413 401 372 468 223 182 61 463 188 475 69 386 146 152 370 417 0 198 480 180 230 103 227 330 152 388 234 427 
202 401 458 78 389 89 107 399 375 469 243 239 404 78 392 316 429 470 491 151 358 51 114 496 232 340 137 84 198 0 257 319 251 170 401 212 270 361 380 62 
457 451 351 357 408 135 452 447 192 351 78 160 93 474 271 328 365 293 256 334 283 113 398 284 384 393 223 224 480 257 0 202 368 239 408 119 482 440 183 244 
372 192 208 429 499 322 63 451 476 413 57 53 279 307 233 500 134 97 500 96 137 282 366 485 273 250 133 446 180 319 202 0 438 471 454 454 242 285 485 369 
258 461 116 187 215 389 407 165 120 319 379 123 98 185 62 304 476 109 303 71 403 85 144 143 64 344 433 460 230 251 368 438 0 67 453 378 275 125 83 251 
211 191 331 376 286 238 248 356 263 126 185 67 469 197 322 444 463 124 222 121 366 72 214 136 122 353 95 302 103 170 239 471 67 0 417 106 221 226 399 352 
277 102 303 465 300 365 434 133 256 452 308 159 273 458 121 103 386 399 176 408 319 262 480 171 64 281 431 391 227 401 408 454 453 417 0 268 387 363 500 189 
174 460 488 107 299 243 265 313 352 488 270 179 298 363 77 424 270 346 185 250 223 199 237 153 89 170 53 203 330 212 119 454 378 106 268 0 339 288 69 468 
383 55 483 195 357 227 172 242 475 485 269 398 254 321 289 210 494 439 154 146 234 274 356 388 104 275 457 57 152 270 482 242 275 221 387 339 0 232 154 175 
398 265 80 128 456 56 476 417 83 264 126 77 409 230 380 143 211 443 481 265 217 193 479 75 169 461 267 395 388 361 440 285 125 226 363 288 232 0 179 307 
94 204 266 64 280 500 180 217 379 273 378 77 460 142 244 359 120 477 479 287 243 129 174 310 68 165 142 244 234 380 183 485 83 399 500 69 154 179 0 185 
236 239 158 113 267 324 412 217 182 239 193 367 232 387 446 113 403 464 228 495 415 169 374 97 153 407 202 359 427 62 244 369 251 352 189 468 175 307 185 0 

838.53 0 28
838.53 1 11
838.53 2 9
838.53 3 11
838.53 4 5
838.53 5 35
838.53 6 32
838.53 7 27
838.53 8 36
838.53 9 10
838.53 10 16
838.53 11 29
838.53 12 34
838.53 13 29
838.53 14 0
838.53 15 35
838.53 16 28
838.53 17 5
838.53 18 21
838.53 19 37
838.53 20 30
838.53 21 29
838.53 22 6
838.53 23 26
838.53 24 13
838.53 25 5
838.53 26 16
838.53 27 7
838.53 28 23
838.53 29 1
838.53 30 10
838.53 31 12
838.53 32 2
838.53 33 9
838.53 34 12
838.53 35 7
838.53 36 33
838.53 37 33
838.53 38 34
838.53 39 19
