30 30 4 43

0.25 0 17
0.25 0 28
0.25 1 7
0.25 1 11
0.25 1 28
0.25 3 4
0.25 3 5
0.25 3 9
0.25 3 12
0.25 3 21
0.25 3 22
0.25 3 23
0.25 3 25
0.25 4 6
0.25 4 7
0.25 4 25
0.25 4 26
0.25 5 17
0.25 6 15
0.25 8 9
0.25 8 11
0.25 8 17
0.25 8 28
0.25 9 29
0.25 10 16
0.25 10 19
0.25 11 18
0.25 11 24
0.25 12 17
0.25 12 22
0.25 12 26
0.25 13 19
0.25 14 23
0.25 15 25
0.25 17 25
0.25 18 20
0.25 18 21
0.25 18 23
0.25 18 29
0.25 19 21
0.25 22 24
0.25 23 28
0.25 24 29

0 364 489 441 311 328 491 156 172 354 296 241 115 84 218 380 353 376 204 363 350 90 207 259 227 406 377 138 361 413 
364 0 169 311 152 454 177 392 451 200 80 67 293 280 146 91 482 142 96 112 212 314 391 273 73 64 147 419 304 305 
489 169 0 168 57 340 152 359 116 315 163 307 178 392 271 155 188 496 496 436 239 256 199 284 304 91 212 304 461 485 
441 311 168 0 100 188 244 398 243 117 398 224 380 475 83 291 205 166 132 92 352 447 309 274 360 347 68 289 389 480 
311 152 57 100 0 68 120 479 440 250 481 396 360 228 85 125 252 217 287 186 340 168 197 314 83 75 199 251 148 108 
328 454 340 188 68 0 344 500 236 142 441 464 379 234 249 141 428 343 203 477 421 402 361 433 94 196 370 388 379 446 
491 177 152 244 120 344 0 484 183 70 242 291 228 63 356 389 240 55 365 299 199 155 97 354 218 373 181 387 400 125 
156 392 359 398 479 500 484 0 457 90 136 138 380 241 328 307 451 474 60 476 358 468 430 90 280 459 213 413 387 413 
172 451 116 243 440 236 183 457 0 487 332 159 419 425 377 75 283 368 237 308 479 180 321 219 60 426 167 406 129 80 
354 200 315 117 250 142 70 90 487 0 307 233 215 80 442 123 67 335 296 354 344 100 311 60 197 177 478 85 287 231 
296 80 163 398 481 441 242 136 332 307 0 479 382 498 187 320 84 500 178 286 334 470 471 187 270 318 239 282 480 299 
241 67 307 224 396 464 291 138 159 233 479 0 205 149 255 266 225 340 476 406 165 236 342 125 284 460 314 86 492 160 
115 293 178 380 360 379 228 380 419 215 382 205 0 426 170 498 411 332 347 147 413 469 66 75 217 428 106 455 399 468 
84 280 392 475 228 234 63 241 425 80 498 149 426 0 273 350 289 105 68 196 396 415 173 335 202 242 197 400 271 279 
218 146 271 83 85 249 356 328 377 442 187 255 170 273 0 471 101 310 107 453 100 87 460 192 137 239 446 270 481 358 
380 91 155 291 125 141 389 307 75 123 320 266 498 350 471 0 391 392 439 350 456 309 418 122 464 438 440 400 192 122 
353 482 188 205 252 428 240 451 283 67 84 225 411 289 101 391 0 87 270 278 81 91 485 264 372 389 222 420 226 256 
376 142 496 166 217 343 55 474 368 335 500 340 332 105 310 392 87 0 431 446 283 443 183 464 354 215 405 83 136 94 
204 96 496 132 287 203 365 60 237 296 178 476 347 68 107 439 270 431 0 52 461 373 304 383 151 429 368 304 168 264 
363 112 436 92 186 477 299 476 308 354 286 406 147 196 453 350 278 446 52 0 264 276 291 441 203 313 170 121 125 432 
350 212 239 352 340 421 199 358 479 344 334 165 413 396 100 456 81 283 461 264 0 287 359 61 380 367 350 473 262 180 
90 314 256 447 168 402 155 468 180 100 470 236 469 415 87 309 91 443 373 276 287 0 246 155 436 272 61 476 201 383 
207 391 199 309 197 361 97 430 321 311 471 342 66 173 460 418 485 183 304 291 359 246 0 320 345 276 59 477 135 264 
259 273 284 274 314 433 354 90 219 60 187 125 75 335 192 122 264 464 383 441 61 155 320 0 208 445 271 96 333 148 
227 73 304 360 83 94 218 280 60 197 270 284 217 202 137 464 372 354 151 203 380 436 345 208 0 126 196 145 174 83 
406 64 91 347 75 196 373 459 426 177 318 460 428 242 239 438 389 215 429 313 367 272 276 445 126 0 78 82 317 349 
377 147 212 68 199 370 181 213 167 478 239 314 106 197 446 440 222 405 368 170 350 61 59 271 196 78 0 108 65 432 
138 419 304 289 251 388 387 413 406 85 282 86 455 400 270 400 420 83 304 121 473 476 477 96 145 82 108 0 220 414 
361 304 461 389 148 379 400 387 129 287 480 492 399 271 481 192 226 136 168 125 262 201 135 333 174 317 65 220 0 166 
413 305 485 480 108 446 125 413 80 231 299 160 468 279 358 122 256 94 264 432 180 383 264 148 83 349 432 414 166 0 

494 0 22
494 1 18
494 2 5
494 3 22
494 4 12
494 5 1
494 6 25
494 7 25
494 8 7
494 9 24
494 10 7
494 11 3
494 12 22
494 13 23
494 14 22
494 15 16
494 16 20
494 17 6
494 18 15
494 19 2
494 20 17
494 21 23
494 22 26
494 23 22
494 24 28
494 25 13
494 26 11
494 27 8
494 28 12
494 29 8
