10 10 3 4

0.4 1 4
0.4 1 5
0.4 1 8
0.4 2 8

0 104 484 150 350 315 363 98 500 91 
104 0 332 457 303 155 402 330 309 467 
484 332 0 73 290 213 472 215 274 51 
150 457 73 0 244 305 167 396 104 88 
350 303 290 244 0 297 315 96 292 210 
315 155 213 305 297 0 121 110 312 73 
363 402 472 167 315 121 0 444 411 193 
98 330 215 396 96 110 444 0 249 130 
500 309 274 104 292 312 411 249 0 328 
91 467 51 88 210 73 193 130 328 0 

405.5 0 2
405.5 1 5
405.5 2 8
405.5 3 6
405.5 4 2
405.5 5 1
405.5 6 2
405.5 7 8
405.5 8 5
405.5 9 0
