50 50 3 245

0.2 0 1
0.2 0 2
0.2 0 12
0.2 0 14
0.2 0 20
0.2 0 28
0.2 0 32
0.2 0 35
0.2 0 43
0.2 0 49
0.2 1 3
0.2 1 5
0.2 1 10
0.2 1 15
0.2 1 16
0.2 1 41
0.2 1 47
0.2 2 5
0.2 2 9
0.2 2 12
0.2 2 16
0.2 2 17
0.2 2 21
0.2 2 39
0.2 2 40
0.2 2 48
0.2 3 11
0.2 3 22
0.2 3 37
0.2 3 41
0.2 4 9
0.2 4 19
0.2 4 21
0.2 4 25
0.2 4 32
0.2 4 35
0.2 5 12
0.2 5 13
0.2 5 20
0.2 5 22
0.2 5 28
0.2 5 34
0.2 5 36
0.2 5 37
0.2 5 40
0.2 5 46
0.2 6 10
0.2 6 12
0.2 6 32
0.2 6 37
0.2 6 43
0.2 6 48
0.2 7 12
0.2 7 14
0.2 7 26
0.2 7 32
0.2 7 34
0.2 7 39
0.2 7 47
0.2 8 13
0.2 8 15
0.2 8 18
0.2 8 20
0.2 8 30
0.2 8 31
0.2 8 37
0.2 8 43
0.2 8 46
0.2 8 47
0.2 9 10
0.2 9 15
0.2 9 23
0.2 9 33
0.2 9 37
0.2 9 41
0.2 10 16
0.2 10 29
0.2 10 34
0.2 10 36
0.2 10 41
0.2 10 43
0.2 10 44
0.2 11 13
0.2 11 15
0.2 11 21
0.2 11 26
0.2 11 27
0.2 11 32
0.2 11 34
0.2 11 41
0.2 11 44
0.2 11 47
0.2 11 48
0.2 11 49
0.2 12 24
0.2 12 40
0.2 12 44
0.2 13 20
0.2 13 21
0.2 13 27
0.2 13 41
0.2 13 43
0.2 13 44
0.2 14 22
0.2 14 25
0.2 14 26
0.2 14 33
0.2 14 36
0.2 14 38
0.2 14 40
0.2 14 47
0.2 14 49
0.2 15 17
0.2 15 22
0.2 15 24
0.2 15 40
0.2 15 42
0.2 16 20
0.2 16 22
0.2 16 24
0.2 16 25
0.2 16 33
0.2 16 36
0.2 16 38
0.2 16 39
0.2 16 41
0.2 16 42
0.2 16 45
0.2 16 48
0.2 16 49
0.2 17 23
0.2 17 26
0.2 17 30
0.2 17 34
0.2 17 46
0.2 18 25
0.2 18 32
0.2 18 33
0.2 18 39
0.2 18 43
0.2 18 48
0.2 19 24
0.2 19 29
0.2 19 32
0.2 19 33
0.2 19 40
0.2 19 42
0.2 19 46
0.2 19 48
0.2 20 22
0.2 20 31
0.2 20 36
0.2 20 43
0.2 20 49
0.2 21 28
0.2 21 37
0.2 21 38
0.2 21 41
0.2 21 44
0.2 21 45
0.2 21 47
0.2 22 30
0.2 22 31
0.2 22 33
0.2 22 47
0.2 22 49
0.2 23 31
0.2 23 32
0.2 23 35
0.2 23 43
0.2 23 47
0.2 23 48
0.2 23 49
0.2 24 28
0.2 24 37
0.2 24 38
0.2 24 40
0.2 24 47
0.2 24 48
0.2 25 30
0.2 25 32
0.2 25 39
0.2 25 42
0.2 25 44
0.2 25 47
0.2 26 27
0.2 26 33
0.2 26 36
0.2 26 39
0.2 27 28
0.2 27 35
0.2 27 40
0.2 27 44
0.2 27 45
0.2 27 49
0.2 28 39
0.2 28 42
0.2 28 43
0.2 29 36
0.2 29 38
0.2 29 39
0.2 29 41
0.2 29 47
0.2 29 49
0.2 30 31
0.2 30 35
0.2 30 37
0.2 30 42
0.2 30 44
0.2 30 48
0.2 31 48
0.2 32 41
0.2 32 45
0.2 32 47
0.2 33 34
0.2 33 41
0.2 34 35
0.2 34 37
0.2 34 43
0.2 34 44
0.2 35 40
0.2 35 42
0.2 35 44
0.2 35 45
0.2 35 49
0.2 36 46
0.2 37 42
0.2 37 43
0.2 38 41
0.2 38 43
0.2 38 47
0.2 38 49
0.2 39 42
0.2 39 43
0.2 39 45
0.2 39 46
0.2 40 45
0.2 41 42
0.2 41 44
0.2 42 46
0.2 42 49
0.2 43 46
0.2 44 46
0.2 45 46
0.2 46 47

0 157 455 144 349 412 302 485 205 308 319 268 384 61 227 420 399 315 163 87 345 77 326 340 167 323 199 271 460 358 232 315 186 201 102 330 121 241 344 338 430 500 273 377 149 269 209 403 83 100 
157 0 342 202 178 230 294 155 378 217 484 303 224 357 384 373 64 296 219 94 366 233 489 175 168 57 126 180 173 273 370 325 242 337 384 453 341 283 383 496 294 457 299 60 469 292 313 368 348 482 
455 342 0 130 350 159 225 105 179 125 223 313 268 134 251 212 227 170 146 471 377 149 76 324 264 482 471 295 231 157 489 295 349 385 204 146 385 105 428 337 173 400 129 493 55 403 361 413 438 369 
144 202 130 0 444 237 144 242 312 364 250 354 216 498 370 220 489 485 417 269 119 139 204 366 394 191 474 303 89 73 211 303 196 134 116 182 385 190 303 236 152 408 209 428 195 463 139 240 218 131 
349 178 350 444 0 275 313 212 89 160 335 214 87 428 300 385 265 387 457 105 193 70 306 443 485 315 408 466 394 396 233 486 434 333 405 374 323 491 250 51 322 223 410 441 472 485 71 121 337 245 
412 230 159 237 275 0 371 431 227 487 487 398 134 160 302 275 303 396 369 342 346 191 418 66 182 140 176 200 117 94 61 235 290 308 409 372 465 307 140 153 115 195 421 422 364 183 219 412 129 251 
302 294 225 144 313 371 0 380 162 94 121 239 202 346 461 304 288 496 179 140 474 162 344 321 303 297 53 135 334 112 106 70 216 315 353 241 213 166 174 153 138 102 200 152 53 217 175 339 101 477 
485 155 105 242 212 431 380 0 241 476 319 232 131 311 230 138 66 476 180 286 222 418 416 132 295 188 415 192 404 290 485 298 231 499 214 106 358 420 115 291 232 415 175 373 51 98 332 377 220 252 
205 378 179 312 89 227 162 241 0 430 141 437 110 134 69 410 263 305 161 418 373 150 193 382 228 258 364 174 289 369 330 426 215 80 68 276 243 323 263 457 298 344 274 293 238 212 343 165 314 177 
308 217 125 364 160 487 94 476 430 0 176 417 339 355 176 170 468 165 275 458 173 105 270 353 184 267 194 250 241 153 102 351 273 310 109 374 257 460 227 287 425 422 184 438 181 116 387 52 313 339 
319 484 223 250 335 487 121 319 141 176 0 344 157 123 267 434 292 165 120 223 127 183 200 120 325 81 436 74 489 400 109 351 288 160 233 122 252 161 192 429 304 80 88 308 188 180 440 152 352 135 
268 303 313 354 214 398 239 232 437 417 344 0 300 194 153 220 389 231 263 355 348 445 376 164 94 243 454 384 188 364 189 485 406 256 405 329 477 457 300 223 452 375 370 271 495 411 283 190 117 356 
384 224 268 216 87 134 202 131 110 339 157 300 0 69 328 254 441 126 198 338 210 177 369 263 126 400 441 164 365 100 452 490 470 313 426 278 223 372 110 78 409 284 88 208 280 471 63 413 173 87 
61 357 134 498 428 160 346 311 134 355 123 194 69 0 105 496 396 160 79 336 172 266 289 133 341 90 123 389 238 388 423 58 53 179 66 94 310 366 211 236 59 229 395 321 108 395 284 259 309 257 
227 384 251 370 300 302 461 230 69 176 267 153 328 105 0 500 424 230 77 73 318 63 153 82 121 488 212 77 212 51 239 163 69 367 103 188 136 173 290 280 89 161 344 115 383 122 384 420 287 324 
420 373 212 220 385 275 304 138 410 170 434 220 254 496 500 0 252 231 200 190 185 320 60 106 208 127 208 100 248 415 96 436 405 126 198 284 242 103 146 203 439 342 223 96 231 315 305 169 143 340 
399 64 227 489 265 303 288 66 263 468 292 389 441 396 424 252 0 381 199 459 434 111 157 255 223 224 154 342 109 333 425 311 314 443 265 466 184 126 184 233 242 492 429 52 487 64 92 74 339 71 
315 296 170 485 387 396 496 476 305 165 165 231 126 160 230 231 381 0 269 236 160 487 70 225 424 313 405 224 100 214 360 87 313 66 153 108 206 87 431 129 199 58 469 152 487 430 254 462 125 460 
163 219 146 417 457 369 179 180 161 275 120 263 198 79 77 200 199 269 0 266 276 248 160 327 486 378 314 173 482 369 135 295 199 249 56 404 499 177 267 366 162 146 226 359 281 259 131 443 59 430 
87 94 471 269 105 342 140 286 418 458 223 355 338 336 73 190 459 236 266 0 427 190 212 161 93 300 194 53 159 392 345 396 417 100 215 69 217 69 292 448 166 484 372 324 255 152 254 185 197 209 
345 366 377 119 193 346 474 222 373 173 127 348 210 172 318 185 434 160 276 427 0 159 410 308 393 153 392 138 393 264 228 138 402 151 214 168 232 284 101 278 324 207 335 375 114 86 292 282 81 196 
77 233 149 139 70 191 162 418 150 105 183 445 177 266 63 320 111 487 248 190 159 0 311 402 118 449 147 485 205 106 233 230 379 451 169 119 261 86 106 256 363 146 435 421 323 103 392 192 57 239 
326 489 76 204 306 418 344 416 193 270 200 376 369 289 153 60 157 70 160 212 410 311 0 156 125 214 124 408 489 257 108 128 251 355 103 100 208 267 175 381 443 198 272 187 400 418 306 177 383 368 
340 175 324 366 443 66 321 132 382 353 120 164 263 133 82 106 255 225 327 161 308 402 156 0 449 82 411 402 152 363 491 197 305 407 110 327 123 191 291 80 287 357 64 100 375 262 498 384 396 196 
167 168 264 394 485 182 303 295 228 184 325 94 126 341 121 208 223 424 486 93 393 118 125 449 0 128 476 385 50 261 440 220 99 182 460 320 236 415 143 232 108 475 307 149 493 158 214 479 57 106 
323 57 482 191 315 140 297 188 258 267 81 243 400 90 488 127 224 313 378 300 153 449 214 82 128 0 130 56 473 245 422 274 476 190 81 55 247 402 457 404 313 429 344 421 197 441 69 55 220 350 
199 126 471 474 408 176 53 415 364 194 436 454 441 123 212 208 154 405 314 194 392 147 124 411 476 130 0 256 267 466 459 325 129 341 209 492 203 170 264 468 191 328 389 182 265 420 75 426 363 75 
271 180 295 303 466 200 135 192 174 250 74 384 164 389 77 100 342 224 173 53 138 485 408 402 385 56 256 0 402 261 391 178 227 479 495 392 248 340 442 218 305 419 232 452 211 137 410 304 177 440 
460 173 231 89 394 117 334 404 289 241 489 188 365 238 212 248 109 100 482 159 393 205 489 152 50 473 267 402 0 425 143 165 347 149 456 476 201 384 183 175 286 53 87 429 138 395 156 361 229 325 
358 273 157 73 396 94 112 290 369 153 400 364 100 388 51 415 333 214 369 392 264 106 257 363 261 245 466 261 425 0 219 418 253 328 459 89 379 484 227 494 199 237 313 154 413 85 73 457 249 498 
232 370 489 211 233 61 106 485 330 102 109 189 452 423 239 96 425 360 135 345 228 233 108 491 440 422 459 391 143 219 0 104 488 217 121 373 185 87 303 327 293 367 321 343 151 102 257 463 171 368 
315 325 295 303 486 235 70 298 426 351 351 485 490 58 163 436 311 87 295 396 138 230 128 197 220 274 325 178 165 418 104 0 483 300 264 305 480 331 477 463 215 52 66 61 444 370 316 470 262 375 
186 242 349 196 434 290 216 231 215 273 288 406 470 53 69 405 314 313 199 417 402 379 251 305 99 476 129 227 347 253 488 483 0 371 98 248 219 267 316 490 443 400 112 371 138 327 92 324 96 235 
201 337 385 134 333 308 315 499 80 310 160 256 313 179 367 126 443 66 249 100 151 451 355 407 182 190 341 479 149 328 217 300 371 0 482 470 276 142 230 163 172 473 157 92 156 212 117 132 108 236 
102 384 204 116 405 409 353 214 68 109 233 405 426 66 103 198 265 153 56 215 214 169 103 110 460 81 209 495 456 459 121 264 98 482 0 438 364 471 279 198 73 166 225 195 138 332 405 210 430 456 
330 453 146 182 374 372 241 106 276 374 122 329 278 94 188 284 466 108 404 69 168 119 100 327 320 55 492 392 476 89 373 305 248 470 438 0 248 464 65 491 472 122 472 311 109 311 114 152 383 430 
121 341 385 385 323 465 213 358 243 257 252 477 223 310 136 242 184 206 499 217 232 261 208 123 236 247 203 248 201 379 185 480 219 276 364 248 0 155 76 474 444 375 77 464 470 345 494 250 188 194 
241 283 105 190 491 307 166 420 323 460 161 457 372 366 173 103 126 87 177 69 284 86 267 191 415 402 170 340 384 484 87 331 267 142 471 464 155 0 159 301 369 218 132 298 349 255 286 499 237 188 
344 383 428 303 250 140 174 115 263 227 192 300 110 211 290 146 184 431 267 292 101 106 175 291 143 457 264 442 183 227 303 477 316 230 279 65 76 159 0 489 203 243 353 184 317 116 152 235 310 388 
338 496 337 236 51 153 153 291 457 287 429 223 78 236 280 203 233 129 366 448 278 256 381 80 232 404 468 218 175 494 327 463 490 163 198 491 474 301 489 0 449 218 57 463 208 264 336 365 452 77 
430 294 173 152 322 115 138 232 298 425 304 452 409 59 89 439 242 199 162 166 324 363 443 287 108 313 191 305 286 199 293 215 443 172 73 472 444 369 203 449 0 139 266 442 480 322 379 50 500 233 
500 457 400 408 223 195 102 415 344 422 80 375 284 229 161 342 492 58 146 484 207 146 198 357 475 429 328 419 53 237 367 52 400 473 166 122 375 218 243 218 139 0 392 198 455 246 91 338 161 230 
273 299 129 209 410 421 200 175 274 184 88 370 88 395 344 223 429 469 226 372 335 435 272 64 307 344 389 232 87 313 321 66 112 157 225 472 77 132 353 57 266 392 0 234 409 381 119 261 276 140 
377 60 493 428 441 422 152 373 293 438 308 271 208 321 115 96 52 152 359 324 375 421 187 100 149 421 182 452 429 154 343 61 371 92 195 311 464 298 184 463 442 198 234 0 466 499 148 413 173 477 
149 469 55 195 472 364 53 51 238 181 188 495 280 108 383 231 487 487 281 255 114 323 400 375 493 197 265 211 138 413 151 444 138 156 138 109 470 349 317 208 480 455 409 466 0 347 325 303 176 437 
269 292 403 463 485 183 217 98 212 116 180 411 471 395 122 315 64 430 259 152 86 103 418 262 158 441 420 137 395 85 102 370 327 212 332 311 345 255 116 264 322 246 381 499 347 0 209 387 269 414 
209 313 361 139 71 219 175 332 343 387 440 283 63 284 384 305 92 254 131 254 292 392 306 498 214 69 75 410 156 73 257 316 92 117 405 114 494 286 152 336 379 91 119 148 325 209 0 288 473 316 
403 368 413 240 121 412 339 377 165 52 152 190 413 259 420 169 74 462 443 185 282 192 177 384 479 55 426 304 361 457 463 470 324 132 210 152 250 499 235 365 50 338 261 413 303 387 288 0 222 458 
83 348 438 218 337 129 101 220 314 313 352 117 173 309 287 143 339 125 59 197 81 57 383 396 57 220 363 177 229 249 171 262 96 108 430 383 188 237 310 452 500 161 276 173 176 269 473 222 0 374 
100 482 369 131 245 251 477 252 177 339 135 356 87 257 324 340 71 460 430 209 196 239 368 196 106 350 75 440 325 498 368 375 235 236 456 430 194 188 388 77 233 230 140 477 437 414 316 458 374 0 

745.75 0 13
745.75 1 39
745.75 2 3
745.75 3 43
745.75 4 39
745.75 5 11
745.75 6 4
745.75 7 35
745.75 8 47
745.75 9 48
745.75 10 23
745.75 11 6
745.75 12 35
745.75 13 23
745.75 14 1
745.75 15 10
745.75 16 8
745.75 17 25
745.75 18 14
745.75 19 14
745.75 20 37
745.75 21 27
745.75 22 17
745.75 23 31
745.75 24 9
745.75 25 28
745.75 26 8
745.75 27 15
745.75 28 42
745.75 29 17
745.75 30 22
745.75 31 7
745.75 32 12
745.75 33 31
745.75 34 1
745.75 35 7
745.75 36 42
745.75 37 5
745.75 38 42
745.75 39 46
745.75 40 9
745.75 41 16
745.75 42 8
745.75 43 0
745.75 44 45
745.75 45 15
745.75 46 11
745.75 47 3
745.75 48 40
745.75 49 30
