20 20 3 47

0.25 0 5
0.25 0 9
0.25 0 10
0.25 0 11
0.25 0 13
0.25 0 15
0.25 0 19
0.25 2 3
0.25 2 6
0.25 2 8
0.25 2 14
0.25 3 7
0.25 3 8
0.25 3 9
0.25 3 10
0.25 3 17
0.25 3 19
0.25 4 10
0.25 4 12
0.25 4 14
0.25 5 11
0.25 5 14
0.25 5 18
0.25 6 9
0.25 6 12
0.25 6 13
0.25 6 17
0.25 6 19
0.25 7 10
0.25 7 15
0.25 7 16
0.25 7 17
0.25 7 19
0.25 8 16
0.25 8 18
0.25 9 10
0.25 9 17
0.25 9 19
0.25 10 15
0.25 10 16
0.25 11 14
0.25 11 19
0.25 13 15
0.25 14 16
0.25 14 18
0.25 14 19
0.25 15 17

0 117 391 483 469 278 266 247 177 89 81 481 73 497 191 328 483 433 314 360 
117 0 465 199 156 466 483 406 495 401 256 429 63 55 306 190 463 264 315 287 
391 465 0 54 230 383 307 70 158 153 401 441 338 68 392 343 170 434 144 145 
483 199 54 0 294 331 171 200 244 477 338 331 177 291 218 262 288 194 151 113 
469 156 230 294 0 139 187 71 386 194 134 105 490 194 279 393 354 157 88 437 
278 466 383 331 139 0 145 74 329 137 88 435 239 349 122 105 338 489 277 319 
266 483 307 171 187 145 0 144 226 442 189 439 471 197 241 281 273 181 143 316 
247 406 70 200 71 74 144 0 291 284 331 299 431 110 292 390 183 253 310 152 
177 495 158 244 386 329 226 291 0 419 200 76 473 330 411 249 285 444 76 158 
89 401 153 477 194 137 442 284 419 0 209 474 389 125 124 336 272 468 416 388 
81 256 401 338 134 88 189 331 200 209 0 231 218 257 488 294 93 497 275 297 
481 429 441 331 105 435 439 299 76 474 231 0 435 160 149 65 116 216 181 429 
73 63 338 177 490 239 471 431 473 389 218 435 0 387 95 165 259 339 283 178 
497 55 68 291 194 349 197 110 330 125 257 160 387 0 175 125 399 122 366 110 
191 306 392 218 279 122 241 292 411 124 488 149 95 175 0 272 368 438 113 244 
328 190 343 262 393 105 281 390 249 336 294 65 165 125 272 0 384 321 497 480 
483 463 170 288 354 338 273 183 285 272 93 116 259 399 368 384 0 84 299 419 
433 264 434 194 157 489 181 253 444 468 497 216 339 122 438 321 84 0 258 489 
314 315 144 151 88 277 143 310 76 416 275 181 283 366 113 497 299 258 0 256 
360 287 145 113 437 319 316 152 158 388 297 429 178 110 244 480 419 489 256 0 

504.24 0 13
504.24 1 17
504.24 2 12
504.24 3 15
504.24 4 14
504.24 5 6
504.24 6 10
504.24 7 17
504.24 8 18
504.24 9 18
504.24 10 15
504.24 11 2
504.24 12 15
504.24 13 1
504.24 14 4
504.24 15 17
504.24 16 13
504.24 17 0
504.24 18 6
504.24 19 5
