10 10 4 9

0.4 0 9
0.4 1 4
0.4 1 8
0.4 1 9
0.4 2 8
0.4 3 9
0.4 4 8
0.4 5 8
0.4 7 9

0 297 475 81 111 172 427 204 244 410 
297 0 120 227 216 295 219 91 332 340 
475 120 0 462 468 172 154 281 415 199 
81 227 462 0 187 312 495 300 492 377 
111 216 468 187 0 400 204 251 307 233 
172 295 172 312 400 0 217 88 242 77 
427 219 154 495 204 217 0 111 279 172 
204 91 281 300 251 88 111 0 484 355 
244 332 415 492 307 242 279 484 0 340 
410 340 199 377 233 77 172 355 340 0 

546.5 0 3
546.5 1 8
546.5 2 0
546.5 3 4
546.5 4 3
546.5 5 6
546.5 6 8
546.5 7 5
546.5 8 0
546.5 9 2
