40 40 4 78

0.3 0 1
0.3 0 4
0.3 1 4
0.3 1 32
0.3 1 35
0.3 2 10
0.3 2 37
0.3 3 12
0.3 3 36
0.3 4 11
0.3 4 30
0.3 5 9
0.3 5 11
0.3 5 16
0.3 5 20
0.3 5 24
0.3 6 21
0.3 6 27
0.3 6 31
0.3 8 9
0.3 8 19
0.3 8 20
0.3 8 35
0.3 8 38
0.3 9 15
0.3 9 26
0.3 9 32
0.3 9 34
0.3 10 11
0.3 10 15
0.3 10 19
0.3 10 25
0.3 11 16
0.3 11 18
0.3 11 20
0.3 11 22
0.3 12 13
0.3 12 36
0.3 13 21
0.3 13 39
0.3 14 24
0.3 14 26
0.3 14 27
0.3 15 17
0.3 16 38
0.3 17 26
0.3 17 31
0.3 17 34
0.3 17 37
0.3 18 27
0.3 18 30
0.3 18 33
0.3 18 35
0.3 19 21
0.3 19 34
0.3 20 26
0.3 20 29
0.3 21 26
0.3 21 27
0.3 21 28
0.3 21 34
0.3 22 25
0.3 22 32
0.3 23 25
0.3 23 37
0.3 24 36
0.3 24 37
0.3 25 26
0.3 25 34
0.3 26 29
0.3 27 30
0.3 28 31
0.3 28 35
0.3 29 33
0.3 30 35
0.3 32 38
0.3 33 35
0.3 34 36

0 86 140 444 150 469 167 471 500 456 161 471 224 301 443 153 382 83 336 433 381 472 119 268 129 383 229 60 115 289 288 222 294 314 493 409 327 173 294 332 
86 0 241 210 95 384 450 120 365 299 223 328 65 326 150 476 195 398 180 93 86 270 113 466 478 58 241 280 197 456 466 232 337 277 89 90 390 62 103 161 
140 241 0 326 279 432 154 209 232 416 285 328 66 127 484 435 299 439 445 412 391 488 174 64 184 131 402 321 175 147 200 245 284 420 340 241 494 372 292 126 
444 210 326 0 169 489 278 136 292 441 473 287 347 82 296 72 238 313 343 291 370 322 452 311 343 274 82 174 336 354 243 372 373 282 330 183 200 270 499 481 
150 95 279 169 0 131 291 269 455 418 208 327 456 338 210 483 179 381 285 253 282 375 122 124 295 262 498 374 414 152 112 182 469 74 437 498 55 403 361 381 
469 384 432 489 131 0 334 157 179 385 75 192 434 462 251 260 301 199 288 103 131 499 387 347 103 142 440 50 405 272 54 308 91 131 217 117 95 119 342 147 
167 450 154 278 291 334 0 316 443 324 62 225 231 141 226 356 154 168 76 218 74 303 50 91 487 264 415 365 364 397 102 132 211 191 274 403 274 121 99 305 
471 120 209 136 269 157 316 0 371 350 178 326 487 59 226 272 136 359 321 226 238 181 392 89 51 342 262 482 87 66 335 234 409 171 458 374 382 420 391 193 
500 365 232 292 455 179 443 371 0 129 352 354 490 433 474 98 478 454 104 409 356 352 318 462 321 119 71 289 485 383 157 349 146 445 376 165 147 184 208 268 
456 299 416 441 418 385 324 350 129 0 221 354 66 419 72 318 330 192 283 339 126 312 275 160 208 154 396 118 120 467 325 446 157 70 63 346 391 255 319 491 
161 223 285 473 208 75 62 178 352 221 0 268 354 93 388 363 317 221 245 263 132 224 119 152 273 391 475 422 159 310 424 265 173 209 169 368 492 308 443 349 
471 328 328 287 327 192 225 326 354 354 268 0 420 426 164 314 256 474 485 144 392 232 295 135 131 121 163 411 467 368 330 479 332 82 342 170 145 344 269 338 
224 65 66 347 456 434 231 487 490 66 354 420 0 452 460 457 425 148 449 155 59 349 262 319 282 207 159 331 115 293 341 275 138 456 237 101 67 344 315 466 
301 326 127 82 338 462 141 59 433 419 93 426 452 0 374 488 431 415 250 305 383 322 392 224 119 133 72 199 434 175 498 105 436 467 495 167 359 323 117 486 
443 150 484 296 210 251 226 226 474 72 388 164 460 374 0 357 216 330 274 275 59 308 376 228 379 122 440 62 144 90 122 477 308 224 55 403 428 160 106 380 
153 476 435 72 483 260 356 272 98 318 363 314 457 488 357 0 54 236 102 99 56 337 260 319 321 234 470 61 232 114 467 347 192 169 256 499 181 63 170 63 
382 195 299 238 179 301 154 136 478 330 317 256 425 431 216 54 0 109 395 354 342 403 194 323 287 291 169 68 264 109 294 278 213 457 92 176 209 102 236 392 
83 398 439 313 381 199 168 359 454 192 221 474 148 415 330 236 109 0 86 59 113 332 263 253 489 345 60 378 500 391 186 477 284 312 76 368 139 111 206 383 
336 180 445 343 285 288 76 321 104 283 245 485 449 250 274 102 395 86 0 337 432 281 318 93 423 315 176 83 244 297 282 240 382 98 241 125 309 290 364 101 
433 93 412 291 253 103 218 226 409 339 263 144 155 305 275 99 354 59 337 0 68 465 213 392 128 72 252 458 275 79 391 59 223 315 303 164 317 175 476 78 
381 86 391 370 282 131 74 238 356 126 132 392 59 383 59 56 342 113 432 68 0 409 438 498 63 170 132 347 67 390 189 368 358 486 466 144 463 338 187 388 
472 270 488 322 375 499 303 181 352 312 224 232 349 322 308 337 403 332 281 465 409 0 257 61 354 400 360 409 328 247 311 135 467 261 127 456 280 356 92 312 
119 113 174 452 122 387 50 392 318 275 119 295 262 392 376 260 194 263 318 213 438 257 0 490 306 100 249 468 64 61 487 77 457 233 489 178 245 412 342 349 
268 466 64 311 124 347 91 89 462 160 152 135 319 224 228 319 323 253 93 392 498 61 490 0 332 163 184 229 476 163 143 354 212 387 69 157 277 393 199 50 
129 478 184 343 295 103 487 51 321 208 273 131 282 119 379 321 287 489 423 128 63 354 306 332 0 388 381 160 174 75 78 228 402 479 173 374 122 244 53 315 
383 58 131 274 262 142 264 342 119 154 391 121 207 133 122 234 291 345 315 72 170 400 100 163 388 0 271 307 423 282 150 105 268 104 63 264 277 290 88 429 
229 241 402 82 498 440 415 262 71 396 475 163 159 72 440 470 169 60 176 252 132 360 249 184 381 271 0 88 443 138 168 454 372 340 307 222 359 275 431 162 
60 280 321 174 374 50 365 482 289 118 422 411 331 199 62 61 68 378 83 458 347 409 468 229 160 307 88 0 353 406 311 102 454 75 212 108 80 472 299 317 
115 197 175 336 414 405 364 87 485 120 159 467 115 434 144 232 264 500 244 275 67 328 64 476 174 423 443 353 0 205 238 122 341 288 380 343 349 367 53 126 
289 456 147 354 152 272 397 66 383 467 310 368 293 175 90 114 109 391 297 79 390 247 61 163 75 282 138 406 205 0 280 399 477 333 114 82 182 62 114 115 
288 466 200 243 112 54 102 335 157 325 424 330 341 498 122 467 294 186 282 391 189 311 487 143 78 150 168 311 238 280 0 333 493 367 478 132 378 462 163 331 
222 232 245 372 182 308 132 234 349 446 265 479 275 105 477 347 278 477 240 59 368 135 77 354 228 105 454 102 122 399 333 0 341 101 129 252 382 490 53 408 
294 337 284 373 469 91 211 409 146 157 173 332 138 436 308 192 213 284 382 223 358 467 457 212 402 268 372 454 341 477 493 341 0 316 154 122 278 74 374 226 
314 277 420 282 74 131 191 171 445 70 209 82 456 467 224 169 457 312 98 315 486 261 233 387 479 104 340 75 288 333 367 101 316 0 318 323 127 89 405 163 
493 89 340 330 437 217 274 458 376 63 169 342 237 495 55 256 92 76 241 303 466 127 489 69 173 63 307 212 380 114 478 129 154 318 0 141 81 466 52 389 
409 90 241 183 498 117 403 374 165 346 368 170 101 167 403 499 176 368 125 164 144 456 178 157 374 264 222 108 343 82 132 252 122 323 141 0 490 184 442 106 
327 390 494 200 55 95 274 382 147 391 492 145 67 359 428 181 209 139 309 317 463 280 245 277 122 277 359 80 349 182 378 382 278 127 81 490 0 158 454 261 
173 62 372 270 403 119 121 420 184 255 308 344 344 323 160 63 102 111 290 175 338 356 412 393 244 290 275 472 367 62 462 490 74 89 466 184 158 0 308 193 
294 103 292 499 361 342 99 391 208 319 443 269 315 117 106 170 236 206 364 476 187 92 342 199 53 88 431 299 53 114 163 53 374 405 52 442 454 308 0 250 
332 161 126 481 381 147 305 193 268 491 349 338 466 486 380 63 392 383 101 78 388 312 349 50 315 429 162 317 126 115 331 408 226 163 389 106 261 193 250 0 

783.75 0 19
783.75 1 29
783.75 2 8
783.75 3 28
783.75 4 7
783.75 5 6
783.75 6 4
783.75 7 20
783.75 8 14
783.75 9 13
783.75 10 6
783.75 11 31
783.75 12 8
783.75 13 34
783.75 14 9
783.75 15 30
783.75 16 21
783.75 17 9
783.75 18 36
783.75 19 29
783.75 20 27
783.75 21 36
783.75 22 30
783.75 23 24
783.75 24 30
783.75 25 1
783.75 26 32
783.75 27 33
783.75 28 29
783.75 29 37
783.75 30 35
783.75 31 36
783.75 32 27
783.75 33 34
783.75 34 14
783.75 35 23
783.75 36 38
783.75 37 18
783.75 38 33
783.75 39 13
