10 10 4 4

0.3 3 5
0.3 4 6
0.3 4 9
0.3 6 7

0 388 494 231 468 319 298 150 341 353 
388 0 337 436 56 323 279 246 295 339 
494 337 0 440 104 54 64 154 370 437 
231 436 440 0 488 258 459 280 435 407 
468 56 104 488 0 55 301 165 289 327 
319 323 54 258 55 0 292 316 206 462 
298 279 64 459 301 292 0 99 165 436 
150 246 154 280 165 316 99 0 224 331 
341 295 370 435 289 206 165 224 0 219 
353 339 437 407 327 462 436 331 219 0 

360.69 0 4
360.69 1 5
360.69 2 8
360.69 3 8
360.69 4 7
360.69 5 2
360.69 6 0
360.69 7 8
360.69 8 9
360.69 9 7
