40 40 4 78

0.25 0 6
0.25 0 34
0.25 1 5
0.25 1 7
0.25 1 21
0.25 1 22
0.25 1 31
0.25 2 25
0.25 2 30
0.25 3 34
0.25 3 35
0.25 3 36
0.25 4 26
0.25 4 35
0.25 5 17
0.25 5 19
0.25 5 25
0.25 5 37
0.25 6 11
0.25 6 23
0.25 6 27
0.25 7 10
0.25 7 18
0.25 7 34
0.25 8 26
0.25 8 37
0.25 9 15
0.25 9 18
0.25 9 24
0.25 9 33
0.25 10 31
0.25 11 22
0.25 11 29
0.25 11 35
0.25 11 37
0.25 12 16
0.25 12 19
0.25 12 27
0.25 12 29
0.25 13 36
0.25 14 16
0.25 14 20
0.25 14 33
0.25 15 17
0.25 15 23
0.25 15 35
0.25 15 37
0.25 16 24
0.25 17 25
0.25 18 24
0.25 18 30
0.25 18 34
0.25 18 37
0.25 20 27
0.25 20 32
0.25 20 34
0.25 20 35
0.25 21 25
0.25 21 29
0.25 21 32
0.25 21 36
0.25 21 37
0.25 22 33
0.25 23 35
0.25 24 30
0.25 25 29
0.25 25 31
0.25 25 37
0.25 26 34
0.25 29 33
0.25 29 36
0.25 30 36
0.25 30 37
0.25 31 38
0.25 32 36
0.25 33 34
0.25 35 39
0.25 37 38

0 257 111 430 90 248 135 390 341 393 300 72 71 78 327 437 408 414 423 211 437 259 222 253 301 160 468 368 412 422 479 401 112 67 233 376 332 206 489 369 
257 0 131 190 68 399 167 211 336 67 255 312 429 390 479 447 59 390 478 473 456 246 256 68 164 73 437 496 93 266 452 451 298 232 121 252 184 194 178 178 
111 131 0 107 84 289 286 425 498 311 221 340 157 74 314 244 253 110 61 422 423 274 198 370 384 402 399 166 474 200 189 413 58 374 328 251 124 359 286 249 
430 190 107 0 402 376 214 301 97 427 292 253 89 345 312 92 386 212 194 270 489 303 344 369 140 133 171 305 152 333 452 297 359 424 354 440 96 88 439 144 
90 68 84 402 0 268 146 335 397 419 419 360 111 329 64 475 323 120 133 491 151 85 87 110 196 371 118 332 167 65 152 402 407 461 233 457 104 444 181 270 
248 399 289 376 268 0 198 476 129 265 317 382 75 89 197 133 65 400 237 269 78 319 409 455 328 247 249 340 469 174 228 271 279 414 477 112 435 397 264 463 
135 167 286 214 146 198 0 231 477 81 440 251 304 79 90 116 156 278 249 178 484 79 456 148 107 168 489 448 268 191 467 475 334 405 114 353 492 188 309 216 
390 211 425 301 335 476 231 0 293 414 65 407 142 400 443 76 226 353 389 491 164 386 345 162 378 378 141 437 422 182 483 369 482 199 499 58 229 295 73 321 
341 336 498 97 397 129 477 293 0 347 478 279 195 318 304 169 105 68 179 453 60 56 53 162 287 118 151 217 56 349 370 253 483 261 155 421 383 259 169 315 
393 67 311 427 419 265 81 414 347 0 364 86 358 341 336 363 98 347 346 151 123 146 314 76 333 51 121 65 314 410 149 100 140 316 207 154 93 451 287 475 
300 255 221 292 419 317 440 65 478 364 0 384 392 446 53 105 236 408 196 416 443 179 103 368 248 468 218 393 369 103 331 224 205 178 101 239 88 53 275 153 
72 312 340 253 360 382 251 407 279 86 384 0 400 71 85 275 391 293 156 93 204 200 456 66 155 471 104 412 444 356 486 291 480 143 152 419 149 479 386 443 
71 429 157 89 111 75 304 142 195 358 392 400 0 407 139 180 308 478 288 133 491 101 294 370 149 85 446 363 482 430 409 85 383 103 302 448 352 164 263 448 
78 390 74 345 329 89 79 400 318 341 446 71 407 0 145 152 478 267 62 338 415 101 112 162 409 282 95 494 141 179 393 132 287 291 475 101 363 186 122 118 
327 479 314 312 64 197 90 443 304 336 53 85 139 145 0 220 236 219 276 277 332 395 247 182 460 349 379 239 336 55 415 183 162 389 499 152 106 198 100 264 
437 447 244 92 475 133 116 76 169 363 105 275 180 152 220 0 160 141 384 144 261 410 319 81 262 323 447 80 393 411 87 207 296 216 137 60 52 479 353 113 
408 59 253 386 323 65 156 226 105 98 236 391 308 478 236 160 0 483 122 482 162 336 349 457 277 114 63 304 454 477 398 170 163 397 156 309 63 496 102 330 
414 390 110 212 120 400 278 353 68 347 408 293 478 267 219 141 483 0 438 361 100 378 339 392 487 96 350 184 85 341 82 81 400 129 234 325 214 267 126 359 
423 478 61 194 133 237 249 389 179 346 196 156 288 62 276 384 122 438 0 87 145 280 326 101 336 184 482 126 132 60 63 446 241 182 113 457 183 270 178 491 
211 473 422 270 491 269 178 491 453 151 416 93 133 338 277 144 482 361 87 0 359 102 445 266 293 213 295 183 241 430 445 390 260 479 50 445 464 347 474 275 
437 456 423 489 151 78 484 164 60 123 443 204 491 415 332 261 162 100 145 359 0 208 468 348 112 211 198 130 339 132 299 232 132 477 466 201 158 459 465 134 
259 246 274 303 85 319 79 386 56 146 179 200 101 101 395 410 336 378 280 102 208 0 476 346 448 144 60 346 473 349 200 244 191 188 240 158 153 384 322 306 
222 256 198 344 87 409 456 345 53 314 103 456 294 112 247 319 349 339 326 445 468 476 0 329 425 181 115 239 73 170 76 296 55 282 186 181 118 274 166 104 
253 68 370 369 110 455 148 162 162 76 368 66 370 162 182 81 457 392 101 266 348 346 329 0 144 438 451 112 228 177 354 259 97 421 170 451 292 76 55 387 
301 164 384 140 196 328 107 378 287 333 248 155 149 409 460 262 277 487 336 293 112 448 425 144 0 337 195 347 103 321 76 304 445 185 445 238 145 118 388 315 
160 73 402 133 371 247 168 378 118 51 468 471 85 282 349 323 114 96 184 213 211 144 181 438 337 0 485 143 369 193 204 79 291 204 481 264 486 422 221 62 
468 437 399 171 118 249 489 141 151 121 218 104 446 95 379 447 63 350 482 295 198 60 115 451 195 485 0 122 417 356 174 169 423 255 300 399 407 182 446 426 
368 496 166 305 332 340 448 437 217 65 393 412 363 494 239 80 304 184 126 183 130 346 239 112 347 143 122 0 372 130 427 428 128 138 130 184 220 194 69 470 
412 93 474 152 167 469 268 422 56 314 369 444 482 141 336 393 454 85 132 241 339 473 73 228 103 369 417 372 0 268 266 456 453 424 133 493 117 193 315 358 
422 266 200 333 65 174 191 182 349 410 103 356 430 179 55 411 477 341 60 430 132 349 170 177 321 193 356 130 268 0 255 141 63 429 241 418 479 90 123 192 
479 452 189 452 152 228 467 483 370 149 331 486 409 393 415 87 398 82 63 445 299 200 76 354 76 204 174 427 266 255 0 389 224 153 447 165 442 116 96 225 
401 451 413 297 402 271 475 369 253 100 224 291 85 132 183 207 170 81 446 390 232 244 296 259 304 79 169 428 456 141 389 0 65 442 72 369 400 349 303 226 
112 298 58 359 407 279 334 482 483 140 205 480 383 287 162 296 163 400 241 260 132 191 55 97 445 291 423 128 453 63 224 65 0 160 69 376 369 234 458 320 
67 232 374 424 461 414 405 199 261 316 178 143 103 291 389 216 397 129 182 479 477 188 282 421 185 204 255 138 424 429 153 442 160 0 274 366 272 425 89 425 
233 121 328 354 233 477 114 499 155 207 101 152 302 475 499 137 156 234 113 50 466 240 186 170 445 481 300 130 133 241 447 72 69 274 0 64 202 144 448 320 
376 252 251 440 457 112 353 58 421 154 239 419 448 101 152 60 309 325 457 445 201 158 181 451 238 264 399 184 493 418 165 369 376 366 64 0 423 177 139 297 
332 184 124 96 104 435 492 229 383 93 88 149 352 363 106 52 63 214 183 464 158 153 118 292 145 486 407 220 117 479 442 400 369 272 202 423 0 77 59 143 
206 194 359 88 444 397 188 295 259 451 53 479 164 186 198 479 496 267 270 347 459 384 274 76 118 422 182 194 193 90 116 349 234 425 144 177 77 0 256 242 
489 178 286 439 181 264 309 73 169 287 275 386 263 122 100 353 102 126 178 474 465 322 166 55 388 221 446 69 315 123 96 303 458 89 448 139 59 256 0 117 
369 178 249 144 270 463 216 321 315 475 153 443 448 118 264 113 330 359 491 275 134 306 104 387 315 62 426 470 358 192 225 226 320 425 320 297 143 242 117 0 

603.5 0 29
603.5 1 3
603.5 2 1
603.5 3 28
603.5 4 34
603.5 5 31
603.5 6 11
603.5 7 35
603.5 8 9
603.5 9 7
603.5 10 20
603.5 11 25
603.5 12 20
603.5 13 27
603.5 14 28
603.5 15 30
603.5 16 8
603.5 17 33
603.5 18 6
603.5 19 23
603.5 20 19
603.5 21 5
603.5 22 5
603.5 23 34
603.5 24 23
603.5 25 36
603.5 26 5
603.5 27 5
603.5 28 17
603.5 29 10
603.5 30 16
603.5 31 7
603.5 32 2
603.5 33 17
603.5 34 24
603.5 35 37
603.5 36 38
603.5 37 36
603.5 38 33
603.5 39 7
