50 50 4 306

0.4 0 4
0.4 0 8
0.4 0 12
0.4 0 13
0.4 0 24
0.4 0 27
0.4 0 36
0.4 0 44
0.4 0 47
0.4 1 16
0.4 1 18
0.4 1 19
0.4 1 37
0.4 1 41
0.4 1 43
0.4 2 5
0.4 2 7
0.4 2 10
0.4 2 11
0.4 2 13
0.4 2 14
0.4 2 16
0.4 2 21
0.4 2 22
0.4 2 25
0.4 2 27
0.4 2 29
0.4 2 31
0.4 2 35
0.4 2 38
0.4 2 39
0.4 2 45
0.4 3 5
0.4 3 6
0.4 3 13
0.4 3 17
0.4 3 18
0.4 3 20
0.4 3 28
0.4 3 31
0.4 3 39
0.4 3 40
0.4 3 44
0.4 3 49
0.4 4 9
0.4 4 12
0.4 4 14
0.4 4 15
0.4 4 17
0.4 4 21
0.4 4 23
0.4 4 24
0.4 4 31
0.4 4 37
0.4 4 39
0.4 4 40
0.4 5 9
0.4 5 14
0.4 5 20
0.4 5 28
0.4 5 35
0.4 5 37
0.4 5 42
0.4 5 49
0.4 6 8
0.4 6 14
0.4 6 15
0.4 6 22
0.4 6 23
0.4 6 25
0.4 6 27
0.4 6 29
0.4 7 12
0.4 7 14
0.4 7 17
0.4 7 27
0.4 7 34
0.4 7 40
0.4 7 47
0.4 7 49
0.4 8 9
0.4 8 16
0.4 8 19
0.4 8 23
0.4 8 26
0.4 8 27
0.4 8 28
0.4 8 34
0.4 8 35
0.4 8 44
0.4 8 45
0.4 8 49
0.4 9 10
0.4 9 11
0.4 9 13
0.4 9 20
0.4 9 22
0.4 9 23
0.4 9 25
0.4 9 26
0.4 9 27
0.4 9 30
0.4 9 31
0.4 9 33
0.4 9 37
0.4 9 39
0.4 9 43
0.4 9 44
0.4 10 11
0.4 10 12
0.4 10 17
0.4 10 20
0.4 10 22
0.4 10 25
0.4 10 27
0.4 10 28
0.4 10 31
0.4 10 45
0.4 11 24
0.4 11 32
0.4 11 33
0.4 11 37
0.4 11 38
0.4 11 40
0.4 12 13
0.4 12 15
0.4 12 19
0.4 12 23
0.4 12 28
0.4 12 30
0.4 12 32
0.4 12 34
0.4 12 35
0.4 12 46
0.4 12 47
0.4 13 19
0.4 13 32
0.4 13 33
0.4 13 38
0.4 14 17
0.4 14 21
0.4 14 23
0.4 14 25
0.4 14 26
0.4 14 36
0.4 15 19
0.4 15 26
0.4 15 27
0.4 15 31
0.4 15 40
0.4 15 41
0.4 15 46
0.4 15 47
0.4 15 48
0.4 15 49
0.4 16 17
0.4 16 20
0.4 16 21
0.4 16 26
0.4 16 32
0.4 16 38
0.4 17 20
0.4 17 24
0.4 17 29
0.4 17 30
0.4 17 31
0.4 17 37
0.4 17 38
0.4 17 43
0.4 17 44
0.4 17 48
0.4 18 25
0.4 18 32
0.4 18 34
0.4 18 35
0.4 18 37
0.4 18 38
0.4 18 43
0.4 18 45
0.4 19 34
0.4 19 37
0.4 19 40
0.4 19 46
0.4 20 25
0.4 20 26
0.4 20 28
0.4 20 30
0.4 20 32
0.4 20 34
0.4 20 41
0.4 21 22
0.4 21 23
0.4 21 25
0.4 21 29
0.4 21 32
0.4 21 33
0.4 21 34
0.4 21 35
0.4 21 39
0.4 21 40
0.4 21 45
0.4 22 29
0.4 22 31
0.4 22 42
0.4 22 43
0.4 22 47
0.4 23 30
0.4 23 32
0.4 23 35
0.4 23 36
0.4 23 37
0.4 23 38
0.4 23 41
0.4 23 42
0.4 23 43
0.4 23 46
0.4 23 48
0.4 24 28
0.4 24 33
0.4 24 35
0.4 24 37
0.4 24 38
0.4 24 40
0.4 24 41
0.4 24 42
0.4 24 45
0.4 25 26
0.4 25 27
0.4 25 34
0.4 26 33
0.4 26 34
0.4 26 49
0.4 27 30
0.4 27 33
0.4 27 40
0.4 28 33
0.4 28 34
0.4 28 43
0.4 28 44
0.4 28 45
0.4 28 46
0.4 28 49
0.4 29 31
0.4 29 42
0.4 29 43
0.4 29 46
0.4 30 34
0.4 30 40
0.4 30 41
0.4 30 43
0.4 30 46
0.4 30 48
0.4 31 33
0.4 31 37
0.4 31 41
0.4 31 46
0.4 31 47
0.4 31 48
0.4 31 49
0.4 32 34
0.4 32 40
0.4 32 41
0.4 32 46
0.4 32 49
0.4 33 35
0.4 33 37
0.4 33 38
0.4 33 45
0.4 33 47
0.4 33 49
0.4 34 37
0.4 34 41
0.4 34 45
0.4 34 47
0.4 34 49
0.4 35 36
0.4 35 38
0.4 35 40
0.4 35 41
0.4 35 43
0.4 35 44
0.4 35 46
0.4 35 47
0.4 36 41
0.4 36 47
0.4 36 48
0.4 37 43
0.4 37 44
0.4 37 49
0.4 38 41
0.4 38 45
0.4 38 48
0.4 38 49
0.4 39 42
0.4 39 47
0.4 40 42
0.4 41 45
0.4 41 46
0.4 41 49
0.4 42 46
0.4 43 44
0.4 43 48
0.4 43 49
0.4 46 47
0.4 46 48
0.4 46 49

0 337 168 319 375 61 245 228 123 85 260 56 498 416 231 423 167 243 296 161 375 369 297 161 431 96 311 174 419 226 415 321 65 324 91 137 487 489 463 147 269 257 230 97 198 100 377 350 59 353 
337 0 220 478 408 206 160 134 282 273 365 218 441 476 201 148 432 446 450 326 173 471 149 321 147 468 459 383 224 498 402 480 458 286 116 190 360 117 453 326 107 489 411 470 227 312 485 320 320 131 
168 220 0 129 57 288 155 228 80 491 312 283 78 149 275 78 443 466 78 497 52 382 343 205 170 229 166 418 149 275 80 428 395 354 308 256 370 249 360 499 77 252 105 278 202 457 389 453 410 437 
319 478 129 0 403 443 222 329 166 92 121 456 488 285 351 486 318 435 296 125 77 370 156 369 165 161 334 158 490 352 413 107 122 380 369 85 92 315 385 486 85 309 86 56 490 475 356 494 175 134 
375 408 57 403 0 305 352 57 400 382 293 498 484 159 350 63 413 460 323 127 128 482 259 339 216 198 427 204 105 222 176 392 349 196 440 244 177 209 431 172 191 196 72 287 87 199 395 306 98 394 
61 206 288 443 305 0 112 422 250 52 370 64 410 327 287 54 294 226 434 147 389 405 222 271 151 150 208 228 239 130 382 310 411 327 343 233 401 422 465 277 366 477 474 174 425 285 327 88 209 177 
245 160 155 222 352 112 0 450 192 456 183 242 246 446 104 135 374 276 350 247 77 321 336 96 269 100 380 116 407 341 341 195 267 166 449 76 57 248 392 273 147 331 478 295 432 404 402 264 135 64 
228 134 228 329 57 422 450 0 377 169 228 164 439 471 290 55 199 465 193 218 263 278 466 287 89 129 151 76 420 484 463 232 80 329 104 105 426 469 437 79 207 271 233 396 232 87 359 461 208 361 
123 282 80 166 400 250 192 377 0 201 455 170 286 90 71 370 104 95 116 162 431 430 298 273 470 247 143 268 393 319 429 272 183 374 271 317 119 379 112 108 185 214 358 152 182 126 232 409 364 292 
85 273 491 92 382 52 456 169 201 0 362 199 398 163 92 168 370 395 203 188 230 94 440 99 296 220 248 250 341 454 324 123 96 409 285 324 141 423 215 371 145 122 422 112 386 63 438 150 84 132 
260 365 312 121 293 370 183 228 455 362 0 306 405 460 480 451 427 415 249 71 120 214 91 387 245 451 299 441 243 159 282 55 292 429 362 259 467 271 182 360 141 242 179 309 229 252 308 166 250 93 
56 218 283 456 498 64 242 164 170 199 306 0 357 252 187 96 146 141 387 295 201 305 269 323 338 170 243 355 175 418 138 260 149 337 378 92 434 155 140 317 90 77 206 446 166 104 493 490 210 451 
498 441 78 488 484 410 246 439 286 398 405 357 0 161 495 415 350 309 50 61 341 424 322 205 134 77 54 107 109 50 433 211 464 308 298 463 310 300 71 134 346 140 137 367 130 185 147 110 119 95 
416 476 149 285 159 327 446 471 90 163 460 252 161 0 174 114 320 235 185 73 152 216 411 352 222 426 134 83 443 352 406 194 193 400 203 378 251 56 80 339 208 149 418 285 260 306 127 378 58 146 
231 201 275 351 350 287 104 290 71 92 480 187 495 174 0 55 348 353 336 244 404 332 457 495 140 209 196 102 115 92 138 166 265 306 276 90 469 391 201 356 274 162 460 262 110 322 349 258 253 131 
423 148 78 486 63 54 135 55 370 168 451 96 415 114 55 0 230 182 446 296 173 258 433 491 372 497 224 356 414 109 492 299 263 342 433 158 303 324 125 310 72 419 318 134 300 346 264 399 417 85 
167 432 443 318 413 294 374 199 104 370 427 146 350 320 348 230 0 166 150 319 230 312 231 74 446 429 291 276 500 50 449 185 328 192 413 462 276 489 392 112 369 442 397 154 218 303 103 466 343 108 
243 446 466 435 460 226 276 465 95 395 415 141 309 235 353 182 166 0 270 274 257 116 234 500 190 160 316 106 148 157 405 321 292 185 292 285 378 78 331 499 238 211 82 66 387 480 256 218 248 388 
296 450 78 296 323 434 350 193 116 203 249 387 50 185 336 446 150 270 0 437 126 227 363 187 465 91 251 197 222 229 492 203 172 260 195 84 79 150 259 228 85 178 159 236 329 204 437 89 258 123 
161 326 497 125 127 147 247 218 162 188 71 295 61 73 244 296 319 274 437 0 154 242 482 115 268 62 424 178 111 256 105 384 418 66 134 494 286 399 264 406 472 445 272 195 430 232 280 409 434 436 
375 173 52 77 128 389 77 263 431 230 120 201 341 152 404 173 230 257 126 154 0 296 398 475 345 333 232 487 130 255 133 376 168 56 244 319 74 355 272 494 156 240 318 257 182 339 380 278 282 278 
369 471 382 370 482 405 321 278 430 94 214 305 424 216 332 258 312 116 227 242 296 0 167 215 72 181 455 438 485 157 248 494 372 465 220 203 483 103 333 360 68 349 207 455 135 258 64 300 313 319 
297 149 343 156 259 222 336 466 298 440 91 269 322 411 457 433 231 234 363 482 398 167 0 232 469 140 352 201 465 74 67 338 255 246 326 276 431 361 469 478 201 460 343 291 404 406 205 461 241 177 
161 321 205 369 339 271 96 287 273 99 387 323 205 352 495 491 74 500 187 115 475 215 232 0 92 485 342 444 258 91 448 149 474 75 328 60 326 180 67 471 379 289 98 485 214 330 371 404 224 203 
431 147 170 165 216 151 269 89 470 296 245 338 134 222 140 372 446 190 465 268 345 72 469 92 0 321 496 117 227 348 479 441 68 242 412 197 204 428 437 211 121 96 270 245 272 243 180 449 468 472 
96 468 229 161 198 150 100 129 247 220 451 170 77 426 209 497 429 160 91 62 333 181 140 485 321 0 120 383 159 489 108 316 70 134 283 247 327 166 419 258 135 474 110 324 172 310 450 243 408 78 
311 459 166 334 427 208 380 151 143 248 299 243 54 134 196 224 291 316 251 424 232 455 352 342 496 120 0 154 409 300 295 415 388 242 241 439 247 235 137 63 343 479 268 238 348 209 374 336 362 403 
174 383 418 158 204 228 116 76 268 250 441 355 107 83 102 356 276 106 197 178 487 438 201 444 117 383 154 0 170 74 467 442 461 458 288 302 463 124 496 397 260 123 370 219 60 320 460 347 233 182 
419 224 149 490 105 239 407 420 393 341 243 175 109 443 115 414 500 148 222 111 130 485 465 258 227 159 409 170 0 354 114 489 59 207 471 466 119 255 182 419 297 135 98 459 454 150 54 85 209 182 
226 498 275 352 222 130 341 484 319 454 159 418 50 352 92 109 50 157 229 256 255 157 74 91 348 489 300 74 354 0 76 479 367 376 429 396 374 296 121 277 79 376 151 120 497 411 269 309 464 276 
415 402 80 413 176 382 341 463 429 324 282 138 433 406 138 492 449 405 492 105 133 248 67 448 479 108 295 467 114 76 0 468 184 482 155 215 306 398 477 230 221 78 335 79 208 270 339 337 103 185 
321 480 428 107 392 310 195 232 272 123 55 260 211 194 166 299 185 321 203 384 376 494 338 149 441 316 415 442 489 479 468 0 74 237 62 102 105 243 144 272 65 98 485 55 359 200 138 141 425 485 
65 458 395 122 349 411 267 80 183 96 292 149 464 193 265 263 328 292 172 418 168 372 255 474 68 70 388 461 59 367 184 74 0 161 251 86 441 363 74 103 343 365 62 89 223 223 460 128 284 357 
324 286 354 380 196 327 166 329 374 409 429 337 308 400 306 342 192 185 260 66 56 465 246 75 242 134 242 458 207 376 482 237 161 0 413 177 382 353 337 228 248 281 146 307 360 227 434 289 463 122 
91 116 308 369 440 343 449 104 271 285 362 378 298 203 276 433 413 292 195 134 244 220 326 328 412 283 241 288 471 429 155 62 251 413 0 344 354 57 236 258 308 113 70 268 348 174 444 134 99 325 
137 190 256 85 244 233 76 105 317 324 259 92 463 378 90 158 462 285 84 494 319 203 276 60 197 247 439 302 466 396 215 102 86 177 344 0 324 278 211 432 484 267 84 82 467 128 110 140 88 250 
487 360 370 92 177 401 57 426 119 141 467 434 310 251 469 303 276 378 79 286 74 483 431 326 204 327 247 463 119 374 306 105 441 382 354 324 0 482 57 211 321 464 327 431 492 218 261 83 171 456 
489 117 249 315 209 422 248 469 379 423 271 155 300 56 391 324 489 78 150 399 355 103 361 180 428 166 235 124 255 296 398 243 363 353 57 278 482 0 127 237 161 394 254 62 279 284 345 349 184 339 
463 453 360 385 431 465 392 437 112 215 182 140 71 80 201 125 392 331 259 264 272 333 469 67 437 419 137 496 182 121 477 144 74 337 236 211 57 127 0 462 398 489 475 428 405 165 419 101 246 111 
147 326 499 486 172 277 273 79 108 371 360 317 134 339 356 310 112 499 228 406 494 360 478 471 211 258 63 397 419 277 230 272 103 228 258 432 211 237 462 0 456 177 184 289 173 295 443 443 485 247 
269 107 77 85 191 366 147 207 185 145 141 90 346 208 274 72 369 238 85 472 156 68 201 379 121 135 343 260 297 79 221 65 343 248 308 484 321 161 398 456 0 466 175 332 371 297 283 449 425 421 
257 489 252 309 196 477 331 271 214 122 242 77 140 149 162 419 442 211 178 445 240 349 460 289 96 474 479 123 135 376 78 98 365 281 113 267 464 394 489 177 466 0 153 443 341 123 433 217 446 361 
230 411 105 86 72 474 478 233 358 422 179 206 137 418 460 318 397 82 159 272 318 207 343 98 270 110 268 370 98 151 335 485 62 146 70 84 327 254 475 184 175 153 0 441 496 105 191 188 402 404 
97 470 278 56 287 174 295 396 152 112 309 446 367 285 262 134 154 66 236 195 257 455 291 485 245 324 238 219 459 120 79 55 89 307 268 82 431 62 428 289 332 443 441 0 451 189 136 265 250 223 
198 227 202 490 87 425 432 232 182 386 229 166 130 260 110 300 218 387 329 430 182 135 404 214 272 172 348 60 454 497 208 359 223 360 348 467 492 279 405 173 371 341 496 451 0 380 266 94 455 214 
100 312 457 475 199 285 404 87 126 63 252 104 185 306 322 346 303 480 204 232 339 258 406 330 243 310 209 320 150 411 270 200 223 227 174 128 218 284 165 295 297 123 105 189 380 0 491 396 154 242 
377 485 389 356 395 327 402 359 232 438 308 493 147 127 349 264 103 256 437 280 380 64 205 371 180 450 374 460 54 269 339 138 460 434 444 110 261 345 419 443 283 433 191 136 266 491 0 164 167 258 
350 320 453 494 306 88 264 461 409 150 166 490 110 378 258 399 466 218 89 409 278 300 461 404 449 243 336 347 85 309 337 141 128 289 134 140 83 349 101 443 449 217 188 265 94 396 164 0 53 272 
59 320 410 175 98 209 135 208 364 84 250 210 119 58 253 417 343 248 258 434 282 313 241 224 468 408 362 233 209 464 103 425 284 463 99 88 171 184 246 485 425 446 402 250 455 154 167 53 0 129 
353 131 437 134 394 177 64 361 292 132 93 451 95 146 131 85 108 388 123 436 278 319 177 203 472 78 403 182 182 276 185 485 357 122 325 250 456 339 111 247 421 361 404 223 214 242 258 272 129 0 

1497 0 20
1497 1 17
1497 2 40
1497 3 15
1497 4 35
1497 5 41
1497 6 19
1497 7 34
1497 8 37
1497 9 40
1497 10 39
1497 11 34
1497 12 15
1497 13 29
1497 14 23
1497 15 44
1497 16 29
1497 17 26
1497 18 16
1497 19 17
1497 20 29
1497 21 24
1497 22 33
1497 23 8
1497 24 33
1497 25 37
1497 26 19
1497 27 16
1497 28 37
1497 29 36
1497 30 16
1497 31 13
1497 32 4
1497 33 13
1497 34 33
1497 35 44
1497 36 5
1497 37 4
1497 38 29
1497 39 42
1497 40 0
1497 41 25
1497 42 33
1497 43 20
1497 44 5
1497 45 7
1497 46 20
1497 47 34
1497 48 33
1497 49 37

