20 20 3 47

0.3 0 12
0.3 1 7
0.3 1 10
0.3 2 5
0.3 2 6
0.3 2 7
0.3 2 19
0.3 3 7
0.3 3 10
0.3 3 11
0.3 3 12
0.3 3 16
0.3 3 17
0.3 3 18
0.3 3 19
0.3 4 7
0.3 4 8
0.3 4 9
0.3 4 12
0.3 4 15
0.3 4 16
0.3 4 19
0.3 5 8
0.3 5 9
0.3 5 17
0.3 6 8
0.3 6 16
0.3 6 17
0.3 7 9
0.3 7 13
0.3 7 14
0.3 7 16
0.3 8 11
0.3 8 12
0.3 9 10
0.3 9 15
0.3 9 18
0.3 10 13
0.3 10 16
0.3 11 13
0.3 13 14
0.3 13 15
0.3 13 18
0.3 13 19
0.3 15 19
0.3 17 18
0.3 18 19

0 303 500 65 418 297 126 311 279 403 205 338 111 217 388 381 144 80 282 472 
303 0 429 206 427 358 371 180 248 427 99 187 478 399 286 149 492 132 472 485 
500 429 0 90 96 146 394 255 472 500 141 132 383 167 322 429 65 185 213 122 
65 206 90 0 488 61 300 472 81 450 98 291 110 119 133 199 380 437 136 181 
418 427 96 488 0 192 312 398 454 414 349 416 183 110 116 72 69 155 173 53 
297 358 146 61 192 0 200 216 156 296 403 330 296 277 484 84 148 426 422 87 
126 371 394 300 312 200 0 247 303 307 455 469 112 115 194 73 446 460 135 254 
311 180 255 472 398 216 247 0 366 267 159 447 196 270 93 349 52 454 125 350 
279 248 472 81 454 156 303 366 0 63 290 490 62 321 366 144 499 69 497 329 
403 427 500 450 414 296 307 267 63 0 210 124 126 253 255 300 246 466 94 200 
205 99 141 98 349 403 455 159 290 210 0 456 351 352 433 414 125 123 254 116 
338 187 132 291 416 330 469 447 490 124 456 0 112 111 369 120 460 139 440 421 
111 478 383 110 183 296 112 196 62 126 351 112 0 375 317 327 178 292 77 344 
217 399 167 119 110 277 115 270 321 253 352 111 375 0 128 166 444 240 217 349 
388 286 322 133 116 484 194 93 366 255 433 369 317 128 0 422 484 267 227 148 
381 149 429 199 72 84 73 349 144 300 414 120 327 166 422 0 257 386 160 56 
144 492 65 380 69 148 446 52 499 246 125 460 178 444 484 257 0 438 108 435 
80 132 185 437 155 426 460 454 69 466 123 139 292 240 267 386 438 0 163 271 
282 472 213 136 173 422 135 125 497 94 254 440 77 217 227 160 108 163 0 185 
472 485 122 181 53 87 254 350 329 200 116 421 344 349 148 56 435 271 185 0 

720 0 10
720 1 18
720 2 4
720 3 11
720 4 15
720 5 13
720 6 14
720 7 16
720 8 5
720 9 10
720 10 8
720 11 7
720 12 10
720 13 2
720 14 0
720 15 6
720 16 13
720 17 6
720 18 14
720 19 2
