30 30 3 108

0.3 0 1
0.3 0 3
0.3 0 7
0.3 0 10
0.3 0 13
0.3 0 16
0.3 0 17
0.3 0 18
0.3 0 19
0.3 0 23
0.3 0 27
0.3 1 3
0.3 1 4
0.3 1 5
0.3 1 10
0.3 1 11
0.3 1 25
0.3 1 27
0.3 2 5
0.3 2 6
0.3 2 12
0.3 2 13
0.3 2 15
0.3 2 18
0.3 2 27
0.3 2 28
0.3 3 9
0.3 3 13
0.3 3 28
0.3 4 5
0.3 4 10
0.3 4 14
0.3 4 17
0.3 4 18
0.3 4 22
0.3 4 24
0.3 5 7
0.3 5 8
0.3 5 9
0.3 5 10
0.3 5 15
0.3 5 16
0.3 5 17
0.3 5 28
0.3 6 7
0.3 6 13
0.3 6 17
0.3 6 18
0.3 6 21
0.3 6 23
0.3 7 8
0.3 7 11
0.3 7 13
0.3 7 16
0.3 8 13
0.3 8 23
0.3 8 26
0.3 9 13
0.3 9 16
0.3 9 25
0.3 10 17
0.3 10 20
0.3 10 23
0.3 10 24
0.3 10 27
0.3 10 29
0.3 11 15
0.3 11 18
0.3 11 20
0.3 11 22
0.3 11 23
0.3 12 13
0.3 12 16
0.3 12 17
0.3 12 19
0.3 12 21
0.3 12 27
0.3 13 18
0.3 13 19
0.3 13 21
0.3 13 27
0.3 14 20
0.3 14 26
0.3 14 27
0.3 15 24
0.3 15 28
0.3 16 20
0.3 16 27
0.3 17 25
0.3 17 26
0.3 18 20
0.3 18 21
0.3 18 23
0.3 18 29
0.3 19 20
0.3 19 23
0.3 19 26
0.3 20 23
0.3 20 24
0.3 20 26
0.3 21 22
0.3 21 24
0.3 21 25
0.3 23 25
0.3 24 29
0.3 25 27
0.3 26 27
0.3 27 29

0 198 110 196 166 372 417 263 259 107 371 439 404 110 363 452 127 420 153 86 361 309 85 441 95 207 251 214 233 412 
198 0 323 155 394 150 303 167 360 427 95 214 482 198 104 398 186 335 320 361 340 128 352 132 94 115 211 386 303 127 
110 323 0 194 65 56 267 440 384 382 457 430 480 71 290 316 65 288 305 195 263 440 172 437 108 454 481 442 95 447 
196 155 194 0 284 244 443 275 408 123 137 214 492 323 485 279 388 405 360 280 177 306 114 211 277 324 337 113 187 352 
166 394 65 284 0 441 307 128 176 417 244 424 104 471 479 459 183 500 393 254 239 312 336 53 245 436 111 471 468 381 
372 150 56 244 441 0 235 462 414 460 263 289 397 442 137 465 257 252 281 260 468 318 112 480 222 72 278 192 432 249 
417 303 267 443 307 235 0 276 310 223 322 305 452 410 144 56 123 411 417 126 381 121 347 285 406 253 250 274 128 489 
263 167 440 275 128 462 276 0 282 179 213 331 485 439 461 488 270 487 182 432 353 57 286 480 468 481 176 451 287 104 
259 360 384 408 176 414 310 282 0 203 380 172 75 380 116 191 351 393 80 359 348 262 128 197 369 324 231 479 158 387 
107 427 382 123 417 460 223 179 203 0 262 218 154 123 136 448 83 115 110 112 418 280 61 77 488 67 73 91 270 324 
371 95 457 137 244 263 322 213 380 262 0 347 355 368 271 153 92 347 192 69 462 241 302 331 160 464 111 229 267 341 
439 214 430 214 424 289 305 331 172 218 347 0 328 300 219 129 193 228 255 290 132 330 206 319 80 68 461 435 108 495 
404 482 480 492 104 397 452 485 75 154 355 328 0 253 87 327 60 392 497 234 455 326 207 141 492 240 484 424 455 300 
110 198 71 323 471 442 410 439 380 123 368 300 253 0 255 434 469 280 164 379 323 454 107 373 140 369 299 166 309 107 
363 104 290 485 479 137 144 461 116 136 271 219 87 255 0 203 437 381 174 109 278 457 468 381 71 242 284 459 494 102 
452 398 316 279 459 465 56 488 191 448 153 129 327 434 203 0 266 225 87 246 234 64 476 439 227 315 50 242 390 255 
127 186 65 388 183 257 123 270 351 83 92 193 60 469 437 266 0 172 403 445 76 422 178 365 494 357 262 126 232 122 
420 335 288 405 500 252 411 487 393 115 347 228 392 280 381 225 172 0 285 208 244 93 232 459 305 353 58 198 160 96 
153 320 305 360 393 281 417 182 80 110 192 255 497 164 174 87 403 285 0 477 66 124 444 206 264 345 447 491 104 351 
86 361 195 280 254 260 126 432 359 112 69 290 234 379 109 246 445 208 477 0 214 269 164 166 313 104 131 116 424 61 
361 340 263 177 239 468 381 353 348 418 462 132 455 323 278 234 76 244 66 214 0 462 423 371 397 199 457 405 443 413 
309 128 440 306 312 318 121 57 262 280 241 330 326 454 457 64 422 93 124 269 462 0 273 119 136 123 469 252 252 405 
85 352 172 114 336 112 347 286 128 61 302 206 207 107 468 476 178 232 444 164 423 273 0 430 400 281 194 331 170 191 
441 132 437 211 53 480 285 480 197 77 331 319 141 373 381 439 365 459 206 166 371 119 430 0 91 192 309 108 59 355 
95 94 108 277 245 222 406 468 369 488 160 80 492 140 71 227 494 305 264 313 397 136 400 91 0 378 313 89 363 363 
207 115 454 324 436 72 253 481 324 67 464 68 240 369 242 315 357 353 345 104 199 123 281 192 378 0 455 288 373 312 
251 211 481 337 111 278 250 176 231 73 111 461 484 299 284 50 262 58 447 131 457 469 194 309 313 455 0 76 340 120 
214 386 442 113 471 192 274 451 479 91 229 435 424 166 459 242 126 198 491 116 405 252 331 108 89 288 76 0 421 432 
233 303 95 187 468 432 128 287 158 270 267 108 455 309 494 390 232 160 104 424 443 252 170 59 363 373 340 421 0 391 
412 127 447 352 381 249 489 104 387 324 341 495 300 107 102 255 122 96 351 61 413 405 191 355 363 312 120 432 391 0 

1003.5 0 11
1003.5 1 2
1003.5 2 21
1003.5 3 16
1003.5 4 18
1003.5 5 17
1003.5 6 12
1003.5 7 26
1003.5 8 13
1003.5 9 26
1003.5 10 6
1003.5 11 6
1003.5 12 27
1003.5 13 27
1003.5 14 1
1003.5 15 21
1003.5 16 22
1003.5 17 1
1003.5 18 1
1003.5 19 8
1003.5 20 4
1003.5 21 14
1003.5 22 3
1003.5 23 3
1003.5 24 21
1003.5 25 1
1003.5 26 17
1003.5 27 6
1003.5 28 12
1003.5 29 3
