30 30 4 87

0.3 0 5
0.3 0 7
0.3 0 11
0.3 0 15
0.3 0 21
0.3 0 24
0.3 1 2
0.3 1 4
0.3 1 5
0.3 1 7
0.3 1 8
0.3 1 10
0.3 1 12
0.3 1 20
0.3 1 21
0.3 1 29
0.3 2 3
0.3 2 5
0.3 2 9
0.3 2 10
0.3 2 15
0.3 2 29
0.3 3 13
0.3 3 16
0.3 3 22
0.3 3 26
0.3 4 14
0.3 4 18
0.3 4 19
0.3 4 24
0.3 4 28
0.3 5 6
0.3 5 11
0.3 5 15
0.3 5 18
0.3 5 22
0.3 6 8
0.3 6 13
0.3 6 23
0.3 7 15
0.3 7 23
0.3 7 25
0.3 7 27
0.3 7 29
0.3 8 17
0.3 8 20
0.3 8 23
0.3 8 29
0.3 9 14
0.3 10 14
0.3 10 18
0.3 10 21
0.3 10 24
0.3 10 25
0.3 10 27
0.3 11 22
0.3 11 24
0.3 12 22
0.3 13 24
0.3 13 29
0.3 14 20
0.3 14 26
0.3 14 29
0.3 15 19
0.3 15 20
0.3 15 21
0.3 15 23
0.3 15 29
0.3 16 19
0.3 16 25
0.3 16 26
0.3 16 28
0.3 17 19
0.3 17 20
0.3 17 24
0.3 18 20
0.3 19 22
0.3 19 24
0.3 19 25
0.3 20 23
0.3 20 29
0.3 21 29
0.3 22 25
0.3 22 29
0.3 24 29
0.3 26 27
0.3 27 28

0 488 104 451 495 280 90 238 150 143 472 182 144 341 376 354 125 159 95 220 383 349 405 92 371 320 172 55 171 477 
488 0 284 110 295 413 186 171 424 289 467 451 301 336 398 241 422 418 392 129 85 427 188 222 304 301 80 286 56 100 
104 284 0 347 468 241 390 480 100 332 429 450 391 406 492 232 149 172 249 89 181 333 206 269 57 466 79 170 359 287 
451 110 347 0 484 474 264 301 137 110 117 362 182 323 433 322 230 432 334 191 342 221 191 279 265 478 435 442 276 354 
495 295 468 484 0 292 141 348 478 479 438 308 361 370 105 81 170 205 384 118 450 67 252 240 70 342 66 51 268 106 
280 413 241 474 292 0 261 229 90 319 276 129 369 287 387 67 288 396 219 124 108 322 59 271 274 109 252 500 351 352 
90 186 390 264 141 261 0 473 294 474 84 412 207 426 283 227 285 365 110 111 477 436 253 233 232 471 461 472 152 129 
238 171 480 301 348 229 473 0 87 427 175 395 90 140 356 110 263 472 438 84 60 358 146 353 265 212 73 287 209 80 
150 424 100 137 478 90 294 87 0 292 153 106 295 419 277 387 70 283 172 455 351 144 180 264 316 119 217 190 352 203 
143 289 332 110 479 319 474 427 292 0 64 208 206 133 171 220 348 85 252 306 286 290 105 138 404 478 438 488 151 439 
472 467 429 117 438 276 84 175 153 64 0 396 61 297 424 242 247 213 415 481 451 367 201 247 484 427 365 489 180 447 
182 451 450 362 308 129 412 395 106 208 396 0 469 280 353 478 192 467 428 166 319 478 313 420 302 139 483 150 139 261 
144 301 391 182 361 369 207 90 295 206 61 469 0 391 329 139 478 381 185 385 212 81 388 486 144 252 165 60 498 296 
341 336 406 323 370 287 426 140 419 133 297 280 391 0 464 81 306 245 355 283 287 254 128 205 254 158 76 412 374 126 
376 398 492 433 105 387 283 356 277 171 424 353 329 464 0 274 227 240 86 265 114 319 330 185 241 354 101 294 127 350 
354 241 232 322 81 67 227 110 387 220 242 478 139 81 274 0 441 456 309 341 354 237 210 238 203 274 142 376 354 294 
125 422 149 230 170 288 285 263 70 348 247 192 478 306 227 441 0 373 234 323 355 312 271 57 225 269 453 394 141 207 
159 418 172 432 205 396 365 472 283 85 213 467 381 245 240 456 373 0 468 148 188 51 395 315 85 94 397 409 246 184 
95 392 249 334 384 219 110 438 172 252 415 428 185 355 86 309 234 468 0 59 415 248 60 500 401 282 100 158 148 354 
220 129 89 191 118 124 111 84 455 306 481 166 385 283 265 341 323 148 59 0 146 163 60 208 144 363 318 201 467 298 
383 85 181 342 450 108 477 60 351 286 451 319 212 287 114 354 355 188 415 146 0 494 468 334 71 54 458 258 139 136 
349 427 333 221 67 322 436 358 144 290 367 478 81 254 319 237 312 51 248 163 494 0 244 388 312 474 81 111 263 208 
405 188 206 191 252 59 253 146 180 105 201 313 388 128 330 210 271 395 60 60 468 244 0 287 487 65 86 98 331 471 
92 222 269 279 240 271 233 353 264 138 247 420 486 205 185 238 57 315 500 208 334 388 287 0 466 229 51 64 291 432 
371 304 57 265 70 274 232 265 316 404 484 302 144 254 241 203 225 85 401 144 71 312 487 466 0 58 313 135 227 422 
320 301 466 478 342 109 471 212 119 478 427 139 252 158 354 274 269 94 282 363 54 474 65 229 58 0 399 55 392 301 
172 80 79 435 66 252 461 73 217 438 365 483 165 76 101 142 453 397 100 318 458 81 86 51 313 399 0 95 95 222 
55 286 170 442 51 500 472 287 190 488 489 150 60 412 294 376 394 409 158 201 258 111 98 64 135 55 95 0 242 148 
171 56 359 276 268 351 152 209 352 151 180 139 498 374 127 354 141 246 148 467 139 263 331 291 227 392 95 242 0 400 
477 100 287 354 106 352 129 80 203 439 447 261 296 126 350 294 207 184 354 298 136 208 471 432 422 301 222 148 400 0 

634.59 0 20
634.59 1 28
634.59 2 11
634.59 3 17
634.59 4 21
634.59 5 13
634.59 6 10
634.59 7 8
634.59 8 4
634.59 9 7
634.59 10 19
634.59 11 3
634.59 12 28
634.59 13 25
634.59 14 1
634.59 15 2
634.59 16 12
634.59 17 25
634.59 18 10
634.59 19 14
634.59 20 10
634.59 21 22
634.59 22 1
634.59 23 17
634.59 24 0
634.59 25 8
634.59 26 1
634.59 27 10
634.59 28 21
634.59 29 19
