20 20 4 38

0.4 0 3
0.4 0 5
0.4 0 6
0.4 0 7
0.4 0 15
0.4 0 17
0.4 0 19
0.4 1 2
0.4 1 6
0.4 1 10
0.4 1 15
0.4 2 4
0.4 2 8
0.4 2 16
0.4 3 17
0.4 3 19
0.4 4 8
0.4 4 10
0.4 4 18
0.4 5 8
0.4 5 11
0.4 5 19
0.4 6 9
0.4 7 12
0.4 7 14
0.4 8 12
0.4 8 19
0.4 9 10
0.4 9 12
0.4 9 13
0.4 9 16
0.4 10 16
0.4 11 13
0.4 12 15
0.4 13 15
0.4 13 17
0.4 16 19
0.4 17 19

0 456 306 364 176 426 115 405 316 57 261 73 227 343 139 123 352 244 254 137 
456 0 118 230 108 439 496 214 187 467 82 321 212 128 196 488 310 406 332 127 
306 118 0 250 358 247 365 61 483 437 450 62 164 334 406 468 361 185 458 349 
364 230 250 0 97 179 455 218 271 365 125 173 371 82 438 213 498 164 466 147 
176 108 358 97 0 251 84 210 443 63 244 136 283 395 107 330 216 235 142 174 
426 439 247 179 251 0 485 235 100 119 484 199 385 189 103 303 55 438 189 315 
115 496 365 455 84 485 0 150 134 59 109 155 440 437 372 254 104 368 342 405 
405 214 61 218 210 235 150 0 379 468 148 357 293 222 477 362 476 303 380 52 
316 187 483 271 443 100 134 379 0 248 404 349 352 212 425 404 377 341 296 298 
57 467 437 365 63 119 59 468 248 0 328 205 394 257 242 393 287 467 373 386 
261 82 450 125 244 484 109 148 404 328 0 198 53 234 259 54 156 308 132 396 
73 321 62 173 136 199 155 357 349 205 198 0 140 335 65 125 325 172 417 132 
227 212 164 371 283 385 440 293 352 394 53 140 0 343 388 311 253 277 291 177 
343 128 334 82 395 189 437 222 212 257 234 335 343 0 258 261 171 275 299 357 
139 196 406 438 107 103 372 477 425 242 259 65 388 258 0 65 419 394 161 414 
123 488 468 213 330 303 254 362 404 393 54 125 311 261 65 0 461 128 196 134 
352 310 361 498 216 55 104 476 377 287 156 325 253 171 419 461 0 85 434 322 
244 406 185 164 235 438 368 303 341 467 308 172 277 275 394 128 85 0 482 55 
254 332 458 466 142 189 342 380 296 373 132 417 291 299 161 196 434 482 0 274 
137 127 349 147 174 315 405 52 298 386 396 132 177 357 414 134 322 55 274 0 

676 0 13
676 1 18
676 2 17
676 3 15
676 4 11
676 5 8
676 6 8
676 7 15
676 8 5
676 9 1
676 10 0
676 11 10
676 12 8
676 13 11
676 14 18
676 15 17
676 16 8
676 17 16
676 18 4
676 19 18
