10 10 3 4

0.2 0 7
0.2 1 2
0.2 4 5
0.2 4 8

0 411 157 499 429 87 78 88 125 269 
411 0 382 86 329 347 226 359 256 412 
157 382 0 123 232 343 301 241 107 435 
499 86 123 0 236 254 412 230 486 451 
429 329 232 236 0 61 176 404 364 354 
87 347 343 254 61 0 186 221 439 228 
78 226 301 412 176 186 0 123 484 298 
88 359 241 230 404 221 123 0 156 197 
125 256 107 486 364 439 484 156 0 432 
269 412 435 451 354 228 298 197 432 0 

238 0 3
238 1 7
238 2 6
238 3 7
238 4 3
238 5 8
238 6 4
238 7 1
238 8 3
238 9 3
