10 10 3 4

0.2 0 3
0.2 3 7
0.2 3 8
0.2 4 5

0 111 252 391 448 258 68 331 238 346 
111 0 120 83 68 52 230 308 212 343 
252 120 0 327 397 361 372 374 242 430 
391 83 327 0 142 376 316 147 55 449 
448 68 397 142 0 193 377 151 171 192 
258 52 361 376 193 0 59 364 313 187 
68 230 372 316 377 59 0 99 396 451 
331 308 374 147 151 364 99 0 411 259 
238 212 242 55 171 313 396 411 0 270 
346 343 430 449 192 187 451 259 270 0 

197.75 0 3
197.75 1 6
197.75 2 7
197.75 3 5
197.75 4 3
197.75 5 2
197.75 6 4
197.75 7 4
197.75 8 4
197.75 9 6
