30 30 3 43

0.4 0 10
0.4 0 27
0.4 0 29
0.4 1 8
0.4 1 21
0.4 2 15
0.4 2 21
0.4 2 29
0.4 3 10
0.4 3 17
0.4 3 22
0.4 3 23
0.4 3 24
0.4 4 21
0.4 5 6
0.4 5 8
0.4 5 16
0.4 5 18
0.4 5 20
0.4 5 22
0.4 5 23
0.4 5 27
0.4 8 11
0.4 9 14
0.4 9 15
0.4 9 23
0.4 9 27
0.4 9 29
0.4 10 27
0.4 11 17
0.4 11 19
0.4 11 20
0.4 14 18
0.4 14 20
0.4 17 25
0.4 18 23
0.4 18 25
0.4 20 22
0.4 20 26
0.4 20 28
0.4 21 29
0.4 22 24
0.4 25 28

0 136 341 86 176 368 274 436 253 273 371 107 465 132 259 471 403 86 345 311 423 124 288 82 148 182 397 52 166 411 
136 0 465 452 444 340 229 227 131 258 336 52 113 431 143 370 158 158 364 80 73 162 131 102 491 177 315 111 247 254 
341 465 0 438 446 312 280 496 371 279 279 214 348 442 103 312 186 206 225 300 318 180 274 457 492 283 182 171 308 452 
86 452 438 0 337 491 233 190 96 218 151 222 450 146 144 187 496 430 88 100 276 358 328 397 399 193 345 331 186 76 
176 444 446 337 0 400 78 105 178 301 275 256 489 265 228 208 418 317 293 104 400 465 132 232 176 222 242 423 456 208 
368 340 312 491 400 0 477 178 335 354 308 295 356 359 193 242 487 154 285 451 389 226 203 245 278 152 490 275 126 467 
274 229 280 233 78 477 0 165 132 265 127 93 303 93 108 128 430 57 339 188 162 419 422 381 210 132 477 352 308 212 
436 227 496 190 105 178 165 0 129 112 417 302 253 94 291 60 110 83 220 336 170 492 290 75 456 320 370 311 287 163 
253 131 371 96 178 335 132 129 0 100 241 179 418 416 247 213 94 318 299 417 252 65 271 346 310 142 272 119 255 299 
273 258 279 218 301 354 265 112 100 0 330 134 353 96 57 437 221 201 147 338 156 272 352 168 470 330 170 94 289 226 
371 336 279 151 275 308 127 417 241 330 0 384 123 465 279 104 307 137 377 495 303 60 364 157 413 219 91 300 345 156 
107 52 214 222 256 295 93 302 179 134 384 0 461 344 102 257 309 281 365 284 495 194 139 326 413 475 130 302 273 260 
465 113 348 450 489 356 303 253 418 353 123 461 0 302 67 108 450 259 179 146 173 51 482 202 408 107 459 414 358 465 
132 431 442 146 265 359 93 94 416 96 465 344 302 0 482 150 116 444 64 95 334 84 428 446 364 135 118 278 389 452 
259 143 103 144 228 193 108 291 247 57 279 102 67 482 0 221 82 209 157 354 50 421 103 480 294 431 430 422 279 483 
471 370 312 187 208 242 128 60 213 437 104 257 108 150 221 0 188 368 495 77 223 158 414 124 433 124 495 211 159 322 
403 158 186 496 418 487 430 110 94 221 307 309 450 116 82 188 0 308 427 133 144 179 102 235 210 311 494 115 58 340 
86 158 206 430 317 154 57 83 318 201 137 281 259 444 209 368 308 0 86 354 452 289 94 457 168 99 404 136 57 262 
345 364 225 88 293 285 339 220 299 147 377 365 179 64 157 495 427 86 0 69 117 485 186 182 89 487 308 486 288 188 
311 80 300 100 104 451 188 336 417 338 495 284 146 95 354 77 133 354 69 0 430 137 80 305 486 218 335 251 220 105 
423 73 318 276 400 389 162 170 252 156 303 495 173 334 50 223 144 452 117 430 0 151 312 95 321 413 90 337 329 476 
124 162 180 358 465 226 419 492 65 272 60 194 51 84 421 158 179 289 485 137 151 0 330 370 241 487 382 479 130 182 
288 131 274 328 132 203 422 290 271 352 364 139 482 428 103 414 102 94 186 80 312 330 0 439 221 151 146 361 412 482 
82 102 457 397 232 245 381 75 346 168 157 326 202 446 480 124 235 457 182 305 95 370 439 0 151 122 139 145 286 60 
148 491 492 399 176 278 210 456 310 470 413 413 408 364 294 433 210 168 89 486 321 241 221 151 0 155 125 314 418 469 
182 177 283 193 222 152 132 320 142 330 219 475 107 135 431 124 311 99 487 218 413 487 151 122 155 0 314 158 391 393 
397 315 182 345 242 490 477 370 272 170 91 130 459 118 430 495 494 404 308 335 90 382 146 139 125 314 0 233 146 296 
52 111 171 331 423 275 352 311 119 94 300 302 414 278 422 211 115 136 486 251 337 479 361 145 314 158 233 0 269 386 
166 247 308 186 456 126 308 287 255 289 345 273 358 389 279 159 58 57 288 220 329 130 412 286 418 391 146 269 0 283 
411 254 452 76 208 467 212 163 299 226 156 260 465 452 483 322 340 262 188 105 476 182 482 60 469 393 296 386 283 0 

1044.5 0 8
1044.5 1 10
1044.5 2 8
1044.5 3 20
1044.5 4 25
1044.5 5 23
1044.5 6 15
1044.5 7 10
1044.5 8 20
1044.5 9 27
1044.5 10 28
1044.5 11 27
1044.5 12 4
1044.5 13 10
1044.5 14 19
1044.5 15 6
1044.5 16 11
1044.5 17 3
1044.5 18 4
1044.5 19 4
1044.5 20 21
1044.5 21 10
1044.5 22 23
1044.5 23 20
1044.5 24 3
1044.5 25 28
1044.5 26 20
1044.5 27 20
1044.5 28 27
1044.5 29 1
