50 50 4 245

0.4 0 5
0.4 0 6
0.4 0 7
0.4 0 9
0.4 0 14
0.4 0 17
0.4 0 28
0.4 0 41
0.4 0 44
0.4 0 48
0.4 1 6
0.4 1 12
0.4 1 22
0.4 1 29
0.4 1 32
0.4 1 33
0.4 1 49
0.4 2 4
0.4 2 10
0.4 2 11
0.4 2 17
0.4 2 22
0.4 2 25
0.4 2 27
0.4 2 31
0.4 2 42
0.4 2 47
0.4 2 48
0.4 3 5
0.4 3 13
0.4 3 16
0.4 3 18
0.4 3 23
0.4 3 30
0.4 3 34
0.4 3 35
0.4 3 36
0.4 4 6
0.4 4 15
0.4 4 21
0.4 4 24
0.4 4 27
0.4 4 30
0.4 4 35
0.4 4 48
0.4 5 9
0.4 5 15
0.4 5 21
0.4 5 31
0.4 5 33
0.4 5 47
0.4 6 7
0.4 6 9
0.4 6 15
0.4 6 20
0.4 6 23
0.4 6 26
0.4 6 31
0.4 6 32
0.4 6 33
0.4 6 34
0.4 6 39
0.4 6 40
0.4 6 42
0.4 6 46
0.4 7 9
0.4 7 11
0.4 7 12
0.4 7 14
0.4 7 24
0.4 7 26
0.4 7 34
0.4 7 37
0.4 7 41
0.4 7 45
0.4 8 9
0.4 8 20
0.4 8 27
0.4 8 32
0.4 8 33
0.4 8 34
0.4 8 39
0.4 8 49
0.4 9 10
0.4 9 11
0.4 9 12
0.4 9 15
0.4 9 17
0.4 9 20
0.4 9 23
0.4 9 37
0.4 9 38
0.4 9 40
0.4 9 45
0.4 9 49
0.4 10 22
0.4 10 24
0.4 10 31
0.4 10 32
0.4 10 34
0.4 10 37
0.4 11 12
0.4 11 15
0.4 11 17
0.4 11 21
0.4 11 26
0.4 11 29
0.4 11 36
0.4 11 40
0.4 11 46
0.4 11 49
0.4 12 14
0.4 12 15
0.4 12 18
0.4 12 19
0.4 12 23
0.4 12 28
0.4 12 32
0.4 12 45
0.4 12 47
0.4 13 16
0.4 13 27
0.4 13 29
0.4 13 32
0.4 13 35
0.4 13 41
0.4 13 45
0.4 14 17
0.4 14 20
0.4 14 24
0.4 14 27
0.4 14 34
0.4 14 42
0.4 14 45
0.4 15 22
0.4 15 28
0.4 15 30
0.4 15 34
0.4 15 39
0.4 15 49
0.4 16 19
0.4 16 28
0.4 16 32
0.4 16 33
0.4 16 36
0.4 16 37
0.4 16 45
0.4 16 49
0.4 17 21
0.4 17 22
0.4 17 26
0.4 17 28
0.4 17 29
0.4 17 30
0.4 17 34
0.4 17 38
0.4 18 19
0.4 18 32
0.4 18 36
0.4 18 37
0.4 18 39
0.4 18 46
0.4 18 49
0.4 19 20
0.4 19 22
0.4 19 27
0.4 19 29
0.4 19 37
0.4 19 38
0.4 19 40
0.4 19 45
0.4 19 47
0.4 20 24
0.4 20 30
0.4 20 33
0.4 20 34
0.4 20 35
0.4 20 44
0.4 21 22
0.4 21 25
0.4 21 31
0.4 21 34
0.4 21 41
0.4 21 44
0.4 22 26
0.4 22 29
0.4 22 31
0.4 22 33
0.4 23 24
0.4 23 27
0.4 23 31
0.4 23 36
0.4 23 40
0.4 23 42
0.4 23 43
0.4 23 47
0.4 24 25
0.4 24 48
0.4 25 34
0.4 25 36
0.4 25 38
0.4 25 49
0.4 26 43
0.4 27 39
0.4 27 40
0.4 27 45
0.4 28 31
0.4 28 40
0.4 28 41
0.4 29 36
0.4 29 40
0.4 29 41
0.4 29 47
0.4 30 34
0.4 30 36
0.4 30 45
0.4 31 44
0.4 32 33
0.4 32 42
0.4 32 44
0.4 32 46
0.4 33 35
0.4 33 45
0.4 33 49
0.4 34 43
0.4 34 47
0.4 35 36
0.4 35 43
0.4 35 45
0.4 36 38
0.4 37 42
0.4 38 42
0.4 39 44
0.4 39 47
0.4 39 48
0.4 40 43
0.4 40 46
0.4 41 43
0.4 41 44
0.4 42 45
0.4 42 48
0.4 43 45
0.4 43 47
0.4 44 46
0.4 45 48

0 326 491 345 233 162 89 499 321 354 171 202 386 102 387 357 487 264 396 446 91 351 377 87 99 471 116 428 348 423 342 345 107 336 367 358 215 156 332 424 287 241 400 177 449 129 487 433 378 405 
326 0 74 160 79 252 472 491 392 138 71 353 371 225 191 233 128 200 425 279 92 131 176 265 302 245 172 98 193 334 296 428 69 454 291 362 346 170 204 86 359 54 198 441 298 415 97 423 307 237 
491 74 0 195 144 496 53 452 429 278 78 450 263 169 122 500 429 425 64 71 65 359 479 305 312 99 124 87 102 369 252 111 240 149 77 443 122 385 172 297 184 223 307 348 413 66 214 449 106 89 
345 160 195 0 193 499 187 83 147 448 174 186 371 159 73 111 385 325 103 444 227 197 271 315 424 451 140 122 375 477 383 96 154 371 64 372 152 138 487 287 350 494 315 465 128 173 211 419 395 294 
233 79 144 193 0 265 78 100 383 281 415 174 75 228 415 285 200 192 431 206 204 394 226 350 309 103 113 396 120 477 165 310 329 333 485 325 464 129 135 164 297 57 127 426 476 238 273 106 314 76 
162 252 496 499 265 0 417 496 453 146 106 98 251 82 454 431 452 111 375 252 79 470 171 452 481 198 428 360 150 421 229 433 172 441 413 488 314 154 328 466 65 433 164 484 96 200 317 76 427 196 
89 472 53 187 78 417 0 485 198 199 297 114 223 412 409 231 55 262 377 248 331 212 76 284 132 162 110 245 169 352 115 275 135 243 64 385 408 264 452 416 214 131 373 265 211 216 228 74 242 434 
499 491 452 83 100 496 485 0 249 276 413 478 224 182 493 150 153 292 184 337 241 427 478 411 248 359 308 227 193 304 292 131 166 386 257 231 357 83 433 312 189 381 408 315 416 348 290 153 348 315 
321 392 429 147 383 453 198 249 0 351 96 187 477 441 424 159 117 427 157 99 63 184 60 194 274 450 233 207 252 277 287 225 347 50 95 167 276 437 319 481 228 335 429 357 360 171 87 197 202 125 
354 138 278 448 281 146 199 276 351 0 455 67 74 265 486 470 498 231 430 241 341 119 376 160 347 424 267 64 479 227 125 268 354 273 306 242 253 449 112 186 321 202 136 476 151 222 303 109 172 405 
171 71 78 174 415 106 297 413 96 455 0 175 101 339 67 62 76 304 162 59 409 335 84 86 53 490 117 361 144 203 69 207 323 183 407 306 269 224 364 266 467 358 68 264 375 463 307 443 215 246 
202 353 450 186 174 98 114 478 187 67 175 0 255 127 174 498 102 425 64 140 322 433 348 173 89 466 381 474 185 480 464 244 90 292 424 394 175 206 128 113 472 372 153 177 363 413 340 288 417 262 
386 371 263 371 75 251 223 224 477 74 101 255 0 145 209 410 271 141 153 106 493 161 441 137 403 160 379 322 185 205 485 231 291 444 151 462 455 259 462 231 303 265 86 332 270 163 88 281 431 377 
102 225 169 159 228 82 412 182 441 265 339 127 145 0 448 277 200 287 87 161 394 106 232 262 211 328 182 94 158 53 499 191 221 378 369 345 126 348 423 175 297 416 281 301 222 361 220 436 294 477 
387 191 122 73 415 454 409 493 424 486 67 174 209 448 0 336 468 467 278 64 343 366 241 294 323 213 87 241 497 164 168 449 245 138 276 413 479 285 441 158 52 223 337 159 184 332 50 499 377 483 
357 233 500 111 285 431 231 150 159 470 62 498 410 277 336 0 426 334 304 327 436 71 410 371 69 385 302 145 159 341 488 106 347 256 270 193 435 161 65 393 138 358 278 423 194 464 105 206 378 154 
487 128 429 385 200 452 55 153 117 498 76 102 271 200 468 426 0 365 218 215 306 135 150 239 355 382 171 181 186 368 369 386 106 146 89 496 270 224 271 213 374 108 430 472 338 255 212 171 258 314 
264 200 425 325 192 111 262 292 427 231 304 425 141 287 467 334 365 0 309 201 302 196 168 60 189 423 52 119 297 367 215 73 269 169 313 150 311 309 248 401 196 331 94 183 324 469 253 63 492 147 
396 425 64 103 431 375 377 184 157 430 162 64 153 87 278 304 218 309 0 408 390 469 301 453 106 180 169 277 350 206 111 478 325 221 476 353 174 400 376 328 364 107 390 133 428 226 487 258 487 196 
446 279 71 444 206 252 248 337 99 241 59 140 106 161 64 327 215 201 408 0 142 355 219 481 234 491 206 218 281 260 443 447 259 87 444 481 129 109 339 86 270 57 373 234 337 397 427 67 278 283 
91 92 65 227 204 79 331 241 63 341 409 322 493 394 343 436 306 302 390 142 0 487 209 359 277 133 422 128 428 370 371 466 441 499 238 438 195 363 409 275 87 161 261 107 404 67 128 301 182 455 
351 131 359 197 394 470 212 427 184 119 335 433 161 106 366 71 135 196 469 355 487 0 440 393 74 453 260 155 175 55 321 349 380 405 454 126 377 348 95 330 357 225 242 234 265 310 155 370 133 84 
377 176 479 271 226 171 76 478 60 376 84 348 441 232 241 410 150 168 301 219 209 440 0 212 234 60 87 427 57 491 312 268 233 218 279 483 74 141 456 81 108 243 321 459 300 63 97 141 401 198 
87 265 305 315 350 452 284 411 194 160 86 173 137 262 294 371 239 60 453 481 359 393 212 0 147 439 345 247 353 54 132 485 425 479 337 360 82 101 332 336 144 56 150 53 165 369 170 328 434 191 
99 302 312 424 309 481 132 248 274 347 53 89 403 211 323 69 355 189 106 234 277 74 234 147 0 348 390 311 253 180 311 187 273 129 274 385 179 361 86 371 143 478 87 169 292 311 329 69 289 345 
471 245 99 451 103 198 162 359 450 424 490 466 160 328 213 385 382 423 180 491 133 453 60 439 348 0 77 349 162 254 316 285 225 149 52 253 348 118 435 438 193 242 276 348 234 303 132 431 223 235 
116 172 124 140 113 428 110 308 233 267 117 381 379 182 87 302 171 52 169 206 422 260 87 345 390 77 0 457 486 357 470 300 432 114 216 239 449 211 374 276 402 199 385 322 398 286 385 368 472 63 
428 98 87 122 396 360 245 227 207 64 361 474 322 94 241 145 181 119 277 218 128 155 427 247 311 349 457 0 206 140 272 363 136 66 101 387 82 219 168 397 494 51 221 217 420 414 222 265 225 155 
348 193 102 375 120 150 169 193 252 479 144 185 185 158 497 159 186 297 350 281 428 175 57 353 253 162 486 206 0 123 379 56 231 172 270 96 238 411 52 184 243 406 318 165 351 210 287 308 186 356 
423 334 369 477 477 421 352 304 277 227 203 480 205 53 164 341 368 367 206 260 370 55 491 54 180 254 357 140 123 0 109 386 317 328 380 323 307 216 496 494 124 237 454 433 188 310 261 128 265 264 
342 296 252 383 165 229 115 292 287 125 69 464 485 499 168 488 369 215 111 443 371 321 312 132 311 316 470 272 379 109 0 178 264 61 296 210 270 492 111 131 412 460 262 284 430 493 425 461 74 417 
345 428 111 96 310 433 275 131 225 268 207 244 231 191 449 106 386 73 478 447 466 349 268 485 187 285 300 363 56 386 178 0 496 214 137 404 404 273 334 107 236 146 425 293 56 497 480 241 64 467 
107 69 240 154 329 172 135 166 347 354 323 90 291 221 245 347 106 269 325 259 441 380 233 425 273 225 432 136 231 317 264 496 0 489 378 184 152 336 406 79 189 448 151 130 436 225 308 258 278 451 
336 454 149 371 333 441 243 386 50 273 183 292 444 378 138 256 146 169 221 87 499 405 218 479 129 149 114 66 172 328 61 214 489 0 323 359 343 376 233 135 302 390 68 338 99 58 346 409 337 212 
367 291 77 64 485 413 64 257 95 306 407 424 151 369 276 270 89 313 476 444 238 454 279 337 274 52 216 101 270 380 296 137 378 323 0 482 55 362 76 100 293 346 239 464 134 169 190 159 165 260 
358 362 443 372 325 488 385 231 167 242 306 394 462 345 413 193 496 150 353 481 438 126 483 360 385 253 239 387 96 323 210 404 184 359 482 0 322 171 491 401 192 456 228 55 167 169 81 314 91 477 
215 346 122 152 464 314 408 357 276 253 269 175 455 126 479 435 270 311 174 129 195 377 74 82 179 348 449 82 238 307 270 404 152 343 55 322 0 236 268 100 74 78 390 321 352 415 162 191 263 359 
156 170 385 138 129 154 264 83 437 449 224 206 259 348 285 161 224 309 400 109 363 348 141 101 361 118 211 219 411 216 492 273 336 376 362 171 236 0 479 223 213 183 319 228 295 92 124 390 358 400 
332 204 172 487 135 328 452 433 319 112 364 128 462 423 441 65 271 248 376 339 409 95 456 332 86 435 374 168 52 496 111 334 406 233 76 491 268 479 0 419 332 92 342 76 83 468 77 173 389 498 
424 86 297 287 164 466 416 312 481 186 266 113 231 175 158 393 213 401 328 86 275 330 81 336 371 438 276 397 184 494 131 107 79 135 100 401 100 223 419 0 252 119 318 177 211 85 199 94 415 190 
287 359 184 350 297 65 214 189 228 321 467 472 303 297 52 138 374 196 364 270 87 357 108 144 143 193 402 494 243 124 412 236 189 302 293 192 74 213 332 252 0 335 405 411 396 264 133 450 480 61 
241 54 223 494 57 433 131 381 335 202 358 372 265 416 223 358 108 331 107 57 161 225 243 56 478 242 199 51 406 237 460 146 448 390 346 456 78 183 92 119 335 0 116 290 408 186 334 322 104 243 
400 198 307 315 127 164 373 408 429 136 68 153 86 281 337 278 430 94 390 373 261 242 321 150 87 276 385 221 318 454 262 425 151 68 239 228 390 319 342 318 405 116 0 304 74 204 490 332 331 402 
177 441 348 465 426 484 265 315 357 476 264 177 332 301 159 423 472 183 133 234 107 234 459 53 169 348 322 217 165 433 284 293 130 338 464 55 321 228 76 177 411 290 304 0 373 377 171 437 166 388 
449 298 413 128 476 96 211 416 360 151 375 363 270 222 184 194 338 324 428 337 404 265 300 165 292 234 398 420 351 188 430 56 436 99 134 167 352 295 83 211 396 408 74 373 0 253 261 257 104 220 
129 415 66 173 238 200 216 348 171 222 463 413 163 361 332 464 255 469 226 397 67 310 63 369 311 303 286 414 210 310 493 497 225 58 169 169 415 92 468 85 264 186 204 377 253 0 246 87 414 384 
487 97 214 211 273 317 228 290 87 303 307 340 88 220 50 105 212 253 487 427 128 155 97 170 329 132 385 222 287 261 425 480 308 346 190 81 162 124 77 199 133 334 490 171 261 246 0 349 494 248 
433 423 449 419 106 76 74 153 197 109 443 288 281 436 499 206 171 63 258 67 301 370 141 328 69 431 368 265 308 128 461 241 258 409 159 314 191 390 173 94 450 322 332 437 257 87 349 0 312 484 
378 307 106 395 314 427 242 348 202 172 215 417 431 294 377 378 258 492 487 278 182 133 401 434 289 223 472 225 186 265 74 64 278 337 165 91 263 358 389 415 480 104 331 166 104 414 494 312 0 482 
405 237 89 294 76 196 434 315 125 405 246 262 377 477 483 154 314 147 196 283 455 84 198 191 345 235 63 155 356 264 417 467 451 212 260 477 359 400 498 190 61 243 402 388 220 384 248 484 482 0 

1482.5 0 5
1482.5 1 30
1482.5 2 33
1482.5 3 25
1482.5 4 32
1482.5 5 48
1482.5 6 45
1482.5 7 0
1482.5 8 20
1482.5 9 32
1482.5 10 30
1482.5 11 44
1482.5 12 17
1482.5 13 15
1482.5 14 48
1482.5 15 48
1482.5 16 31
1482.5 17 18
1482.5 18 5
1482.5 19 41
1482.5 20 31
1482.5 21 45
1482.5 22 38
1482.5 23 22
1482.5 24 29
1482.5 25 35
1482.5 26 35
1482.5 27 47
1482.5 28 39
1482.5 29 32
1482.5 30 0
1482.5 31 0
1482.5 32 14
1482.5 33 34
1482.5 34 30
1482.5 35 46
1482.5 36 38
1482.5 37 27
1482.5 38 2
1482.5 39 9
1482.5 40 10
1482.5 41 37
1482.5 42 4
1482.5 43 32
1482.5 44 4
1482.5 45 8
1482.5 46 36
1482.5 47 35
1482.5 48 26
1482.5 49 41
