50 50 4 245

0.3 0 1
0.3 0 2
0.3 0 5
0.3 0 6
0.3 0 7
0.3 0 9
0.3 0 15
0.3 0 16
0.3 0 21
0.3 0 22
0.3 0 32
0.3 0 33
0.3 0 35
0.3 0 40
0.3 1 6
0.3 1 10
0.3 1 12
0.3 1 20
0.3 1 25
0.3 1 32
0.3 1 37
0.3 1 38
0.3 1 45
0.3 1 46
0.3 2 5
0.3 2 6
0.3 2 9
0.3 2 11
0.3 2 15
0.3 2 16
0.3 2 20
0.3 2 25
0.3 2 28
0.3 2 32
0.3 2 34
0.3 2 39
0.3 2 46
0.3 3 13
0.3 3 18
0.3 3 21
0.3 3 29
0.3 3 34
0.3 3 47
0.3 4 6
0.3 4 15
0.3 4 16
0.3 4 18
0.3 4 25
0.3 4 28
0.3 4 32
0.3 4 38
0.3 4 40
0.3 5 17
0.3 5 20
0.3 5 23
0.3 5 24
0.3 5 30
0.3 5 45
0.3 5 47
0.3 5 48
0.3 6 7
0.3 6 12
0.3 6 20
0.3 6 30
0.3 6 35
0.3 7 11
0.3 7 12
0.3 7 19
0.3 7 20
0.3 7 26
0.3 7 27
0.3 7 32
0.3 7 41
0.3 8 18
0.3 8 23
0.3 8 25
0.3 8 29
0.3 8 30
0.3 8 39
0.3 8 41
0.3 8 43
0.3 9 13
0.3 9 17
0.3 9 20
0.3 9 31
0.3 9 40
0.3 9 41
0.3 9 42
0.3 9 45
0.3 10 11
0.3 10 14
0.3 10 22
0.3 10 26
0.3 10 27
0.3 10 33
0.3 10 34
0.3 10 37
0.3 10 41
0.3 11 12
0.3 11 13
0.3 11 14
0.3 11 24
0.3 11 32
0.3 11 47
0.3 12 15
0.3 12 25
0.3 12 42
0.3 13 19
0.3 13 24
0.3 13 25
0.3 13 32
0.3 13 35
0.3 13 36
0.3 13 37
0.3 13 38
0.3 14 15
0.3 14 24
0.3 14 32
0.3 14 38
0.3 14 41
0.3 14 45
0.3 14 49
0.3 15 35
0.3 15 40
0.3 15 42
0.3 16 29
0.3 16 30
0.3 16 36
0.3 16 39
0.3 16 40
0.3 17 21
0.3 17 22
0.3 17 23
0.3 17 24
0.3 17 28
0.3 17 29
0.3 17 40
0.3 17 43
0.3 17 45
0.3 17 48
0.3 18 20
0.3 18 35
0.3 18 36
0.3 18 37
0.3 18 38
0.3 18 40
0.3 18 47
0.3 19 20
0.3 19 24
0.3 19 27
0.3 19 28
0.3 19 34
0.3 19 41
0.3 19 42
0.3 19 44
0.3 19 46
0.3 20 24
0.3 20 33
0.3 20 37
0.3 20 38
0.3 20 39
0.3 20 42
0.3 20 49
0.3 21 22
0.3 21 24
0.3 21 26
0.3 21 32
0.3 21 37
0.3 21 40
0.3 21 44
0.3 21 47
0.3 22 27
0.3 22 32
0.3 22 44
0.3 22 48
0.3 23 32
0.3 23 34
0.3 23 35
0.3 23 40
0.3 23 42
0.3 23 47
0.3 24 25
0.3 24 30
0.3 24 32
0.3 24 38
0.3 24 41
0.3 24 42
0.3 24 44
0.3 24 46
0.3 25 28
0.3 25 29
0.3 25 42
0.3 25 45
0.3 25 46
0.3 25 47
0.3 26 27
0.3 26 41
0.3 26 43
0.3 26 45
0.3 27 33
0.3 27 36
0.3 27 38
0.3 27 42
0.3 27 43
0.3 28 34
0.3 28 36
0.3 28 42
0.3 28 49
0.3 29 46
0.3 30 31
0.3 30 35
0.3 30 37
0.3 30 39
0.3 30 41
0.3 30 44
0.3 30 46
0.3 31 37
0.3 31 44
0.3 32 42
0.3 32 45
0.3 32 46
0.3 33 37
0.3 33 45
0.3 34 36
0.3 34 39
0.3 34 41
0.3 34 46
0.3 34 47
0.3 34 48
0.3 34 49
0.3 35 37
0.3 35 40
0.3 35 44
0.3 36 38
0.3 36 45
0.3 37 38
0.3 37 39
0.3 37 43
0.3 37 48
0.3 40 47
0.3 40 48
0.3 42 43
0.3 43 49
0.3 44 49
0.3 45 46

0 379 479 87 187 468 352 352 319 389 353 363 162 432 323 283 318 80 464 97 97 83 184 152 314 122 98 110 311 147 327 165 406 409 138 117 464 418 429 338 132 247 269 264 330 495 88 248 71 305 
379 0 178 373 230 423 391 264 387 335 54 309 494 432 81 256 498 225 150 98 180 113 195 293 328 104 222 446 403 289 381 214 168 459 65 136 444 175 497 75 392 65 115 210 315 500 228 58 484 392 
479 178 0 289 139 344 481 70 266 381 162 54 465 198 147 496 171 81 225 306 499 376 413 299 325 242 403 363 383 131 329 422 433 134 89 368 477 73 431 455 260 468 382 492 434 88 381 393 297 325 
87 373 289 0 110 424 215 135 405 234 89 83 494 389 492 55 349 85 125 324 420 147 192 455 70 86 415 193 373 408 322 200 313 476 127 110 350 250 387 433 439 187 498 393 295 345 276 325 340 379 
187 230 139 110 0 490 383 381 365 396 426 127 227 110 430 394 144 325 342 213 483 135 211 121 236 200 265 283 463 398 462 242 117 237 226 318 317 197 426 90 397 273 151 178 133 184 290 299 413 156 
468 423 344 424 490 0 383 149 150 348 251 391 116 181 277 183 162 215 59 292 331 337 228 481 106 204 210 412 328 465 236 139 72 490 483 159 185 57 106 198 383 214 474 399 162 323 315 241 243 158 
352 391 481 215 383 383 0 465 442 156 179 299 341 317 153 203 486 446 304 357 467 273 364 141 315 320 487 121 443 280 220 143 406 210 494 240 297 405 191 341 325 198 170 281 96 253 481 71 87 385 
352 264 70 135 381 149 465 0 445 446 277 238 90 466 179 490 128 70 212 206 371 332 225 56 477 464 319 185 362 117 182 412 479 237 232 179 478 378 419 112 489 147 198 461 196 322 320 448 295 352 
319 387 266 405 365 150 442 445 0 272 222 462 62 494 449 244 473 165 85 69 400 336 107 401 209 239 402 82 110 499 223 272 50 417 85 373 333 404 466 69 450 255 370 355 351 61 413 249 369 479 
389 335 381 234 396 348 156 446 272 0 406 399 112 125 146 335 371 487 373 234 239 485 241 482 314 144 72 92 110 429 287 316 428 300 424 453 72 459 115 361 238 75 250 414 213 320 122 171 491 472 
353 54 162 89 426 251 179 277 222 406 0 180 393 226 113 62 76 83 353 499 254 294 259 201 482 485 225 101 189 429 181 405 140 102 362 241 278 223 145 280 284 336 80 110 423 383 291 479 127 499 
363 309 54 83 127 391 299 238 462 399 180 0 273 76 64 416 118 287 333 113 260 383 378 313 163 181 313 275 452 316 358 159 159 223 57 211 205 420 65 356 227 266 295 375 58 65 127 199 262 500 
162 494 465 494 227 116 341 90 62 112 393 273 0 410 194 84 434 70 341 315 493 371 323 173 385 200 98 117 349 245 422 380 307 179 55 198 230 98 243 298 234 499 164 271 333 118 156 57 100 297 
432 432 198 389 110 181 317 466 494 125 226 76 410 0 153 138 90 378 389 462 302 292 112 118 463 55 189 454 231 325 447 83 173 473 356 68 189 494 201 172 51 71 348 163 55 292 402 406 470 311 
323 81 147 492 430 277 153 179 449 146 113 64 194 153 0 349 262 135 363 420 66 58 219 248 461 157 51 53 53 267 103 105 214 132 131 301 347 203 316 387 491 86 422 232 98 398 281 402 155 90 
283 256 496 55 394 183 203 490 244 335 62 416 84 138 349 0 86 94 272 247 316 353 366 487 391 359 399 293 123 93 453 189 203 495 246 165 346 425 372 386 304 386 469 466 359 219 386 422 115 106 
318 498 171 349 144 162 486 128 473 371 76 118 434 90 262 86 0 375 177 293 221 329 335 500 119 319 173 473 299 55 420 486 365 368 121 208 66 471 70 361 374 173 408 319 350 353 450 372 369 127 
80 225 81 85 325 215 446 70 165 487 83 287 70 378 135 94 375 0 154 261 308 476 50 61 442 345 182 102 213 477 353 475 395 484 140 412 140 344 218 207 91 341 182 473 185 482 393 295 391 422 
464 150 225 125 342 59 304 212 85 373 353 333 341 389 363 272 177 154 0 256 380 430 201 434 91 229 99 432 126 166 459 249 402 59 468 192 114 422 130 89 378 190 333 302 78 356 371 424 198 277 
97 98 306 324 213 292 357 206 69 234 499 113 315 462 420 247 293 261 256 0 378 228 75 465 139 203 385 474 91 60 397 200 65 303 434 165 284 106 438 278 239 374 457 357 409 227 84 319 274 343 
97 180 499 420 483 331 467 371 400 239 254 260 493 302 66 316 221 308 380 378 0 421 294 145 115 63 496 451 185 396 226 127 229 65 160 170 170 300 186 497 305 383 183 238 431 255 142 222 124 96 
83 113 376 147 135 337 273 332 336 485 294 383 371 292 58 353 329 476 430 228 421 0 291 463 366 189 164 311 385 450 225 425 82 156 77 86 478 423 324 267 267 426 393 411 239 80 246 240 265 450 
184 195 413 192 211 228 364 225 107 241 259 378 323 112 219 366 335 50 201 75 294 291 0 283 337 301 410 362 229 308 499 376 391 314 458 62 190 162 381 313 236 414 314 277 360 148 199 247 334 427 
152 293 299 455 121 481 141 56 401 482 201 313 173 118 248 487 500 61 434 465 145 463 283 0 101 133 340 256 365 80 175 126 61 353 259 61 290 196 239 364 113 317 357 452 111 141 58 383 300 212 
314 328 325 70 236 106 315 477 209 314 482 163 385 463 461 391 119 442 91 139 115 366 337 101 0 338 99 402 336 334 484 306 338 74 395 324 380 258 321 166 388 177 347 169 298 264 394 175 246 249 
122 104 242 86 200 204 320 464 239 144 485 181 200 55 157 359 319 345 229 203 63 189 301 133 338 0 112 357 246 487 79 115 212 149 190 414 250 211 448 345 395 148 150 376 299 459 324 247 371 479 
98 222 403 415 265 210 487 319 402 72 225 313 98 189 51 399 173 182 99 385 496 164 410 340 99 112 0 127 226 151 459 362 129 368 392 200 51 469 210 123 305 110 489 90 203 328 243 333 381 134 
110 446 363 193 283 412 121 185 82 92 101 275 117 454 53 293 473 102 432 474 451 311 362 256 402 357 127 0 298 376 226 471 308 233 288 170 106 488 340 158 305 261 205 76 175 161 387 187 441 468 
311 403 383 373 463 328 443 362 110 110 189 452 349 231 53 123 299 213 126 91 185 385 229 365 336 246 226 298 0 232 387 291 209 182 195 403 396 444 472 264 251 157 291 138 151 204 221 110 314 393 
147 289 131 408 398 465 280 117 499 429 429 316 245 325 267 93 55 477 166 60 396 450 308 80 334 487 151 376 232 0 91 248 83 187 432 110 336 347 329 183 336 342 337 380 354 279 253 392 119 328 
327 381 329 322 462 236 220 182 223 287 181 358 422 447 103 453 420 353 459 397 226 225 499 175 484 79 459 226 387 91 0 61 320 54 139 54 99 290 367 498 78 294 88 464 134 341 415 187 313 67 
165 214 422 200 242 139 143 412 272 316 405 159 380 83 105 189 486 475 249 200 127 425 376 126 306 115 362 471 291 248 61 0 322 90 490 470 116 361 400 102 334 110 59 109 431 406 466 308 335 405 
406 168 433 313 117 72 406 479 50 428 140 159 307 173 214 203 365 395 402 65 229 82 391 61 338 212 129 308 209 83 320 322 0 352 204 196 280 472 81 415 435 358 402 296 375 279 187 400 309 219 
409 459 134 476 237 490 210 237 417 300 102 223 179 473 132 495 368 484 59 303 65 156 314 353 74 149 368 233 182 187 54 90 352 0 385 128 282 69 53 453 496 468 420 455 67 135 296 286 109 342 
138 65 89 127 226 483 494 232 85 424 362 57 55 356 131 246 121 140 468 434 160 77 458 259 395 190 392 288 195 432 139 490 204 385 0 287 172 317 493 241 479 455 263 452 225 250 241 133 382 490 
117 136 368 110 318 159 240 179 373 453 241 211 198 68 301 165 208 412 192 165 170 86 62 61 324 414 200 170 403 110 54 470 196 128 287 0 96 169 213 211 87 130 259 425 214 169 428 199 221 325 
464 444 477 350 317 185 297 478 333 72 278 205 230 189 347 346 66 140 114 284 170 478 190 290 380 250 51 106 396 336 99 116 280 282 172 96 0 77 109 357 134 181 393 109 387 408 317 477 59 450 
418 175 73 250 197 57 405 378 404 459 223 420 98 494 203 425 471 344 422 106 300 423 162 196 258 211 469 488 444 347 290 361 472 69 317 169 77 0 183 81 59 152 383 232 478 209 222 361 419 375 
429 497 431 387 426 106 191 419 466 115 145 65 243 201 316 372 70 218 130 438 186 324 381 239 321 448 210 340 472 329 367 400 81 53 493 213 109 183 0 274 282 434 407 141 361 197 454 353 466 383 
338 75 455 433 90 198 341 112 69 361 280 356 298 172 387 386 361 207 89 278 497 267 313 364 166 345 123 158 264 183 498 102 415 453 241 211 357 81 274 0 83 142 263 171 237 175 229 226 134 185 
132 392 260 439 397 383 325 489 450 238 284 227 234 51 491 304 374 91 378 239 305 267 236 113 388 395 305 305 251 336 78 334 435 496 479 87 134 59 282 83 0 177 340 353 191 235 50 482 165 102 
247 65 468 187 273 214 198 147 255 75 336 266 499 71 86 386 173 341 190 374 383 426 414 317 177 148 110 261 157 342 294 110 358 468 455 130 181 152 434 142 177 0 438 201 490 287 244 87 93 381 
269 115 382 498 151 474 170 198 370 250 80 295 164 348 422 469 408 182 333 457 183 393 314 357 347 150 489 205 291 337 88 59 402 420 263 259 393 383 407 263 340 438 0 252 245 191 62 131 102 184 
264 210 492 393 178 399 281 461 355 414 110 375 271 163 232 466 319 473 302 357 238 411 277 452 169 376 90 76 138 380 464 109 296 455 452 425 109 232 141 171 353 201 252 0 230 303 156 489 216 106 
330 315 434 295 133 162 96 196 351 213 423 58 333 55 98 359 350 185 78 409 431 239 360 111 298 299 203 175 151 354 134 431 375 67 225 214 387 478 361 237 191 490 245 230 0 78 353 444 269 398 
495 500 88 345 184 323 253 322 61 320 383 65 118 292 398 219 353 482 356 227 255 80 148 141 264 459 328 161 204 279 341 406 279 135 250 169 408 209 197 175 235 287 191 303 78 0 500 483 208 431 
88 228 381 276 290 315 481 320 413 122 291 127 156 402 281 386 450 393 371 84 142 246 199 58 394 324 243 387 221 253 415 466 187 296 241 428 317 222 454 229 50 244 62 156 353 500 0 166 488 162 
248 58 393 325 299 241 71 448 249 171 479 199 57 406 402 422 372 295 424 319 222 240 247 383 175 247 333 187 110 392 187 308 400 286 133 199 477 361 353 226 482 87 131 489 444 483 166 0 344 231 
71 484 297 340 413 243 87 295 369 491 127 262 100 470 155 115 369 391 198 274 124 265 334 300 246 371 381 441 314 119 313 335 309 109 382 221 59 419 466 134 165 93 102 216 269 208 488 344 0 353 
305 392 325 379 156 158 385 352 479 472 499 500 297 311 90 106 127 422 277 343 96 450 427 212 249 479 134 468 393 328 67 405 219 342 490 325 450 375 383 185 102 381 184 106 398 431 162 231 353 0 

962.28 0 25
962.28 1 9
962.28 2 33
962.28 3 22
962.28 4 48
962.28 5 10
962.28 6 35
962.28 7 45
962.28 8 20
962.28 9 33
962.28 10 45
962.28 11 23
962.28 12 0
962.28 13 43
962.28 14 1
962.28 15 18
962.28 16 8
962.28 17 6
962.28 18 28
962.28 19 46
962.28 20 39
962.28 21 27
962.28 22 28
962.28 23 42
962.28 24 3
962.28 25 31
962.28 26 24
962.28 27 34
962.28 28 4
962.28 29 10
962.28 30 46
962.28 31 30
962.28 32 20
962.28 33 36
962.28 34 8
962.28 35 24
962.28 36 46
962.28 37 44
962.28 38 25
962.28 39 18
962.28 40 33
962.28 41 22
962.28 42 46
962.28 43 33
962.28 44 21
962.28 45 48
962.28 46 3
962.28 47 34
962.28 48 5
962.28 49 36
