30 30 3 108

0.25 0 5
0.25 0 7
0.25 0 8
0.25 0 12
0.25 0 13
0.25 0 15
0.25 0 26
0.25 0 28
0.25 1 4
0.25 1 5
0.25 1 6
0.25 1 7
0.25 1 10
0.25 1 11
0.25 1 15
0.25 1 16
0.25 1 22
0.25 2 6
0.25 2 10
0.25 2 12
0.25 2 14
0.25 2 18
0.25 2 19
0.25 2 24
0.25 2 28
0.25 3 5
0.25 3 15
0.25 3 21
0.25 3 23
0.25 3 26
0.25 3 29
0.25 4 8
0.25 4 11
0.25 4 15
0.25 4 16
0.25 4 17
0.25 4 26
0.25 5 17
0.25 5 18
0.25 5 25
0.25 6 9
0.25 6 11
0.25 6 14
0.25 6 16
0.25 6 18
0.25 6 22
0.25 7 18
0.25 7 20
0.25 7 22
0.25 7 23
0.25 7 25
0.25 7 28
0.25 8 19
0.25 8 21
0.25 8 22
0.25 8 27
0.25 8 29
0.25 9 14
0.25 9 17
0.25 9 18
0.25 9 24
0.25 10 12
0.25 10 14
0.25 10 17
0.25 10 18
0.25 10 19
0.25 10 20
0.25 10 27
0.25 11 12
0.25 11 16
0.25 11 18
0.25 11 20
0.25 11 24
0.25 11 26
0.25 11 29
0.25 12 14
0.25 12 18
0.25 12 20
0.25 12 24
0.25 12 27
0.25 13 16
0.25 13 19
0.25 13 22
0.25 13 23
0.25 13 25
0.25 13 26
0.25 14 15
0.25 14 23
0.25 14 27
0.25 14 29
0.25 15 19
0.25 16 23
0.25 17 26
0.25 17 28
0.25 18 21
0.25 18 25
0.25 18 27
0.25 18 28
0.25 19 23
0.25 19 27
0.25 20 21
0.25 20 25
0.25 20 28
0.25 21 27
0.25 24 29
0.25 25 29
0.25 27 28
0.25 28 29

0 468 322 129 106 250 68 145 304 299 55 309 81 186 500 356 160 403 397 175 176 491 358 273 354 203 443 472 340 331 
468 0 258 196 152 186 137 149 199 163 393 260 68 444 450 390 254 244 272 370 324 461 122 212 386 81 108 108 381 195 
322 258 0 295 321 194 458 93 89 231 108 162 174 52 150 486 246 169 451 320 375 274 245 298 256 388 449 297 472 443 
129 196 295 0 398 335 296 319 272 326 220 471 469 273 451 464 109 122 300 119 315 238 85 444 316 144 192 270 269 171 
106 152 321 398 0 338 323 73 227 267 188 270 100 56 219 282 110 232 257 70 138 220 130 176 205 304 486 322 108 282 
250 186 194 335 338 0 187 56 53 431 381 68 148 492 161 185 197 304 172 240 465 258 397 452 153 409 178 239 287 171 
68 137 458 296 323 187 0 212 107 462 357 266 400 460 482 222 486 294 185 440 308 414 284 199 440 261 345 85 65 390 
145 149 93 319 73 56 212 0 129 168 490 248 61 162 444 55 222 444 185 231 329 174 85 59 313 158 66 270 84 340 
304 199 89 272 227 53 107 129 0 472 236 245 266 56 286 191 385 445 336 85 419 249 244 320 132 50 272 382 108 408 
299 163 231 326 267 431 462 168 472 0 156 270 127 426 207 420 429 213 433 163 251 102 176 56 358 467 195 70 461 161 
55 393 108 220 188 381 357 490 236 156 0 305 274 482 494 221 214 164 107 138 152 213 282 131 110 424 77 398 119 374 
309 260 162 471 270 68 266 248 245 270 305 0 158 234 384 59 91 454 139 248 239 131 205 64 75 206 181 433 329 466 
81 68 174 469 100 148 400 61 266 127 274 158 0 402 313 427 423 346 494 53 377 376 400 91 485 119 406 293 98 328 
186 444 52 273 56 492 460 162 56 426 482 234 402 0 262 353 97 223 241 485 228 87 470 419 269 363 392 377 139 200 
500 450 150 451 219 161 482 444 286 207 494 384 313 262 0 491 354 201 248 226 58 397 131 411 431 469 181 128 433 50 
356 390 486 464 282 185 222 55 191 420 221 59 427 353 491 0 184 456 444 454 202 464 365 82 494 201 128 320 482 377 
160 254 246 109 110 197 486 222 385 429 214 91 423 97 354 184 0 184 116 285 249 258 139 454 88 428 315 57 383 289 
403 244 169 122 232 304 294 444 445 213 164 454 346 223 201 456 184 0 320 433 248 204 255 362 437 286 93 240 309 190 
397 272 451 300 257 172 185 185 336 433 107 139 494 241 248 444 116 320 0 333 141 500 320 415 125 434 197 211 316 114 
175 370 320 119 70 240 440 231 85 163 138 248 53 485 226 454 285 433 333 0 186 177 191 235 103 412 384 395 409 378 
176 324 375 315 138 465 308 329 419 251 152 239 377 228 58 202 249 248 141 186 0 162 174 66 235 54 269 319 72 205 
491 461 274 238 220 258 414 174 249 102 213 131 376 87 397 464 258 204 500 177 162 0 402 315 494 364 105 232 262 380 
358 122 245 85 130 397 284 85 244 176 282 205 400 470 131 365 139 255 320 191 174 402 0 411 220 161 311 195 120 287 
273 212 298 444 176 452 199 59 320 56 131 64 91 419 411 82 454 362 415 235 66 315 411 0 474 299 261 222 174 435 
354 386 256 316 205 153 440 313 132 358 110 75 485 269 431 494 88 437 125 103 235 494 220 474 0 57 489 323 287 348 
203 81 388 144 304 409 261 158 50 467 424 206 119 363 469 201 428 286 434 412 54 364 161 299 57 0 429 170 302 113 
443 108 449 192 486 178 345 66 272 195 77 181 406 392 181 128 315 93 197 384 269 105 311 261 489 429 0 277 75 108 
472 108 297 270 322 239 85 270 382 70 398 433 293 377 128 320 57 240 211 395 319 232 195 222 323 170 277 0 460 135 
340 381 472 269 108 287 65 84 108 461 119 329 98 139 433 482 383 309 316 409 72 262 120 174 287 302 75 460 0 121 
331 195 443 171 282 171 390 340 408 161 374 466 328 200 50 377 289 190 114 378 205 380 287 435 348 113 108 135 121 0 

614.79 0 5
614.79 1 13
614.79 2 26
614.79 3 13
614.79 4 23
614.79 5 4
614.79 6 24
614.79 7 22
614.79 8 28
614.79 9 2
614.79 10 9
614.79 11 28
614.79 12 17
614.79 13 22
614.79 14 3
614.79 15 16
614.79 16 0
614.79 17 8
614.79 18 1
614.79 19 15
614.79 20 22
614.79 21 27
614.79 22 0
614.79 23 22
614.79 24 7
614.79 25 19
614.79 26 28
614.79 27 11
614.79 28 24
614.79 29 18
