20 20 3 19

0.2 0 9
0.2 0 18
0.2 1 6
0.2 1 11
0.2 2 5
0.2 2 7
0.2 2 15
0.2 3 16
0.2 4 15
0.2 5 11
0.2 5 12
0.2 6 9
0.2 8 12
0.2 8 16
0.2 9 18
0.2 11 13
0.2 12 13
0.2 14 16
0.2 17 19

0 429 446 258 315 369 439 365 286 354 454 101 356 250 463 281 281 372 188 417 
429 0 105 52 338 378 56 92 173 408 441 317 499 95 477 321 287 113 68 357 
446 105 0 412 225 91 86 203 425 372 91 167 230 490 449 318 150 116 328 467 
258 52 412 0 140 174 468 366 422 78 490 329 228 115 284 363 257 234 485 62 
315 338 225 140 0 341 325 409 326 498 164 309 284 267 172 278 235 97 154 329 
369 378 91 174 341 0 270 292 236 448 366 497 434 224 478 363 140 429 246 284 
439 56 86 468 325 270 0 71 386 162 466 460 382 230 347 352 379 85 178 388 
365 92 203 366 409 292 71 0 328 295 479 437 396 142 377 343 419 390 323 473 
286 173 425 422 326 236 386 328 0 328 408 322 228 482 414 130 193 265 284 71 
354 408 372 78 498 448 162 295 328 0 169 195 209 497 281 75 463 318 308 489 
454 441 91 490 164 366 466 479 408 169 0 323 349 259 367 72 332 169 358 60 
101 317 167 329 309 497 460 437 322 195 323 0 375 311 347 222 424 194 168 89 
356 499 230 228 284 434 382 396 228 209 349 375 0 61 162 264 329 81 100 375 
250 95 490 115 267 224 230 142 482 497 259 311 61 0 263 275 385 150 156 405 
463 477 449 284 172 478 347 377 414 281 367 347 162 263 0 188 292 332 491 314 
281 321 318 363 278 363 352 343 130 75 72 222 264 275 188 0 298 312 370 410 
281 287 150 257 235 140 379 419 193 463 332 424 329 385 292 298 0 387 222 389 
372 113 116 234 97 429 85 390 265 318 169 194 81 150 332 312 387 0 224 174 
188 68 328 485 154 246 178 323 284 308 358 168 100 156 491 370 222 224 0 362 
417 357 467 62 329 284 388 473 71 489 60 89 375 405 314 410 389 174 362 0 

395 0 11
395 1 2
395 2 13
395 3 6
395 4 11
395 5 13
395 6 8
395 7 17
395 8 1
395 9 12
395 10 4
395 11 2
395 12 1
395 13 3
395 14 7
395 15 7
395 16 8
395 17 15
395 18 19
395 19 6
