40 40 3 156

0.2 0 4
0.2 0 12
0.2 0 20
0.2 0 27
0.2 0 30
0.2 0 31
0.2 0 32
0.2 0 37
0.2 1 4
0.2 1 6
0.2 1 9
0.2 1 11
0.2 1 24
0.2 1 25
0.2 1 32
0.2 1 35
0.2 2 7
0.2 2 10
0.2 2 12
0.2 2 15
0.2 2 20
0.2 2 21
0.2 2 25
0.2 2 29
0.2 2 31
0.2 2 38
0.2 3 9
0.2 3 15
0.2 3 17
0.2 3 24
0.2 3 25
0.2 3 28
0.2 3 29
0.2 4 16
0.2 4 19
0.2 4 20
0.2 4 25
0.2 4 27
0.2 4 30
0.2 5 7
0.2 5 13
0.2 5 25
0.2 5 31
0.2 5 34
0.2 5 36
0.2 5 39
0.2 6 10
0.2 6 26
0.2 6 36
0.2 7 10
0.2 7 17
0.2 7 21
0.2 7 23
0.2 7 26
0.2 7 27
0.2 7 28
0.2 7 30
0.2 7 31
0.2 7 33
0.2 8 9
0.2 8 13
0.2 8 16
0.2 8 19
0.2 8 25
0.2 8 27
0.2 8 31
0.2 8 36
0.2 9 13
0.2 9 19
0.2 9 26
0.2 10 13
0.2 10 14
0.2 10 19
0.2 10 24
0.2 10 28
0.2 11 18
0.2 11 22
0.2 11 25
0.2 11 28
0.2 11 29
0.2 11 30
0.2 11 32
0.2 11 35
0.2 11 37
0.2 12 28
0.2 12 38
0.2 13 16
0.2 13 17
0.2 13 18
0.2 13 19
0.2 14 15
0.2 14 17
0.2 14 26
0.2 14 28
0.2 14 32
0.2 14 35
0.2 15 22
0.2 15 24
0.2 15 25
0.2 15 30
0.2 15 34
0.2 15 35
0.2 15 36
0.2 15 39
0.2 16 19
0.2 16 23
0.2 16 33
0.2 16 38
0.2 17 29
0.2 17 32
0.2 17 34
0.2 17 36
0.2 17 37
0.2 17 38
0.2 18 23
0.2 18 24
0.2 18 27
0.2 18 31
0.2 18 32
0.2 18 36
0.2 18 38
0.2 19 26
0.2 19 29
0.2 19 37
0.2 19 39
0.2 20 22
0.2 20 23
0.2 20 34
0.2 21 36
0.2 22 25
0.2 22 35
0.2 23 24
0.2 23 26
0.2 23 38
0.2 24 25
0.2 24 27
0.2 24 28
0.2 24 33
0.2 24 39
0.2 25 32
0.2 25 33
0.2 25 35
0.2 26 27
0.2 26 36
0.2 26 37
0.2 27 32
0.2 27 36
0.2 27 38
0.2 28 34
0.2 28 35
0.2 29 34
0.2 29 38
0.2 30 37
0.2 31 36
0.2 32 38
0.2 34 37

0 226 341 138 490 211 495 136 224 227 403 348 475 103 103 359 183 484 473 248 461 257 167 455 64 54 261 472 486 111 307 403 308 179 446 401 377 351 439 61 
226 0 53 471 72 82 230 451 229 234 147 236 349 83 465 58 344 262 131 193 197 124 450 404 272 51 413 141 85 243 51 193 332 493 364 428 76 343 500 73 
341 53 0 274 386 370 102 348 244 269 349 81 163 266 143 358 61 196 270 437 50 350 203 169 431 180 271 162 395 457 146 402 272 496 267 87 259 393 179 379 
138 471 274 0 136 277 318 178 156 113 455 269 450 355 88 453 354 437 278 158 456 482 273 341 53 298 172 415 430 97 50 256 270 117 278 451 384 267 358 256 
490 72 386 136 0 101 246 484 69 320 171 166 168 500 136 319 438 287 277 288 113 144 64 378 225 167 308 340 263 485 458 400 438 85 423 429 155 214 441 151 
211 82 370 277 101 0 98 268 454 186 95 260 189 229 316 147 99 293 230 195 207 281 136 139 112 144 258 129 486 107 400 115 337 126 387 276 468 357 352 248 
495 230 102 318 246 98 0 421 244 352 260 463 135 107 269 218 440 154 302 455 204 337 374 289 347 260 383 327 91 233 485 362 131 352 343 316 368 426 403 450 
136 451 348 178 484 268 421 0 490 396 464 272 470 313 191 173 460 411 114 291 112 178 482 198 284 182 65 317 385 248 271 141 78 414 51 300 424 217 435 356 
224 229 244 156 69 454 244 490 0 413 252 279 84 77 429 146 318 389 81 290 347 439 474 431 274 123 388 459 81 92 132 336 379 115 239 373 210 74 98 315 
227 234 269 113 320 186 352 396 413 0 314 172 255 293 219 398 337 258 496 237 164 420 472 407 457 397 180 341 377 274 439 201 282 373 366 258 372 420 455 129 
403 147 349 455 171 95 260 464 252 314 0 223 372 344 310 230 145 347 210 252 463 354 238 147 159 185 182 74 211 132 69 286 71 353 372 278 465 235 489 283 
348 236 81 269 166 260 463 272 279 172 223 0 388 296 117 409 487 53 450 68 423 155 304 134 114 54 239 341 349 330 112 355 233 317 390 319 208 223 372 492 
475 349 163 450 168 189 135 470 84 255 372 388 0 165 304 181 146 389 493 314 362 116 321 386 335 460 146 112 335 357 277 263 252 163 236 243 297 94 370 320 
103 83 266 355 500 229 107 313 77 293 344 296 165 0 279 229 419 76 499 431 156 111 219 162 248 238 70 413 259 500 349 63 84 201 478 298 462 288 243 267 
103 465 143 88 136 316 269 191 429 219 310 117 304 279 0 252 498 462 434 356 115 110 399 427 110 288 68 472 373 178 176 410 142 370 240 335 288 491 499 398 
359 58 358 453 319 147 218 173 146 398 230 409 181 229 252 0 132 278 461 83 226 180 308 466 239 440 494 245 383 399 277 145 347 156 485 292 67 346 361 494 
183 344 61 354 438 99 440 460 318 337 145 487 146 419 498 132 0 126 194 208 150 268 262 350 179 195 206 358 321 465 234 497 287 143 314 425 443 103 180 283 
484 262 196 437 287 293 154 411 389 258 347 53 389 76 462 278 126 0 126 133 260 264 283 400 223 397 72 117 492 258 74 143 443 92 66 498 175 323 427 246 
473 131 270 278 277 230 302 114 81 496 210 450 493 499 434 461 194 126 0 470 388 449 247 193 337 260 209 265 354 281 241 376 223 337 99 374 103 416 226 256 
248 193 437 158 288 195 455 291 290 237 252 68 314 431 356 83 208 133 470 0 392 321 182 87 470 236 150 376 272 286 442 444 230 327 421 64 317 499 485 174 
461 197 50 456 113 207 204 112 347 164 463 423 362 156 115 226 150 260 388 392 0 135 343 410 315 352 67 317 349 249 61 84 477 115 213 274 302 421 485 136 
257 124 350 482 144 281 337 178 439 420 354 155 116 111 110 180 268 264 449 321 135 0 352 465 205 76 148 177 177 341 233 387 316 156 131 180 109 491 200 482 
167 450 203 273 64 136 374 482 474 472 238 304 321 219 399 308 262 283 247 182 343 352 0 463 396 425 51 398 244 264 397 384 113 197 140 85 126 230 223 348 
455 404 169 341 378 139 289 198 431 407 147 134 386 162 427 466 350 400 193 87 410 465 463 0 488 237 170 476 224 305 352 188 371 326 277 168 363 222 310 131 
64 272 431 53 225 112 347 284 274 457 159 114 335 248 110 239 179 223 337 470 315 205 396 488 0 249 114 485 445 468 204 445 261 464 100 177 446 366 349 195 
54 51 180 298 167 144 260 182 123 397 185 54 460 238 288 440 195 397 260 236 352 76 425 237 249 0 237 415 371 458 201 87 357 113 315 56 147 355 263 278 
261 413 271 172 308 258 383 65 388 180 182 239 146 70 68 494 206 72 209 150 67 148 51 170 114 237 0 330 122 479 75 339 210 470 188 310 125 107 185 254 
472 141 162 415 340 129 327 317 459 341 74 341 112 413 472 245 358 117 265 376 317 177 398 476 485 415 330 0 176 168 161 471 438 225 290 355 476 474 184 423 
486 85 395 430 263 486 91 385 81 377 211 349 335 259 373 383 321 492 354 272 349 177 244 224 445 371 122 176 0 85 387 405 262 412 472 179 95 483 69 355 
111 243 457 97 485 107 233 248 92 274 132 330 357 500 178 399 465 258 281 286 249 341 264 305 468 458 479 168 85 0 401 432 348 240 435 315 376 326 224 229 
307 51 146 50 458 400 485 271 132 439 69 112 277 349 176 277 234 74 241 442 61 233 397 352 204 201 75 161 387 401 0 371 64 451 228 56 419 443 288 347 
403 193 402 256 400 115 362 141 336 201 286 355 263 63 410 145 497 143 376 444 84 387 384 188 445 87 339 471 405 432 371 0 276 90 173 80 179 89 214 366 
308 332 272 270 438 337 131 78 379 282 71 233 252 84 142 347 287 443 223 230 477 316 113 371 261 357 210 438 262 348 64 276 0 232 55 449 158 168 430 460 
179 493 496 117 85 126 352 414 115 373 353 317 163 201 370 156 143 92 337 327 115 156 197 326 464 113 470 225 412 240 451 90 232 0 445 93 177 335 173 432 
446 364 267 278 423 387 343 51 239 366 372 390 236 478 240 485 314 66 99 421 213 131 140 277 100 315 188 290 472 435 228 173 55 445 0 237 269 307 71 122 
401 428 87 451 429 276 316 300 373 258 278 319 243 298 335 292 425 498 374 64 274 180 85 168 177 56 310 355 179 315 56 80 449 93 237 0 263 333 371 110 
377 76 259 384 155 468 368 424 210 372 465 208 297 462 288 67 443 175 103 317 302 109 126 363 446 147 125 476 95 376 419 179 158 177 269 263 0 398 476 179 
351 343 393 267 214 357 426 217 74 420 235 223 94 288 491 346 103 323 416 499 421 491 230 222 366 355 107 474 483 326 443 89 168 335 307 333 398 0 424 278 
439 500 179 358 441 352 403 435 98 455 489 372 370 243 499 361 180 427 226 485 485 200 223 310 349 263 185 184 69 224 288 214 430 173 71 371 476 424 0 417 
61 73 379 256 151 248 450 356 315 129 283 492 320 267 398 494 283 246 256 174 136 482 348 131 195 278 254 423 355 229 347 366 460 432 122 110 179 278 417 0 

649.25 0 11
649.25 1 26
649.25 2 35
649.25 3 5
649.25 4 13
649.25 5 1
649.25 6 11
649.25 7 11
649.25 8 9
649.25 9 3
649.25 10 21
649.25 11 9
649.25 12 15
649.25 13 24
649.25 14 6
649.25 15 35
649.25 16 2
649.25 17 13
649.25 18 38
649.25 19 31
649.25 20 17
649.25 21 32
649.25 22 18
649.25 23 19
649.25 24 13
649.25 25 33
649.25 26 13
649.25 27 15
649.25 28 9
649.25 29 25
649.25 30 36
649.25 31 9
649.25 32 12
649.25 33 32
649.25 34 14
649.25 35 14
649.25 36 33
649.25 37 14
649.25 38 26
649.25 39 31
