30 30 4 87

0.3 0 2
0.3 0 3
0.3 0 5
0.3 0 19
0.3 1 5
0.3 1 11
0.3 1 14
0.3 1 15
0.3 1 28
0.3 2 10
0.3 2 14
0.3 2 19
0.3 2 20
0.3 2 21
0.3 2 27
0.3 3 13
0.3 3 14
0.3 3 25
0.3 4 19
0.3 5 7
0.3 5 10
0.3 5 15
0.3 5 17
0.3 6 9
0.3 6 17
0.3 6 18
0.3 6 21
0.3 6 22
0.3 6 23
0.3 6 25
0.3 6 28
0.3 7 10
0.3 7 14
0.3 7 16
0.3 7 22
0.3 8 9
0.3 8 19
0.3 8 27
0.3 9 23
0.3 9 27
0.3 9 29
0.3 10 17
0.3 10 18
0.3 10 22
0.3 10 29
0.3 11 12
0.3 11 15
0.3 11 22
0.3 11 23
0.3 11 24
0.3 12 14
0.3 12 18
0.3 12 28
0.3 13 19
0.3 13 21
0.3 13 28
0.3 14 16
0.3 14 19
0.3 14 29
0.3 15 21
0.3 15 22
0.3 15 26
0.3 15 27
0.3 16 17
0.3 16 20
0.3 16 22
0.3 16 26
0.3 16 27
0.3 17 28
0.3 18 22
0.3 18 24
0.3 19 20
0.3 19 22
0.3 19 24
0.3 19 26
0.3 19 28
0.3 20 21
0.3 20 22
0.3 20 23
0.3 20 26
0.3 21 23
0.3 21 25
0.3 22 23
0.3 23 25
0.3 24 25
0.3 24 26
0.3 28 29

0 66 462 125 260 250 206 465 490 414 158 264 306 201 150 416 157 351 113 153 449 187 395 92 437 165 292 299 277 168 
66 0 500 261 201 170 382 451 438 97 70 265 73 219 137 252 459 326 269 247 480 135 213 291 231 470 215 86 270 451 
462 500 0 473 230 186 196 440 235 67 290 190 108 337 459 107 111 393 294 147 370 413 74 466 79 91 213 316 211 95 
125 261 473 0 425 229 196 378 263 351 305 277 79 59 89 86 451 387 421 206 268 274 151 457 398 258 245 220 166 395 
260 201 230 425 0 188 362 457 155 472 216 254 374 124 247 403 418 435 172 142 210 317 462 489 385 199 151 297 69 221 
250 170 186 229 188 0 395 139 442 474 151 128 80 223 470 484 150 132 387 364 313 162 161 487 330 70 328 314 248 464 
206 382 196 196 362 395 0 63 338 471 406 462 52 317 346 373 197 259 122 194 404 128 244 303 217 54 361 386 188 268 
465 451 440 378 457 139 63 0 367 365 387 467 344 175 270 412 387 103 296 428 433 291 87 50 439 343 120 217 446 447 
490 438 235 263 155 442 338 367 0 202 101 233 395 437 78 107 202 396 58 319 314 489 148 337 372 251 369 58 251 418 
414 97 67 351 472 474 471 365 202 0 345 403 412 81 131 95 173 60 112 355 122 312 471 404 458 290 325 487 208 406 
158 70 290 305 216 151 406 387 101 345 0 305 208 316 350 436 171 489 231 430 97 152 224 213 404 447 476 495 331 392 
264 265 190 277 254 128 462 467 233 403 305 0 171 420 315 440 284 335 444 136 202 194 441 117 328 343 145 125 418 168 
306 73 108 79 374 80 52 344 395 412 208 171 0 286 134 238 229 248 186 475 225 291 140 55 447 119 329 313 424 321 
201 219 337 59 124 223 317 175 437 81 316 420 286 0 400 467 436 455 66 250 50 228 448 382 391 163 318 120 73 430 
150 137 459 89 247 470 346 270 78 131 350 315 134 400 0 462 124 296 295 355 299 412 464 436 338 281 347 400 169 293 
416 252 107 86 403 484 373 412 107 95 436 440 238 467 462 0 335 111 218 268 137 208 459 456 447 442 325 495 499 244 
157 459 111 451 418 150 197 387 202 173 171 284 229 436 124 335 0 170 165 170 143 492 283 419 227 120 264 215 92 453 
351 326 393 387 435 132 259 103 396 60 489 335 248 455 296 111 170 0 181 478 369 71 254 83 241 185 396 435 446 168 
113 269 294 421 172 387 122 296 58 112 231 444 186 66 295 218 165 181 0 362 281 347 448 183 366 476 394 313 399 242 
153 247 147 206 142 364 194 428 319 355 430 136 475 250 355 268 170 478 362 0 277 305 94 142 50 273 133 268 87 252 
449 480 370 268 210 313 404 433 314 122 97 202 225 50 299 137 143 369 281 277 0 143 113 474 453 282 176 259 160 113 
187 135 413 274 317 162 128 291 489 312 152 194 291 228 412 208 492 71 347 305 143 0 348 273 247 313 335 283 333 347 
395 213 74 151 462 161 244 87 148 471 224 441 140 448 464 459 283 254 448 94 113 348 0 297 436 426 204 163 106 496 
92 291 466 457 489 487 303 50 337 404 213 117 55 382 436 456 419 83 183 142 474 273 297 0 409 215 67 153 135 430 
437 231 79 398 385 330 217 439 372 458 404 328 447 391 338 447 227 241 366 50 453 247 436 409 0 261 67 367 92 387 
165 470 91 258 199 70 54 343 251 290 447 343 119 163 281 442 120 185 476 273 282 313 426 215 261 0 183 497 95 308 
292 215 213 245 151 328 361 120 369 325 476 145 329 318 347 325 264 396 394 133 176 335 204 67 67 183 0 194 248 64 
299 86 316 220 297 314 386 217 58 487 495 125 313 120 400 495 215 435 313 268 259 283 163 153 367 497 194 0 402 185 
277 270 211 166 69 248 188 446 251 208 331 418 424 73 169 499 92 446 399 87 160 333 106 135 92 95 248 402 0 353 
168 451 95 395 221 464 268 447 418 406 392 168 321 430 293 244 453 168 242 252 113 347 496 430 387 308 64 185 353 0 

651.42 0 1
651.42 1 3
651.42 2 22
651.42 3 27
651.42 4 11
651.42 5 19
651.42 6 7
651.42 7 0
651.42 8 17
651.42 9 23
651.42 10 11
651.42 11 20
651.42 12 6
651.42 13 9
651.42 14 16
651.42 15 14
651.42 16 2
651.42 17 7
651.42 18 10
651.42 19 21
651.42 20 7
651.42 21 5
651.42 22 6
651.42 23 27
651.42 24 20
651.42 25 11
651.42 26 10
651.42 27 10
651.42 28 24
651.42 29 6
