20 20 3 47

0.3 0 7
0.3 0 8
0.3 0 9
0.3 0 10
0.3 0 13
0.3 1 16
0.3 2 4
0.3 2 17
0.3 3 5
0.3 3 11
0.3 3 14
0.3 3 15
0.3 3 18
0.3 3 19
0.3 4 8
0.3 4 9
0.3 4 13
0.3 4 15
0.3 4 16
0.3 4 19
0.3 5 6
0.3 5 7
0.3 5 8
0.3 5 13
0.3 5 18
0.3 5 19
0.3 6 7
0.3 6 13
0.3 6 14
0.3 7 16
0.3 7 19
0.3 8 14
0.3 9 12
0.3 9 17
0.3 10 11
0.3 10 15
0.3 10 18
0.3 11 12
0.3 11 14
0.3 12 19
0.3 13 16
0.3 13 17
0.3 13 18
0.3 13 19
0.3 14 19
0.3 16 17
0.3 17 18

0 138 319 327 89 133 199 275 52 291 317 309 432 62 53 106 273 145 457 378 
138 0 164 378 476 170 117 102 456 419 331 232 208 218 66 247 474 214 442 85 
319 164 0 412 487 288 378 350 303 334 146 394 85 217 378 346 444 421 203 146 
327 378 412 0 62 199 250 53 140 277 401 78 265 259 333 449 289 93 440 195 
89 476 487 62 0 213 187 434 274 432 81 441 436 462 227 466 351 180 371 371 
133 170 288 199 213 0 431 301 173 417 490 349 223 229 495 271 276 398 255 319 
199 117 378 250 187 431 0 62 173 153 87 87 389 56 264 165 222 416 429 192 
275 102 350 53 434 301 62 0 152 426 306 287 295 104 385 224 345 110 184 200 
52 456 303 140 274 173 173 152 0 322 298 123 148 244 79 232 490 336 335 492 
291 419 334 277 432 417 153 426 322 0 387 211 417 445 235 100 314 222 116 71 
317 331 146 401 81 490 87 306 298 387 0 166 318 448 76 231 130 498 230 213 
309 232 394 78 441 349 87 287 123 211 166 0 186 272 252 287 432 122 374 401 
432 208 85 265 436 223 389 295 148 417 318 186 0 385 330 51 96 223 328 130 
62 218 217 259 462 229 56 104 244 445 448 272 385 0 78 382 332 380 61 376 
53 66 378 333 227 495 264 385 79 235 76 252 330 78 0 441 261 63 225 343 
106 247 346 449 466 271 165 224 232 100 231 287 51 382 441 0 124 203 492 491 
273 474 444 289 351 276 222 345 490 314 130 432 96 332 261 124 0 353 432 315 
145 214 421 93 180 398 416 110 336 222 498 122 223 380 63 203 353 0 475 420 
457 442 203 440 371 255 429 184 335 116 230 374 328 61 225 492 432 475 0 452 
378 85 146 195 371 319 192 200 492 71 213 401 130 376 343 491 315 420 452 0 

682.5 0 13
682.5 1 7
682.5 2 18
682.5 3 13
682.5 4 7
682.5 5 8
682.5 6 12
682.5 7 12
682.5 8 13
682.5 9 10
682.5 10 1
682.5 11 0
682.5 12 0
682.5 13 5
682.5 14 6
682.5 15 17
682.5 16 18
682.5 17 6
682.5 18 17
682.5 19 3
