30 30 4 87

0.4 0 2
0.4 0 3
0.4 0 7
0.4 0 23
0.4 0 28
0.4 1 2
0.4 1 9
0.4 1 11
0.4 1 13
0.4 1 28
0.4 2 3
0.4 2 6
0.4 2 8
0.4 2 10
0.4 2 13
0.4 2 24
0.4 3 5
0.4 3 8
0.4 3 20
0.4 3 29
0.4 4 6
0.4 4 7
0.4 4 12
0.4 4 22
0.4 4 27
0.4 5 7
0.4 5 9
0.4 5 12
0.4 5 13
0.4 6 7
0.4 6 11
0.4 7 9
0.4 7 10
0.4 7 14
0.4 7 17
0.4 7 21
0.4 7 23
0.4 7 26
0.4 7 28
0.4 8 9
0.4 8 10
0.4 8 14
0.4 8 20
0.4 8 21
0.4 8 27
0.4 9 11
0.4 9 13
0.4 9 17
0.4 9 23
0.4 10 14
0.4 10 16
0.4 10 21
0.4 10 22
0.4 11 13
0.4 12 13
0.4 12 20
0.4 12 21
0.4 12 23
0.4 12 27
0.4 13 14
0.4 13 18
0.4 13 20
0.4 13 22
0.4 13 29
0.4 14 16
0.4 14 21
0.4 15 19
0.4 15 23
0.4 15 25
0.4 16 17
0.4 17 26
0.4 18 22
0.4 18 25
0.4 19 21
0.4 19 25
0.4 19 26
0.4 19 28
0.4 20 23
0.4 20 27
0.4 21 22
0.4 21 23
0.4 21 24
0.4 21 25
0.4 21 26
0.4 22 25
0.4 22 28
0.4 24 27

0 212 172 381 176 93 96 481 151 250 329 275 262 148 397 331 198 70 53 181 85 331 50 92 179 482 265 244 223 321 
212 0 297 283 490 260 415 99 329 76 357 51 450 130 421 263 80 85 338 61 311 98 383 367 221 176 130 309 258 119 
172 297 0 151 74 458 182 265 145 186 177 166 60 436 383 252 475 277 146 166 327 217 139 337 363 238 214 435 297 117 
381 283 151 0 365 327 146 134 69 274 218 56 154 166 218 313 118 333 402 223 294 310 191 199 165 352 298 122 121 494 
176 490 74 365 0 139 185 435 207 147 454 359 431 266 170 361 170 152 283 337 257 115 316 422 372 460 202 265 208 83 
93 260 458 327 139 0 262 266 393 436 68 201 365 125 124 88 192 315 340 395 391 208 261 418 54 478 141 199 312 121 
96 415 182 146 185 262 0 75 401 240 430 151 296 440 186 455 446 494 436 144 81 126 169 483 75 199 279 202 263 115 
481 99 265 134 435 266 75 0 197 104 434 378 377 166 327 233 244 92 54 496 471 228 387 451 366 346 84 429 280 241 
151 329 145 69 207 393 401 197 0 262 117 115 175 350 134 304 328 326 375 260 475 308 476 315 303 405 329 204 283 139 
250 76 186 274 147 436 240 104 262 0 401 250 265 441 497 79 272 72 259 334 110 383 105 239 148 61 131 111 168 328 
329 357 177 218 454 68 430 434 117 401 0 485 413 489 257 172 328 214 239 281 217 180 217 89 202 461 495 276 433 471 
275 51 166 56 359 201 151 378 115 250 485 0 483 112 205 176 324 208 114 273 354 343 281 405 452 277 62 433 419 129 
262 450 60 154 431 365 296 377 175 265 413 483 0 55 292 136 479 158 288 310 242 194 273 380 69 272 487 145 322 202 
148 130 436 166 266 125 440 166 350 441 489 112 55 0 340 319 240 240 264 492 435 458 477 355 326 486 340 104 250 159 
397 421 383 218 170 124 186 327 134 497 257 205 292 340 0 372 322 79 134 317 226 343 346 372 190 349 418 270 194 498 
331 263 252 313 361 88 455 233 304 79 172 176 136 319 372 0 74 63 323 407 415 157 431 256 226 74 254 346 255 475 
198 80 475 118 170 192 446 244 328 272 328 324 479 240 322 74 0 270 247 393 479 348 309 448 140 134 300 117 345 115 
70 85 277 333 152 315 494 92 326 72 214 208 158 240 79 63 270 0 173 100 121 131 280 347 379 257 401 256 456 191 
53 338 146 402 283 340 436 54 375 259 239 114 288 264 134 323 247 173 0 246 265 127 445 311 473 232 232 185 231 436 
181 61 166 223 337 395 144 496 260 334 281 273 310 492 317 407 393 100 246 0 230 79 192 164 251 360 493 241 398 411 
85 311 327 294 257 391 81 471 475 110 217 354 242 435 226 415 479 121 265 230 0 191 410 127 465 82 249 216 279 146 
331 98 217 310 115 208 126 228 308 383 180 343 194 458 343 157 348 131 127 79 191 0 494 290 83 372 256 192 438 166 
50 383 139 191 316 261 169 387 476 105 217 281 273 477 346 431 309 280 445 192 410 494 0 347 122 86 333 348 82 64 
92 367 337 199 422 418 483 451 315 239 89 405 380 355 372 256 448 347 311 164 127 290 347 0 220 172 456 398 470 375 
179 221 363 165 372 54 75 366 303 148 202 452 69 326 190 226 140 379 473 251 465 83 122 220 0 250 438 184 360 103 
482 176 238 352 460 478 199 346 405 61 461 277 272 486 349 74 134 257 232 360 82 372 86 172 250 0 192 96 431 96 
265 130 214 298 202 141 279 84 329 131 495 62 487 340 418 254 300 401 232 493 249 256 333 456 438 192 0 360 317 100 
244 309 435 122 265 199 202 429 204 111 276 433 145 104 270 346 117 256 185 241 216 192 348 398 184 96 360 0 258 170 
223 258 297 121 208 312 263 280 283 168 433 419 322 250 194 255 345 456 231 398 279 438 82 470 360 431 317 258 0 234 
321 119 117 494 83 121 115 241 139 328 471 129 202 159 498 475 115 191 436 411 146 166 64 375 103 96 100 170 234 0 

986 0 17
986 1 28
986 2 4
986 3 7
986 4 26
986 5 12
986 6 24
986 7 8
986 8 5
986 9 28
986 10 26
986 11 15
986 12 4
986 13 7
986 14 8
986 15 10
986 16 6
986 17 9
986 18 11
986 19 0
986 20 16
986 21 12
986 22 24
986 23 16
986 24 14
986 25 0
986 26 21
986 27 3
986 28 29
986 29 0
