40 40 3 195

0.25 0 1
0.25 0 7
0.25 0 8
0.25 0 10
0.25 0 12
0.25 0 16
0.25 0 24
0.25 0 26
0.25 0 27
0.25 0 33
0.25 0 35
0.25 0 39
0.25 1 12
0.25 1 17
0.25 1 24
0.25 1 39
0.25 2 5
0.25 2 9
0.25 2 15
0.25 2 17
0.25 2 18
0.25 2 20
0.25 2 32
0.25 2 34
0.25 3 4
0.25 3 5
0.25 3 10
0.25 3 11
0.25 3 12
0.25 3 15
0.25 3 16
0.25 3 20
0.25 3 23
0.25 3 31
0.25 3 34
0.25 3 36
0.25 3 38
0.25 3 39
0.25 4 8
0.25 4 12
0.25 4 13
0.25 4 17
0.25 4 20
0.25 4 24
0.25 4 27
0.25 4 28
0.25 4 31
0.25 4 36
0.25 4 38
0.25 5 9
0.25 5 12
0.25 5 16
0.25 5 26
0.25 5 27
0.25 5 29
0.25 5 35
0.25 5 37
0.25 5 39
0.25 6 7
0.25 6 9
0.25 6 18
0.25 6 22
0.25 6 29
0.25 6 32
0.25 6 34
0.25 6 35
0.25 6 36
0.25 6 38
0.25 7 20
0.25 7 24
0.25 7 26
0.25 7 38
0.25 8 11
0.25 8 13
0.25 8 22
0.25 8 25
0.25 8 28
0.25 8 31
0.25 8 35
0.25 9 14
0.25 9 18
0.25 9 19
0.25 9 28
0.25 9 34
0.25 9 36
0.25 10 13
0.25 10 20
0.25 10 22
0.25 10 24
0.25 10 27
0.25 10 30
0.25 10 32
0.25 10 33
0.25 10 36
0.25 11 20
0.25 11 24
0.25 11 31
0.25 11 32
0.25 11 35
0.25 11 39
0.25 12 19
0.25 12 31
0.25 13 21
0.25 13 23
0.25 13 27
0.25 13 30
0.25 13 31
0.25 13 34
0.25 13 37
0.25 13 38
0.25 13 39
0.25 14 16
0.25 14 19
0.25 14 20
0.25 14 30
0.25 14 31
0.25 14 39
0.25 15 16
0.25 15 21
0.25 15 23
0.25 15 26
0.25 15 30
0.25 15 31
0.25 15 35
0.25 15 36
0.25 16 17
0.25 16 21
0.25 16 22
0.25 16 23
0.25 16 28
0.25 16 31
0.25 16 34
0.25 16 36
0.25 16 37
0.25 17 21
0.25 17 23
0.25 17 24
0.25 17 25
0.25 17 33
0.25 17 38
0.25 17 39
0.25 18 20
0.25 18 23
0.25 18 24
0.25 18 26
0.25 18 29
0.25 18 38
0.25 19 20
0.25 19 21
0.25 19 22
0.25 19 31
0.25 20 21
0.25 20 24
0.25 20 25
0.25 20 31
0.25 20 38
0.25 21 24
0.25 21 28
0.25 21 33
0.25 21 35
0.25 21 38
0.25 22 29
0.25 22 35
0.25 22 37
0.25 22 39
0.25 23 27
0.25 23 28
0.25 24 25
0.25 24 37
0.25 24 39
0.25 25 32
0.25 26 28
0.25 26 33
0.25 26 36
0.25 28 33
0.25 28 34
0.25 28 35
0.25 28 36
0.25 28 39
0.25 29 37
0.25 29 39
0.25 30 31
0.25 30 32
0.25 30 33
0.25 30 34
0.25 31 37
0.25 32 35
0.25 33 34
0.25 33 37
0.25 33 39
0.25 34 38
0.25 34 39
0.25 36 39
0.25 37 38
0.25 37 39

0 320 383 200 175 426 367 401 271 372 278 259 230 219 360 460 368 218 403 113 86 277 74 154 272 71 372 208 163 221 366 434 141 417 233 143 387 60 110 361 
320 0 136 263 144 175 490 205 259 329 455 305 157 303 111 337 116 431 308 471 157 399 370 80 496 107 304 189 378 385 254 376 427 484 116 280 316 165 108 82 
383 136 0 115 435 171 283 142 258 449 146 111 341 302 76 133 68 283 389 140 136 485 89 463 239 495 201 415 179 186 128 260 141 239 390 252 116 323 476 477 
200 263 115 0 433 113 329 163 90 306 61 270 178 122 235 273 185 197 156 52 432 314 309 196 399 178 130 352 52 335 457 61 360 138 375 407 50 187 127 304 
175 144 435 433 0 140 100 247 142 468 490 75 169 137 102 262 350 193 252 282 113 316 330 338 94 444 302 272 85 262 390 333 466 187 96 299 425 234 350 286 
426 175 171 113 140 0 117 221 100 131 197 321 308 398 296 142 253 376 240 404 435 436 446 62 327 395 455 286 74 71 413 356 204 436 167 337 241 101 340 184 
367 490 283 329 100 117 0 61 447 188 335 235 466 180 415 281 238 428 273 163 422 364 326 407 106 395 358 155 418 93 426 181 247 274 107 165 162 74 55 140 
401 205 142 163 247 221 61 0 355 138 390 116 307 478 416 334 145 233 355 214 219 329 155 94 341 215 115 423 387 54 168 465 186 71 312 408 209 69 307 352 
271 259 258 90 142 100 447 355 0 401 352 169 152 156 343 230 167 312 384 208 451 248 466 197 188 146 205 367 296 302 457 230 384 232 135 159 421 402 456 242 
372 329 449 306 468 131 188 138 401 0 184 285 122 436 299 179 153 313 396 379 135 410 469 432 137 133 487 163 410 217 430 344 90 266 259 174 119 311 498 292 
278 455 146 61 490 197 335 390 352 184 0 62 85 89 85 221 194 404 457 98 107 80 139 171 303 320 58 134 248 147 420 150 286 261 159 406 71 292 237 396 
259 305 111 270 75 321 235 116 169 285 62 0 313 377 358 414 417 225 142 330 163 284 120 236 334 397 99 224 425 97 173 150 484 446 323 78 180 158 498 196 
230 157 341 178 169 308 466 307 152 122 85 313 0 461 265 285 395 98 283 418 405 66 454 240 425 166 137 228 276 127 283 223 263 140 303 230 128 222 208 98 
219 303 302 122 137 398 180 478 156 436 89 377 461 0 98 156 51 266 400 451 285 373 159 207 71 377 430 289 117 346 224 383 375 482 499 457 351 250 337 213 
360 111 76 235 102 296 415 416 343 299 85 358 265 98 0 453 388 178 310 344 460 423 142 388 448 238 195 417 265 229 457 80 63 94 419 156 287 166 116 443 
460 337 133 273 262 142 281 334 230 179 221 414 285 156 453 0 444 172 214 306 407 336 145 272 225 304 427 444 207 353 128 180 393 183 349 53 273 493 351 487 
368 116 68 185 350 253 238 145 167 153 194 417 395 51 388 444 0 333 389 106 66 307 473 312 218 464 250 95 52 413 159 218 92 146 345 59 257 431 445 221 
218 431 283 197 193 376 428 233 312 313 404 225 98 266 178 172 333 0 213 95 119 344 421 109 379 247 299 53 54 444 66 189 409 340 372 123 411 335 338 439 
403 308 389 156 252 240 273 355 384 396 457 142 283 400 310 214 389 213 0 496 69 261 99 241 346 345 92 373 123 266 248 196 295 347 324 401 252 455 455 323 
113 471 140 52 282 404 163 214 208 379 98 330 418 451 344 306 106 95 496 0 437 257 382 401 160 144 126 447 446 415 309 416 458 453 347 438 301 150 307 121 
86 157 136 432 113 435 422 219 451 135 107 163 405 285 460 407 66 119 69 437 0 185 452 179 325 269 487 186 306 204 282 448 357 269 261 406 114 363 318 213 
277 399 485 314 316 436 364 329 248 410 80 284 66 373 423 336 307 344 261 257 185 0 90 401 259 292 103 329 334 340 369 428 223 51 190 418 474 437 297 196 
74 370 89 309 330 446 326 155 466 469 139 120 454 159 142 145 473 421 99 382 452 90 0 59 499 319 296 245 74 116 464 284 449 183 429 480 219 402 439 61 
154 80 463 196 338 62 407 94 197 432 171 236 240 207 388 272 312 109 241 401 179 401 59 0 97 437 233 229 252 460 328 167 474 160 126 94 256 272 302 61 
272 496 239 399 94 327 106 341 188 137 303 334 425 71 448 225 218 379 346 160 325 259 499 97 0 377 398 161 470 380 436 256 185 376 67 203 464 153 497 335 
71 107 495 178 444 395 395 215 146 133 320 397 166 377 238 304 464 247 345 144 269 292 319 437 377 0 390 438 354 141 179 219 374 366 92 65 321 155 130 59 
372 304 201 130 302 455 358 115 205 487 58 99 137 430 195 427 250 299 92 126 487 103 296 233 398 390 0 282 448 419 207 297 477 170 189 212 483 274 401 91 
208 189 415 352 272 286 155 423 367 163 134 224 228 289 417 444 95 53 373 447 186 329 245 229 161 438 282 0 198 349 283 169 60 408 79 192 302 136 68 101 
163 378 179 52 85 74 418 387 296 410 248 425 276 117 265 207 52 54 123 446 306 334 74 252 470 354 448 198 0 201 304 452 82 356 329 490 410 426 166 113 
221 385 186 335 262 71 93 54 302 217 147 97 127 346 229 353 413 444 266 415 204 340 116 460 380 141 419 349 201 0 56 100 284 62 167 152 461 277 440 168 
366 254 128 457 390 413 426 168 457 430 420 173 283 224 457 128 159 66 248 309 282 369 464 328 436 179 207 283 304 56 0 175 186 287 282 70 254 250 349 80 
434 376 260 61 333 356 181 465 230 344 150 150 223 383 80 180 218 189 196 416 448 428 284 167 256 219 297 169 452 100 175 0 380 272 268 132 296 192 433 181 
141 427 141 360 466 204 247 186 384 90 286 484 263 375 63 393 92 409 295 458 357 223 449 474 185 374 477 60 82 284 186 380 0 497 234 382 276 393 499 200 
417 484 239 138 187 436 274 71 232 266 261 446 140 482 94 183 146 340 347 453 269 51 183 160 376 366 170 408 356 62 287 272 497 0 379 272 320 72 80 56 
233 116 390 375 96 167 107 312 135 259 159 323 303 499 419 349 345 372 324 347 261 190 429 126 67 92 189 79 329 167 282 268 234 379 0 245 53 86 267 435 
143 280 252 407 299 337 165 408 159 174 406 78 230 457 156 53 59 123 401 438 406 418 480 94 203 65 212 192 490 152 70 132 382 272 245 0 408 333 348 436 
387 316 116 50 425 241 162 209 421 119 71 180 128 351 287 273 257 411 252 301 114 474 219 256 464 321 483 302 410 461 254 296 276 320 53 408 0 123 370 397 
60 165 323 187 234 101 74 69 402 311 292 158 222 250 166 493 431 335 455 150 363 437 402 272 153 155 274 136 426 277 250 192 393 72 86 333 123 0 272 282 
110 108 476 127 350 340 55 307 456 498 237 498 208 337 116 351 445 338 455 307 318 297 439 302 497 130 401 68 166 440 349 433 499 80 267 348 370 272 0 287 
361 82 477 304 286 184 140 352 242 292 396 196 98 213 443 487 221 439 323 121 213 196 61 61 335 59 91 101 113 168 80 181 200 56 435 436 397 282 287 0 

790.35 0 30
790.35 1 7
790.35 2 28
790.35 3 12
790.35 4 12
790.35 5 27
790.35 6 36
790.35 7 37
790.35 8 29
790.35 9 32
790.35 10 18
790.35 11 15
790.35 12 27
790.35 13 5
790.35 14 10
790.35 15 2
790.35 16 28
790.35 17 6
790.35 18 37
790.35 19 2
790.35 20 3
790.35 21 27
790.35 22 12
790.35 23 37
790.35 24 9
790.35 25 12
790.35 26 38
790.35 27 7
790.35 28 29
790.35 29 12
790.35 30 18
790.35 31 9
790.35 32 19
790.35 33 35
790.35 34 22
790.35 35 20
790.35 36 23
790.35 37 19
790.35 38 18
790.35 39 2
