30 30 3 108

0.3 0 6
0.3 0 10
0.3 0 12
0.3 0 13
0.3 0 19
0.3 0 21
0.3 0 22
0.3 0 23
0.3 1 5
0.3 1 8
0.3 1 9
0.3 1 12
0.3 1 28
0.3 2 5
0.3 2 7
0.3 2 8
0.3 2 10
0.3 2 11
0.3 2 16
0.3 2 18
0.3 2 20
0.3 2 21
0.3 2 22
0.3 2 23
0.3 2 25
0.3 2 29
0.3 3 12
0.3 3 15
0.3 3 19
0.3 3 26
0.3 3 28
0.3 4 6
0.3 4 8
0.3 4 16
0.3 4 18
0.3 4 20
0.3 5 13
0.3 5 15
0.3 5 18
0.3 5 19
0.3 5 25
0.3 5 28
0.3 6 22
0.3 6 24
0.3 6 27
0.3 7 9
0.3 7 13
0.3 7 19
0.3 7 23
0.3 7 26
0.3 8 9
0.3 8 12
0.3 8 13
0.3 8 14
0.3 8 29
0.3 9 10
0.3 9 11
0.3 9 12
0.3 9 15
0.3 9 16
0.3 9 17
0.3 9 19
0.3 9 28
0.3 10 11
0.3 10 19
0.3 10 27
0.3 11 12
0.3 11 15
0.3 11 18
0.3 11 19
0.3 11 20
0.3 11 28
0.3 11 29
0.3 12 17
0.3 12 23
0.3 12 25
0.3 13 21
0.3 13 23
0.3 13 25
0.3 13 28
0.3 13 29
0.3 14 16
0.3 14 28
0.3 15 16
0.3 15 17
0.3 15 18
0.3 15 19
0.3 15 24
0.3 15 27
0.3 16 17
0.3 16 18
0.3 16 20
0.3 17 26
0.3 18 21
0.3 18 23
0.3 19 20
0.3 19 23
0.3 19 24
0.3 19 27
0.3 20 22
0.3 20 26
0.3 20 27
0.3 21 25
0.3 21 28
0.3 22 26
0.3 25 26
0.3 26 27
0.3 26 28

0 480 395 377 165 175 251 226 158 89 356 167 414 285 193 318 235 89 181 247 412 215 440 322 323 355 480 54 78 275 
480 0 212 471 351 143 466 162 352 92 296 324 448 61 355 104 264 115 464 342 325 201 278 233 368 63 308 420 322 422 
395 212 0 88 472 180 325 295 133 274 376 442 453 252 92 280 322 145 498 297 165 442 480 408 375 322 134 355 137 206 
377 471 88 0 167 98 371 155 344 61 180 117 187 385 390 440 296 235 98 288 459 321 443 310 390 411 197 173 189 59 
165 351 472 167 0 496 312 112 247 416 374 433 459 362 262 339 306 161 228 256 150 190 63 403 374 151 71 279 83 450 
175 143 180 98 496 0 465 139 295 155 394 294 124 57 452 498 211 142 218 493 348 331 321 438 65 365 112 334 57 50 
251 466 325 371 312 465 0 450 221 154 351 407 500 147 303 399 265 133 475 319 65 146 445 258 214 206 258 431 494 198 
226 162 295 155 112 139 450 0 217 95 306 483 319 458 416 431 464 91 115 437 499 383 498 191 229 424 85 119 206 483 
158 352 133 344 247 295 221 217 0 204 262 491 170 175 160 359 220 208 255 231 119 476 432 362 94 232 140 237 493 57 
89 92 274 61 416 155 154 95 204 0 146 408 203 421 196 406 180 246 340 90 151 356 346 405 397 80 168 208 84 398 
356 296 376 180 374 394 351 306 262 146 0 410 174 400 130 77 331 325 326 296 248 294 213 420 136 70 186 388 343 188 
167 324 442 117 433 294 407 483 491 408 410 0 172 449 442 73 366 231 477 155 283 143 339 341 110 312 455 445 318 256 
414 448 453 187 459 124 500 319 170 203 174 172 0 109 195 287 261 483 107 283 348 181 494 347 55 302 324 450 271 188 
285 61 252 385 362 57 147 458 175 421 400 449 109 0 399 448 272 272 191 183 296 165 484 189 73 234 317 479 257 237 
193 355 92 390 262 452 303 416 160 196 130 442 195 399 0 423 61 360 272 119 286 101 479 369 318 491 186 319 412 280 
318 104 280 440 339 498 399 431 359 406 77 73 287 448 423 0 366 218 380 487 342 488 325 498 403 346 110 136 423 166 
235 264 322 296 306 211 265 464 220 180 331 366 261 272 61 366 0 486 494 438 52 464 336 187 142 337 337 433 207 445 
89 115 145 235 161 142 133 91 208 246 325 231 483 272 360 218 486 0 457 53 485 324 117 300 222 334 204 349 390 191 
181 464 498 98 228 218 475 115 255 340 326 477 107 191 272 380 494 457 0 411 160 242 56 343 78 162 118 159 448 88 
247 342 297 288 256 493 319 437 231 90 296 155 283 183 119 487 438 53 411 0 195 289 191 350 189 342 70 326 500 151 
412 325 165 459 150 348 65 499 119 151 248 283 348 296 286 342 52 485 160 195 0 425 117 138 275 113 402 165 79 81 
215 201 442 321 190 331 146 383 476 356 294 143 181 165 101 488 464 324 242 289 425 0 149 337 218 431 171 446 297 486 
440 278 480 443 63 321 445 498 432 346 213 339 494 484 479 325 336 117 56 191 117 149 0 89 57 451 357 480 158 150 
322 233 408 310 403 438 258 191 362 405 420 341 347 189 369 498 187 300 343 350 138 337 89 0 272 412 235 234 355 317 
323 368 375 390 374 65 214 229 94 397 136 110 55 73 318 403 142 222 78 189 275 218 57 272 0 359 283 222 412 489 
355 63 322 411 151 365 206 424 232 80 70 312 302 234 491 346 337 334 162 342 113 431 451 412 359 0 405 381 103 258 
480 308 134 197 71 112 258 85 140 168 186 455 324 317 186 110 337 204 118 70 402 171 357 235 283 405 0 355 90 171 
54 420 355 173 279 334 431 119 237 208 388 445 450 479 319 136 433 349 159 326 165 446 480 234 222 381 355 0 352 157 
78 322 137 189 83 57 494 206 493 84 343 318 271 257 412 423 207 390 448 500 79 297 158 355 412 103 90 352 0 67 
275 422 206 59 450 50 198 483 57 398 188 256 188 237 280 166 445 191 88 151 81 486 150 317 489 258 171 157 67 0 

963.5 0 21
963.5 1 23
963.5 2 9
963.5 3 16
963.5 4 16
963.5 5 25
963.5 6 22
963.5 7 14
963.5 8 10
963.5 9 15
963.5 10 16
963.5 11 27
963.5 12 11
963.5 13 0
963.5 14 24
963.5 15 0
963.5 16 7
963.5 17 2
963.5 18 5
963.5 19 18
963.5 20 4
963.5 21 20
963.5 22 16
963.5 23 24
963.5 24 11
963.5 25 12
963.5 26 3
963.5 27 6
963.5 28 27
963.5 29 13
