20 20 3 19

0.2 0 2
0.2 0 18
0.2 1 4
0.2 1 8
0.2 2 6
0.2 2 12
0.2 3 10
0.2 3 13
0.2 4 15
0.2 4 16
0.2 5 15
0.2 6 8
0.2 6 11
0.2 6 12
0.2 7 13
0.2 11 12
0.2 11 13
0.2 13 15
0.2 13 16

0 442 194 154 344 278 360 311 129 92 116 443 425 78 71 156 442 465 258 186 
442 0 423 157 88 390 404 322 263 432 288 409 236 190 426 267 358 224 88 457 
194 423 0 390 289 295 394 114 318 65 290 366 490 322 460 168 444 497 163 300 
154 157 390 0 497 388 74 407 277 88 460 467 440 444 226 409 368 373 133 268 
344 88 289 497 0 189 212 465 163 184 69 244 274 145 119 51 73 225 476 126 
278 390 295 388 189 0 289 140 447 500 209 335 173 114 67 308 169 304 411 317 
360 404 394 74 212 289 0 74 137 428 455 491 439 180 150 437 437 66 353 425 
311 322 114 407 465 140 74 0 270 429 86 471 201 371 306 445 297 376 180 469 
129 263 318 277 163 447 137 270 0 387 237 449 308 56 263 403 269 414 176 96 
92 432 65 88 184 500 428 429 387 0 69 194 81 88 90 50 449 66 124 206 
116 288 290 460 69 209 455 86 237 69 0 108 475 236 286 124 59 206 365 491 
443 409 366 467 244 335 491 471 449 194 108 0 303 229 142 273 65 393 485 474 
425 236 490 440 274 173 439 201 308 81 475 303 0 489 235 56 235 280 81 296 
78 190 322 444 145 114 180 371 56 88 236 229 489 0 438 370 358 75 450 248 
71 426 460 226 119 67 150 306 263 90 286 142 235 438 0 216 251 315 205 62 
156 267 168 409 51 308 437 445 403 50 124 273 56 370 216 0 379 221 255 166 
442 358 444 368 73 169 437 297 269 449 59 65 235 358 251 379 0 140 446 332 
465 224 497 373 225 304 66 376 414 66 206 393 280 75 315 221 140 0 284 244 
258 88 163 133 476 411 353 180 176 124 365 485 81 450 205 255 446 284 0 283 
186 457 300 268 126 317 425 469 96 206 491 474 296 248 62 166 332 244 283 0 

318.25 0 7
318.25 1 12
318.25 2 11
318.25 3 17
318.25 4 3
318.25 5 10
318.25 6 18
318.25 7 8
318.25 8 14
318.25 9 10
318.25 10 9
318.25 11 5
318.25 12 1
318.25 13 8
318.25 14 5
318.25 15 7
318.25 16 4
318.25 17 10
318.25 18 16
318.25 19 10
