50 50 3 306

0.3 0 1
0.3 0 5
0.3 0 11
0.3 0 17
0.3 0 27
0.3 0 28
0.3 0 29
0.3 0 34
0.3 0 41
0.3 0 46
0.3 1 5
0.3 1 8
0.3 1 10
0.3 1 13
0.3 1 14
0.3 1 16
0.3 1 19
0.3 1 21
0.3 1 24
0.3 1 26
0.3 1 28
0.3 1 29
0.3 1 30
0.3 1 31
0.3 1 40
0.3 1 42
0.3 1 43
0.3 1 46
0.3 2 6
0.3 2 7
0.3 2 9
0.3 2 24
0.3 2 25
0.3 2 28
0.3 2 29
0.3 2 33
0.3 2 37
0.3 2 38
0.3 2 45
0.3 3 5
0.3 3 8
0.3 3 13
0.3 3 15
0.3 3 16
0.3 3 18
0.3 3 24
0.3 3 44
0.3 3 46
0.3 3 47
0.3 4 14
0.3 4 19
0.3 4 25
0.3 4 26
0.3 4 28
0.3 4 32
0.3 4 38
0.3 4 44
0.3 4 45
0.3 4 46
0.3 4 47
0.3 5 6
0.3 5 12
0.3 5 14
0.3 5 16
0.3 5 17
0.3 5 18
0.3 5 22
0.3 5 25
0.3 5 26
0.3 5 31
0.3 5 36
0.3 5 37
0.3 5 39
0.3 5 40
0.3 5 43
0.3 5 48
0.3 5 49
0.3 6 7
0.3 6 9
0.3 6 15
0.3 6 17
0.3 6 18
0.3 6 19
0.3 6 29
0.3 6 30
0.3 6 39
0.3 6 40
0.3 6 41
0.3 6 43
0.3 6 49
0.3 7 14
0.3 7 18
0.3 7 25
0.3 7 28
0.3 7 34
0.3 7 37
0.3 7 38
0.3 7 40
0.3 7 42
0.3 7 44
0.3 8 10
0.3 8 17
0.3 8 25
0.3 8 26
0.3 8 31
0.3 8 34
0.3 8 36
0.3 8 37
0.3 8 39
0.3 8 41
0.3 8 42
0.3 9 15
0.3 9 18
0.3 9 23
0.3 9 27
0.3 9 28
0.3 9 29
0.3 9 35
0.3 9 39
0.3 9 40
0.3 9 41
0.3 9 43
0.3 9 44
0.3 9 45
0.3 10 12
0.3 10 14
0.3 10 19
0.3 10 20
0.3 10 22
0.3 10 27
0.3 10 39
0.3 10 40
0.3 10 43
0.3 10 44
0.3 11 12
0.3 11 14
0.3 11 17
0.3 11 21
0.3 11 32
0.3 11 33
0.3 12 14
0.3 12 17
0.3 12 20
0.3 12 22
0.3 12 23
0.3 12 30
0.3 12 32
0.3 12 34
0.3 12 39
0.3 12 43
0.3 12 49
0.3 13 16
0.3 13 21
0.3 13 34
0.3 13 42
0.3 13 49
0.3 14 17
0.3 14 21
0.3 14 23
0.3 14 24
0.3 14 31
0.3 14 35
0.3 14 36
0.3 14 37
0.3 14 39
0.3 14 42
0.3 14 44
0.3 14 47
0.3 14 49
0.3 15 17
0.3 15 18
0.3 15 22
0.3 15 26
0.3 15 27
0.3 15 29
0.3 15 37
0.3 15 39
0.3 15 41
0.3 16 18
0.3 16 19
0.3 16 21
0.3 16 25
0.3 16 31
0.3 17 19
0.3 17 21
0.3 17 25
0.3 17 27
0.3 17 30
0.3 17 37
0.3 17 49
0.3 18 21
0.3 18 26
0.3 18 33
0.3 18 35
0.3 18 39
0.3 18 42
0.3 18 49
0.3 19 21
0.3 19 28
0.3 19 31
0.3 19 34
0.3 19 35
0.3 19 46
0.3 20 24
0.3 20 27
0.3 20 38
0.3 20 41
0.3 20 43
0.3 20 46
0.3 20 48
0.3 20 49
0.3 21 24
0.3 21 28
0.3 21 29
0.3 21 30
0.3 21 32
0.3 21 34
0.3 21 35
0.3 21 48
0.3 21 49
0.3 22 27
0.3 22 32
0.3 22 35
0.3 22 36
0.3 22 38
0.3 22 45
0.3 23 24
0.3 23 26
0.3 23 28
0.3 23 32
0.3 23 38
0.3 23 44
0.3 23 45
0.3 24 31
0.3 24 35
0.3 25 27
0.3 25 33
0.3 25 36
0.3 25 38
0.3 25 39
0.3 25 42
0.3 25 47
0.3 26 28
0.3 26 29
0.3 26 30
0.3 26 45
0.3 26 46
0.3 27 30
0.3 27 36
0.3 27 41
0.3 27 45
0.3 27 46
0.3 28 46
0.3 29 34
0.3 30 31
0.3 30 39
0.3 30 40
0.3 30 44
0.3 30 46
0.3 31 35
0.3 31 37
0.3 31 39
0.3 31 41
0.3 31 42
0.3 31 45
0.3 31 49
0.3 32 34
0.3 32 36
0.3 32 43
0.3 33 35
0.3 33 36
0.3 33 49
0.3 34 36
0.3 34 39
0.3 34 43
0.3 35 41
0.3 35 42
0.3 35 44
0.3 35 47
0.3 35 49
0.3 36 37
0.3 36 46
0.3 36 47
0.3 36 49
0.3 37 38
0.3 37 48
0.3 37 49
0.3 38 40
0.3 38 44
0.3 38 46
0.3 38 47
0.3 39 41
0.3 39 48
0.3 40 43
0.3 40 45
0.3 40 47
0.3 40 48
0.3 41 49
0.3 42 44
0.3 42 45
0.3 42 47
0.3 42 48
0.3 43 44
0.3 43 49
0.3 44 47
0.3 48 49

0 366 53 397 428 254 420 369 345 303 262 214 108 61 160 82 84 71 175 69 474 423 159 201 198 57 425 428 495 453 328 496 282 414 414 296 475 155 193 189 442 325 301 345 295 324 355 68 305 355 
366 0 284 493 55 362 279 345 148 241 244 309 79 304 266 76 181 226 391 497 56 76 466 386 244 249 383 492 151 120 100 129 153 293 485 473 154 116 166 349 85 442 95 385 173 253 59 416 262 471 
53 284 0 146 412 242 430 447 216 320 360 131 73 441 153 354 351 295 115 182 403 467 212 165 83 445 396 74 292 436 388 318 390 212 413 214 58 300 205 174 437 380 214 482 129 338 359 114 465 288 
397 493 146 0 429 351 330 115 210 421 398 443 134 115 161 450 301 227 99 348 198 247 86 91 333 380 280 367 303 203 154 139 371 214 295 228 466 313 385 167 67 380 473 54 395 306 97 401 498 66 
428 55 412 429 0 480 489 410 359 376 73 153 450 147 287 87 284 470 184 77 452 459 111 451 455 423 423 332 78 428 486 441 300 192 384 82 324 353 229 327 221 408 196 83 241 284 484 129 344 329 
254 362 242 351 480 0 240 135 206 73 348 437 400 333 230 157 218 158 285 142 62 247 394 336 52 248 488 449 283 434 90 59 400 175 101 343 276 192 431 154 79 92 497 182 305 459 251 492 495 176 
420 279 430 330 489 240 0 279 106 282 344 365 365 465 427 391 294 117 401 244 316 413 248 475 166 376 287 456 327 456 289 386 464 399 433 139 358 460 237 220 103 219 357 221 68 429 426 75 479 261 
369 345 447 115 410 135 279 0 107 118 393 70 232 143 316 153 220 329 451 162 338 211 299 415 178 327 378 434 395 213 176 229 479 189 354 492 374 266 202 261 264 409 438 293 266 244 108 493 101 304 
345 148 216 210 359 206 106 107 0 131 193 51 224 253 253 461 144 325 415 235 193 320 76 371 204 442 189 228 321 217 252 185 291 432 179 220 208 140 192 439 366 282 455 468 480 460 398 206 446 172 
303 241 320 421 376 73 282 118 131 0 290 70 446 274 267 430 316 254 469 395 158 470 71 340 52 166 373 379 275 282 452 137 307 471 412 61 287 485 192 132 430 277 161 86 430 454 415 224 369 273 
262 244 360 398 73 348 344 393 193 290 0 126 200 224 266 117 180 397 238 193 225 443 221 136 500 159 57 421 107 314 99 387 121 371 460 185 393 113 272 419 378 203 323 426 412 373 472 115 406 298 
214 309 131 443 153 437 365 70 51 70 126 0 418 195 359 310 362 134 404 325 258 50 309 82 452 152 387 221 254 244 240 234 232 479 171 344 441 68 479 370 444 487 67 171 138 474 76 76 344 93 
108 79 73 134 450 400 365 232 224 446 200 418 0 377 131 183 81 143 167 225 177 232 244 133 453 375 455 256 209 263 265 83 341 400 423 225 207 353 274 430 105 296 484 430 312 100 79 439 406 482 
61 304 441 115 147 333 465 143 253 274 224 195 377 0 204 97 489 444 180 74 428 102 418 197 335 276 334 316 436 371 293 151 223 493 438 430 241 266 347 143 259 466 337 323 430 427 433 113 498 493 
160 266 153 161 287 230 427 316 253 267 266 359 131 204 0 484 199 325 181 216 390 198 474 183 426 280 328 300 382 205 209 234 416 61 173 69 319 262 434 86 213 395 210 272 281 223 307 187 203 270 
82 76 354 450 87 157 391 153 461 430 117 310 183 97 484 0 442 384 343 497 232 390 441 331 367 78 120 263 136 178 136 242 82 272 458 283 140 249 335 337 340 126 199 394 65 61 129 196 461 208 
84 181 351 301 284 218 294 220 144 316 180 362 81 489 199 442 0 331 181 123 456 114 87 446 412 485 444 202 398 62 448 444 373 52 87 421 222 120 412 337 51 177 201 118 276 367 179 379 54 409 
71 226 295 227 470 158 117 329 325 254 397 134 143 444 325 384 331 0 358 106 482 464 185 416 473 279 186 254 197 293 337 388 303 329 470 349 368 130 452 169 484 292 216 470 325 487 361 64 334 444 
175 391 115 99 184 285 401 451 415 469 238 404 167 180 181 343 181 358 0 282 426 434 261 353 209 236 202 304 386 471 148 78 318 150 107 379 203 131 225 164 351 458 53 173 415 268 382 56 172 228 
69 497 182 348 77 142 244 162 235 395 193 325 225 74 216 497 123 106 282 0 324 258 263 373 201 193 426 236 368 411 240 299 171 139 492 434 243 369 141 372 88 305 128 75 417 186 214 242 347 74 
474 56 403 198 452 62 316 338 193 158 225 258 177 428 390 232 456 482 426 324 0 329 127 224 105 321 416 81 106 440 307 128 137 394 330 275 397 456 469 420 499 179 159 225 461 379 220 376 211 352 
423 76 467 247 459 247 413 211 320 470 443 50 232 102 198 390 114 464 434 258 329 0 468 96 356 369 437 247 346 356 265 91 115 248 390 343 147 355 216 175 313 357 182 205 295 125 419 324 359 55 
159 466 212 86 111 394 248 299 76 71 221 309 244 418 474 441 87 185 261 263 127 468 0 497 334 266 410 372 171 485 387 63 392 361 306 357 162 115 407 63 313 373 204 195 318 196 207 482 389 343 
201 386 165 91 451 336 475 415 371 340 136 82 133 197 183 331 446 416 353 373 224 96 497 0 386 232 401 233 499 252 369 221 64 332 427 315 176 67 244 285 408 308 187 403 179 282 215 51 245 336 
198 244 83 333 455 52 166 178 204 52 500 452 453 335 426 367 412 473 209 201 105 356 334 386 0 341 173 379 377 408 249 166 232 315 258 79 299 390 133 85 331 192 398 383 63 207 199 245 476 238 
57 249 445 380 423 248 376 327 442 166 159 152 375 276 280 78 485 279 236 193 321 369 266 232 341 0 309 494 124 155 345 470 361 147 424 445 376 230 121 321 212 459 394 312 147 179 366 184 496 455 
425 383 396 280 423 488 287 378 189 373 57 387 455 334 328 120 444 186 202 426 416 437 410 401 173 309 0 169 127 251 276 65 287 369 334 419 274 311 85 305 191 364 465 193 347 165 163 148 305 224 
428 492 74 367 332 449 456 434 228 379 421 221 256 316 300 263 202 254 304 236 81 247 372 233 379 494 169 0 109 285 110 149 331 167 480 279 490 285 300 87 382 56 89 498 250 462 58 399 287 419 
495 151 292 303 78 283 327 395 321 275 107 254 209 436 382 136 398 197 386 368 106 346 171 499 377 124 127 109 0 436 95 79 146 201 382 446 112 109 61 64 421 355 248 346 462 73 499 330 215 476 
453 120 436 203 428 434 456 213 217 282 314 244 263 371 205 178 62 293 471 411 440 356 485 252 408 155 251 285 436 0 267 318 104 272 154 57 85 69 436 463 388 428 73 94 441 344 161 141 259 73 
328 100 388 154 486 90 289 176 252 452 99 240 265 293 209 136 448 337 148 240 307 265 387 369 249 345 276 110 95 267 0 366 403 252 250 392 165 211 159 68 193 443 457 399 107 491 51 360 245 152 
496 129 318 139 441 59 386 229 185 137 387 234 83 151 234 242 444 388 78 299 128 91 63 221 166 470 65 149 79 318 366 0 134 114 295 241 86 214 411 203 118 179 499 191 256 104 109 105 471 331 
282 153 390 371 300 400 464 479 291 307 121 232 341 223 416 82 373 303 318 171 137 115 392 64 232 361 287 331 146 104 403 134 0 64 139 236 396 342 308 311 179 126 325 429 113 96 171 57 227 494 
414 293 212 214 192 175 399 189 432 471 371 479 400 493 61 272 52 329 150 139 394 248 361 332 315 147 369 167 201 272 252 114 64 0 162 312 173 461 70 399 129 78 170 381 393 84 360 424 416 390 
414 485 413 295 384 101 433 354 179 412 460 171 423 438 173 458 87 470 107 492 330 390 306 427 258 424 334 480 382 154 250 295 139 162 0 419 259 234 295 76 136 59 228 195 151 360 157 212 224 103 
296 473 214 228 82 343 139 492 220 61 185 344 225 430 69 283 421 349 379 434 275 343 357 315 79 445 419 279 446 57 392 241 236 312 419 0 219 401 488 345 350 484 228 219 60 86 361 343 70 323 
475 154 58 466 324 276 358 374 208 287 393 441 207 241 319 140 222 368 203 243 397 147 162 176 299 376 274 490 112 85 165 86 396 173 259 219 0 359 451 52 365 120 167 62 197 494 111 171 410 273 
155 116 300 313 353 192 460 266 140 485 113 68 353 266 262 249 120 130 131 369 456 355 115 67 390 230 311 285 109 69 211 214 342 461 234 401 359 0 482 247 189 435 84 122 376 289 289 237 409 70 
193 166 205 385 229 431 237 202 192 192 272 479 274 347 434 335 412 452 225 141 469 216 407 244 133 121 85 300 61 436 159 411 308 70 295 488 451 482 0 312 114 148 165 462 277 281 176 336 121 333 
189 349 174 167 327 154 220 261 439 132 419 370 430 143 86 337 337 169 164 372 420 175 63 285 85 321 305 87 64 463 68 203 311 399 76 345 52 247 312 0 437 109 328 480 384 453 215 84 111 395 
442 85 437 67 221 79 103 264 366 430 378 444 105 259 213 340 51 484 351 88 499 313 313 408 331 212 191 382 421 388 193 118 179 129 136 350 365 189 114 437 0 418 402 365 305 242 203 167 277 293 
325 442 380 380 408 92 219 409 282 277 203 487 296 466 395 126 177 292 458 305 179 357 373 308 192 459 364 56 355 428 443 179 126 78 59 484 120 435 148 109 418 0 195 143 395 360 147 401 477 130 
301 95 214 473 196 497 357 438 455 161 323 67 484 337 210 199 201 216 53 128 159 182 204 187 398 394 465 89 248 73 457 499 325 170 228 228 167 84 165 328 402 195 0 358 472 182 448 110 162 194 
345 385 482 54 83 182 221 293 468 86 426 171 430 323 272 394 118 470 173 75 225 205 195 403 383 312 193 498 346 94 399 191 429 381 195 219 62 122 462 480 365 143 358 0 323 499 440 105 182 274 
295 173 129 395 241 305 68 266 480 430 412 138 312 430 281 65 276 325 415 417 461 295 318 179 63 147 347 250 462 441 107 256 113 393 151 60 197 376 277 384 305 395 472 323 0 286 287 220 474 330 
324 253 338 306 284 459 429 244 460 454 373 474 100 427 223 61 367 487 268 186 379 125 196 282 207 179 165 462 73 344 491 104 96 84 360 86 494 289 281 453 242 360 182 499 286 0 254 247 315 415 
355 59 359 97 484 251 426 108 398 415 472 76 79 433 307 129 179 361 382 214 220 419 207 215 199 366 163 58 499 161 51 109 171 360 157 361 111 289 176 215 203 147 448 440 287 254 0 252 142 188 
68 416 114 401 129 492 75 493 206 224 115 76 439 113 187 196 379 64 56 242 376 324 482 51 245 184 148 399 330 141 360 105 57 424 212 343 171 237 336 84 167 401 110 105 220 247 252 0 234 445 
305 262 465 498 344 495 479 101 446 369 406 344 406 498 203 461 54 334 172 347 211 359 389 245 476 496 305 287 215 259 245 471 227 416 224 70 410 409 121 111 277 477 162 182 474 315 142 234 0 114 
355 471 288 66 329 176 261 304 172 273 298 93 482 493 270 208 409 444 228 74 352 55 343 336 238 455 224 419 476 73 152 331 494 390 103 323 273 70 333 395 293 130 194 274 330 415 188 445 114 0 

1443.5 0 29
1443.5 1 36
1443.5 2 16
1443.5 3 19
1443.5 4 31
1443.5 5 14
1443.5 6 34
1443.5 7 33
1443.5 8 39
1443.5 9 33
1443.5 10 16
1443.5 11 17
1443.5 12 17
1443.5 13 9
1443.5 14 42
1443.5 15 30
1443.5 16 36
1443.5 17 35
1443.5 18 43
1443.5 19 33
1443.5 20 24
1443.5 21 8
1443.5 22 29
1443.5 23 27
1443.5 24 22
1443.5 25 16
1443.5 26 13
1443.5 27 34
1443.5 28 2
1443.5 29 48
1443.5 30 28
1443.5 31 32
1443.5 32 40
1443.5 33 0
1443.5 34 7
1443.5 35 28
1443.5 36 14
1443.5 37 41
1443.5 38 12
1443.5 39 4
1443.5 40 25
1443.5 41 33
1443.5 42 22
1443.5 43 42
1443.5 44 47
1443.5 45 20
1443.5 46 28
1443.5 47 39
1443.5 48 6
1443.5 49 27
