40 40 3 156

0.2 0 4
0.2 0 13
0.2 0 14
0.2 0 22
0.2 0 23
0.2 0 31
0.2 1 2
0.2 1 4
0.2 1 27
0.2 1 37
0.2 2 3
0.2 2 10
0.2 2 15
0.2 2 25
0.2 2 39
0.2 3 5
0.2 3 6
0.2 3 13
0.2 3 19
0.2 3 22
0.2 3 36
0.2 4 6
0.2 4 10
0.2 4 11
0.2 4 14
0.2 4 20
0.2 4 26
0.2 4 27
0.2 4 32
0.2 4 33
0.2 4 35
0.2 4 36
0.2 4 37
0.2 4 39
0.2 5 12
0.2 5 18
0.2 5 21
0.2 5 28
0.2 5 39
0.2 6 7
0.2 6 11
0.2 6 16
0.2 6 19
0.2 6 27
0.2 6 29
0.2 6 31
0.2 6 37
0.2 7 12
0.2 7 18
0.2 7 21
0.2 7 30
0.2 7 32
0.2 8 9
0.2 8 18
0.2 8 20
0.2 8 24
0.2 8 30
0.2 8 35
0.2 8 39
0.2 9 13
0.2 9 19
0.2 9 20
0.2 9 25
0.2 9 27
0.2 9 28
0.2 9 29
0.2 9 31
0.2 9 33
0.2 9 38
0.2 9 39
0.2 10 11
0.2 10 13
0.2 10 19
0.2 10 23
0.2 10 27
0.2 10 31
0.2 11 13
0.2 11 16
0.2 11 18
0.2 11 19
0.2 11 25
0.2 11 27
0.2 12 14
0.2 12 21
0.2 12 25
0.2 12 28
0.2 12 29
0.2 12 32
0.2 12 38
0.2 13 20
0.2 13 30
0.2 13 33
0.2 13 36
0.2 13 37
0.2 13 38
0.2 14 15
0.2 14 17
0.2 15 20
0.2 15 33
0.2 15 36
0.2 15 37
0.2 16 22
0.2 16 23
0.2 16 29
0.2 16 30
0.2 16 31
0.2 17 21
0.2 17 22
0.2 17 27
0.2 18 20
0.2 18 24
0.2 18 25
0.2 18 31
0.2 18 32
0.2 18 34
0.2 18 38
0.2 19 25
0.2 19 28
0.2 19 31
0.2 19 34
0.2 20 25
0.2 20 27
0.2 20 29
0.2 20 32
0.2 20 33
0.2 20 34
0.2 20 39
0.2 21 24
0.2 21 27
0.2 21 36
0.2 23 28
0.2 23 33
0.2 24 25
0.2 24 30
0.2 24 31
0.2 24 37
0.2 24 38
0.2 25 31
0.2 26 32
0.2 26 33
0.2 26 34
0.2 26 35
0.2 26 36
0.2 26 39
0.2 27 36
0.2 27 39
0.2 28 35
0.2 29 30
0.2 29 35
0.2 30 34
0.2 31 38
0.2 31 39
0.2 32 33
0.2 33 39
0.2 34 39
0.2 38 39

0 482 256 180 57 404 218 111 52 181 278 364 95 141 312 231 243 216 65 171 322 172 265 434 203 472 282 228 83 64 154 373 461 81 200 479 122 203 229 335 
482 0 289 351 350 127 258 369 113 134 489 497 495 138 301 92 172 164 221 351 135 469 301 492 471 401 174 310 480 479 167 293 84 275 249 436 471 157 487 322 
256 289 0 341 128 334 167 302 102 433 86 375 192 372 235 72 195 359 375 261 383 197 59 394 402 321 192 116 370 288 472 364 88 178 268 147 455 205 260 477 
180 351 341 0 196 79 278 368 484 259 395 58 234 285 482 130 251 296 192 300 459 75 86 308 327 191 82 101 359 97 339 100 60 196 370 271 124 64 426 245 
57 350 128 196 0 235 157 278 319 280 473 499 461 437 165 184 113 54 86 85 116 231 261 75 325 173 464 288 414 459 405 131 165 494 352 477 61 304 448 277 
404 127 334 79 235 0 248 68 341 92 193 438 178 162 500 160 177 225 437 242 471 67 263 335 284 187 196 104 387 158 68 475 62 220 431 330 463 91 257 333 
218 258 167 278 157 248 0 195 370 93 349 110 277 296 77 453 366 455 102 313 254 149 149 64 218 421 260 225 181 163 297 118 335 153 86 73 455 178 166 450 
111 369 302 368 278 68 195 0 376 321 290 238 53 293 159 175 112 179 268 279 383 281 414 90 445 82 120 430 465 372 269 135 250 457 335 51 278 313 260 258 
52 113 102 484 319 341 370 376 0 122 61 464 205 476 191 303 204 235 397 470 481 287 280 146 425 157 223 136 174 251 181 244 463 217 232 335 362 114 134 352 
181 134 433 259 280 92 93 321 122 0 150 157 349 499 261 321 231 275 431 452 371 260 441 486 416 323 402 395 236 294 376 457 498 276 302 57 197 247 484 110 
278 489 86 395 473 193 349 290 61 150 0 108 488 375 119 177 253 307 275 149 58 268 292 97 95 359 243 333 397 93 470 461 417 95 75 174 180 255 204 307 
364 497 375 58 499 438 110 238 464 157 108 0 193 241 75 303 171 488 382 197 287 316 249 362 232 189 360 103 310 131 182 420 383 59 299 267 407 497 456 274 
95 495 192 234 461 178 277 53 205 349 488 193 0 497 488 296 301 278 296 263 248 101 137 278 198 313 78 465 78 236 419 345 342 485 278 193 303 484 149 156 
141 138 372 285 437 162 296 293 476 499 375 241 497 0 329 176 486 433 110 371 115 357 317 309 136 283 276 55 291 440 307 135 258 117 416 243 73 313 255 54 
312 301 235 482 165 500 77 159 191 261 119 75 488 329 0 177 366 371 304 368 254 274 186 332 453 340 224 455 142 391 368 227 316 477 225 195 363 171 274 463 
231 92 72 130 184 160 453 175 303 321 177 303 296 176 177 0 336 471 166 344 498 167 361 377 238 237 107 415 131 265 358 212 261 391 429 95 236 161 69 85 
243 172 195 251 113 177 366 112 204 231 253 171 301 486 366 336 0 311 175 270 357 328 416 222 440 199 341 122 463 230 198 199 407 220 119 156 433 444 160 101 
216 164 359 296 54 225 455 179 235 275 307 488 278 433 371 471 311 0 306 161 202 235 418 111 194 141 119 483 355 240 339 131 397 445 429 187 287 165 99 189 
65 221 375 192 86 437 102 268 397 431 275 382 296 110 304 166 175 306 0 487 67 257 148 317 285 419 371 190 292 102 294 258 469 447 403 250 107 166 422 294 
171 351 261 300 85 242 313 279 470 452 149 197 263 371 368 344 270 161 487 0 342 308 383 464 301 347 124 296 377 192 144 443 350 254 414 434 418 345 96 69 
322 135 383 459 116 471 254 383 481 371 58 287 248 115 254 498 357 202 67 342 0 312 185 66 422 228 409 297 427 94 392 225 328 268 492 203 422 319 247 265 
172 469 197 75 231 67 149 281 287 260 268 316 101 357 274 167 328 235 257 308 312 0 170 160 300 127 107 481 482 345 193 149 324 345 204 217 425 214 483 104 
265 301 59 86 261 263 149 414 280 441 292 249 137 317 186 361 416 418 148 383 185 170 0 280 339 291 273 365 66 275 395 342 191 357 121 165 495 199 223 454 
434 492 394 308 75 335 64 90 146 486 97 362 278 309 332 377 222 111 317 464 66 160 280 0 298 167 50 167 429 227 443 326 153 95 310 486 54 119 97 487 
203 471 402 327 325 284 218 445 425 416 95 232 198 136 453 238 440 194 285 301 422 300 339 298 0 271 233 104 278 82 418 298 328 452 261 185 401 403 471 299 
472 401 321 191 173 187 421 82 157 323 359 189 313 283 340 237 199 141 419 347 228 127 291 167 271 0 326 480 253 498 121 260 157 319 231 368 448 436 259 375 
282 174 192 82 464 196 260 120 223 402 243 360 78 276 224 107 341 119 371 124 409 107 273 50 233 326 0 431 500 155 475 397 256 107 332 370 342 442 261 261 
228 310 116 101 288 104 225 430 136 395 333 103 465 55 455 415 122 483 190 296 297 481 365 167 104 480 431 0 151 310 172 479 306 404 261 377 355 111 125 176 
83 480 370 359 414 387 181 465 174 236 397 310 78 291 142 131 463 355 292 377 427 482 66 429 278 253 500 151 0 251 433 382 245 316 253 270 93 177 310 450 
64 479 288 97 459 158 163 372 251 294 93 131 236 440 391 265 230 240 102 192 94 345 275 227 82 498 155 310 251 0 491 85 498 294 178 454 483 351 435 450 
154 167 472 339 405 68 297 269 181 376 470 182 419 307 368 358 198 339 294 144 392 193 395 443 418 121 475 172 433 491 0 225 237 71 486 337 80 488 65 169 
373 293 364 100 131 475 118 135 244 457 461 420 345 135 227 212 199 131 258 443 225 149 342 326 298 260 397 479 382 85 225 0 412 347 403 455 373 330 245 284 
461 84 88 60 165 62 335 250 463 498 417 383 342 258 316 261 407 397 469 350 328 324 191 153 328 157 256 306 245 498 237 412 0 275 378 146 209 458 421 478 
81 275 178 196 494 220 153 457 217 276 95 59 485 117 477 391 220 445 447 254 268 345 357 95 452 319 107 404 316 294 71 347 275 0 461 435 485 399 275 353 
200 249 268 370 352 431 86 335 232 302 75 299 278 416 225 429 119 429 403 414 492 204 121 310 261 231 332 261 253 178 486 403 378 461 0 225 203 101 171 480 
479 436 147 271 477 330 73 51 335 57 174 267 193 243 195 95 156 187 250 434 203 217 165 486 185 368 370 377 270 454 337 455 146 435 225 0 220 468 369 255 
122 471 455 124 61 463 455 278 362 197 180 407 303 73 363 236 433 287 107 418 422 425 495 54 401 448 342 355 93 483 80 373 209 485 203 220 0 440 238 185 
203 157 205 64 304 91 178 313 114 247 255 497 484 313 171 161 444 165 166 345 319 214 199 119 403 436 442 111 177 351 488 330 458 399 101 468 440 0 494 185 
229 487 260 426 448 257 166 260 134 484 204 456 149 255 274 69 160 99 422 96 247 483 223 97 471 259 261 125 310 435 65 245 421 275 171 369 238 494 0 219 
335 322 477 245 277 333 450 258 352 110 307 274 156 54 463 85 101 189 294 69 265 104 454 487 299 375 261 176 450 450 169 284 478 353 480 255 185 185 219 0 

636.5 0 3
636.5 1 5
636.5 2 34
636.5 3 30
636.5 4 34
636.5 5 13
636.5 6 25
636.5 7 31
636.5 8 17
636.5 9 8
636.5 10 2
636.5 11 20
636.5 12 26
636.5 13 9
636.5 14 3
636.5 15 11
636.5 16 33
636.5 17 29
636.5 18 22
636.5 19 32
636.5 20 4
636.5 21 28
636.5 22 27
636.5 23 11
636.5 24 27
636.5 25 1
636.5 26 10
636.5 27 0
636.5 28 26
636.5 29 6
636.5 30 5
636.5 31 30
636.5 32 1
636.5 33 1
636.5 34 10
636.5 35 24
636.5 36 3
636.5 37 24
636.5 38 17
636.5 39 9
