40 40 3 156

0.25 0 1
0.25 0 4
0.25 0 6
0.25 0 7
0.25 0 16
0.25 0 17
0.25 0 27
0.25 0 34
0.25 0 36
0.25 1 5
0.25 1 8
0.25 1 9
0.25 1 14
0.25 1 15
0.25 1 17
0.25 1 28
0.25 1 36
0.25 1 39
0.25 2 5
0.25 2 12
0.25 2 13
0.25 2 23
0.25 2 28
0.25 2 38
0.25 3 18
0.25 3 19
0.25 3 23
0.25 3 26
0.25 3 31
0.25 3 37
0.25 4 11
0.25 4 12
0.25 4 16
0.25 4 22
0.25 4 28
0.25 5 9
0.25 5 16
0.25 5 18
0.25 5 21
0.25 5 33
0.25 5 35
0.25 6 7
0.25 6 15
0.25 6 22
0.25 6 24
0.25 6 30
0.25 7 13
0.25 7 15
0.25 7 25
0.25 7 37
0.25 8 12
0.25 8 13
0.25 8 18
0.25 8 24
0.25 8 32
0.25 8 38
0.25 9 10
0.25 9 12
0.25 9 20
0.25 9 29
0.25 9 33
0.25 9 38
0.25 10 11
0.25 10 25
0.25 10 30
0.25 10 35
0.25 11 15
0.25 11 21
0.25 11 25
0.25 11 26
0.25 11 29
0.25 11 37
0.25 12 20
0.25 12 22
0.25 12 24
0.25 12 26
0.25 12 30
0.25 12 32
0.25 12 37
0.25 13 18
0.25 13 28
0.25 13 39
0.25 14 18
0.25 14 20
0.25 14 24
0.25 15 19
0.25 15 22
0.25 15 25
0.25 15 29
0.25 15 31
0.25 16 31
0.25 16 39
0.25 17 18
0.25 17 21
0.25 17 22
0.25 17 23
0.25 17 28
0.25 17 29
0.25 17 33
0.25 18 25
0.25 18 27
0.25 18 29
0.25 18 31
0.25 18 32
0.25 18 38
0.25 19 26
0.25 19 27
0.25 19 31
0.25 19 36
0.25 19 39
0.25 20 23
0.25 20 24
0.25 20 25
0.25 20 30
0.25 20 31
0.25 20 32
0.25 21 22
0.25 21 24
0.25 21 32
0.25 21 33
0.25 21 38
0.25 22 24
0.25 22 29
0.25 22 38
0.25 23 28
0.25 23 33
0.25 23 37
0.25 23 38
0.25 24 29
0.25 25 27
0.25 25 28
0.25 25 32
0.25 25 34
0.25 26 28
0.25 26 36
0.25 27 30
0.25 27 33
0.25 28 30
0.25 28 31
0.25 28 36
0.25 28 37
0.25 29 30
0.25 29 32
0.25 29 33
0.25 30 35
0.25 31 33
0.25 31 34
0.25 31 39
0.25 32 39
0.25 33 34
0.25 33 39
0.25 34 38
0.25 34 39
0.25 35 36
0.25 35 39
0.25 38 39

0 366 98 176 466 160 497 395 292 52 194 220 493 358 68 389 231 55 50 399 452 427 367 493 83 161 228 414 403 143 185 192 186 457 294 359 326 75 192 483 
366 0 94 497 141 466 460 378 219 212 262 287 75 330 429 186 156 258 90 86 226 146 215 276 398 188 168 363 119 244 485 311 109 65 266 101 195 189 225 422 
98 94 0 304 258 216 192 287 448 317 212 419 263 373 320 311 496 227 129 221 324 260 148 313 239 163 77 297 483 305 422 323 320 64 139 495 116 101 152 247 
176 497 304 0 182 119 407 244 364 467 92 378 309 358 91 387 159 392 293 133 357 436 347 204 383 400 250 456 460 496 136 320 456 169 170 240 130 203 371 375 
466 141 258 182 0 263 132 410 474 344 169 285 248 200 452 250 182 214 357 313 182 201 220 393 327 208 149 57 240 314 496 397 213 359 62 320 398 60 445 479 
160 466 216 119 263 0 365 312 492 428 294 344 313 143 127 140 293 73 339 136 292 351 317 308 164 278 422 475 346 494 174 318 344 170 267 219 235 462 445 409 
497 460 192 407 132 365 0 451 246 432 164 325 443 443 83 259 317 150 118 75 334 486 139 89 283 68 361 331 257 212 156 444 156 297 382 370 296 294 192 141 
395 378 287 244 410 312 451 0 470 266 270 149 387 100 233 315 260 479 113 134 468 129 67 480 391 449 287 291 195 260 245 52 422 422 269 97 357 240 51 435 
292 219 448 364 474 492 246 470 0 497 378 317 79 69 341 290 326 69 352 129 264 234 60 77 156 382 84 224 109 95 336 62 113 261 468 497 178 462 470 54 
52 212 317 467 344 428 432 266 497 0 401 73 195 229 98 108 256 209 199 403 274 148 466 162 58 464 260 430 231 419 366 279 385 500 423 413 372 229 209 50 
194 262 212 92 169 294 164 270 378 401 0 101 80 225 187 257 307 235 457 384 481 101 444 195 411 87 202 212 476 161 291 124 497 251 278 216 204 62 393 313 
220 287 419 378 285 344 325 149 317 73 101 0 498 397 153 96 374 322 468 59 128 185 363 175 66 208 313 291 350 361 254 59 122 91 121 252 385 136 351 274 
493 75 263 309 248 313 443 387 79 195 80 498 0 465 492 128 394 494 477 349 379 324 433 459 157 128 278 216 162 356 477 483 124 303 93 443 473 115 212 328 
358 330 373 358 200 143 443 100 69 229 225 397 465 0 73 436 166 378 129 384 274 376 380 121 218 320 150 454 161 137 151 101 304 397 168 370 294 351 59 135 
68 429 320 91 452 127 83 233 341 98 187 153 492 73 0 478 121 299 473 99 55 249 63 198 106 99 194 51 269 211 109 368 440 414 256 348 436 319 249 220 
389 186 311 387 250 140 259 315 290 108 257 96 128 436 478 0 417 224 234 428 463 212 490 304 136 441 449 368 403 468 320 299 373 391 324 257 323 310 390 325 
231 156 496 159 182 293 317 260 326 256 307 374 394 166 121 417 0 240 63 177 293 167 121 139 245 84 394 473 328 455 68 371 381 185 448 151 175 185 410 280 
55 258 227 392 214 73 150 479 69 209 235 322 494 378 299 224 240 0 364 407 141 289 142 208 218 216 109 486 222 186 284 142 82 74 390 139 386 381 379 294 
50 90 129 293 357 339 118 113 352 199 457 468 477 129 473 234 63 364 0 473 244 179 223 477 488 458 283 224 160 127 275 82 161 330 315 344 131 53 270 103 
399 86 221 133 313 136 75 134 129 403 384 59 349 384 99 428 177 407 473 0 377 381 219 289 126 398 420 166 402 282 411 352 233 427 281 144 232 167 327 194 
452 226 324 357 182 292 334 468 264 274 481 128 379 274 55 463 293 141 244 377 0 62 194 70 384 384 158 434 194 114 117 53 292 491 292 175 245 399 115 96 
427 146 260 436 201 351 486 129 234 148 101 185 324 376 249 212 167 289 179 381 62 0 114 409 316 270 223 117 146 237 263 149 260 334 137 244 335 472 447 230 
367 215 148 347 220 317 139 67 60 466 444 363 433 380 63 490 121 142 223 219 194 114 0 168 274 240 454 225 126 184 475 115 298 196 287 309 356 194 291 300 
493 276 313 204 393 308 89 480 77 162 195 175 459 121 198 304 139 208 477 289 70 409 168 0 187 336 324 216 66 465 60 478 269 116 85 351 487 424 195 246 
83 398 239 383 327 164 283 391 156 58 411 66 157 218 106 136 245 218 488 126 384 316 274 187 0 194 387 243 286 89 397 159 125 55 401 360 276 173 368 499 
161 188 163 400 208 278 68 449 382 464 87 208 128 320 99 441 84 216 458 398 384 270 240 336 194 0 107 89 400 467 439 218 222 294 459 497 312 418 279 130 
228 168 77 250 149 422 361 287 84 260 202 313 278 150 194 449 394 109 283 420 158 223 454 324 387 107 0 146 449 481 100 417 392 314 470 418 469 237 414 253 
414 363 297 456 57 475 331 291 224 430 212 291 216 454 51 368 473 486 224 166 434 117 225 216 243 89 146 0 209 326 119 416 492 222 409 292 76 471 303 188 
403 119 483 460 240 346 257 195 109 231 476 350 162 161 269 403 328 222 160 402 194 146 126 66 286 400 449 209 0 122 176 288 460 435 238 235 74 257 421 319 
143 244 305 496 314 494 212 260 95 419 161 361 356 137 211 468 455 186 127 282 114 237 184 465 89 467 481 326 122 0 132 92 190 58 116 456 446 374 400 205 
185 485 422 136 496 174 156 245 336 366 291 254 477 151 109 320 68 284 275 411 117 263 475 60 397 439 100 119 176 132 0 498 489 73 433 276 67 422 443 226 
192 311 323 320 397 318 444 52 62 279 124 59 483 101 368 299 371 142 82 352 53 149 115 478 159 218 417 416 288 92 498 0 352 391 483 94 107 489 112 57 
186 109 320 456 213 344 156 422 113 385 497 122 124 304 440 373 381 82 161 233 292 260 298 269 125 222 392 492 460 190 489 352 0 73 332 56 347 269 331 334 
457 65 64 169 359 170 297 422 261 500 251 91 303 397 414 391 185 74 330 427 491 334 196 116 55 294 314 222 435 58 73 391 73 0 278 477 340 229 301 423 
294 266 139 170 62 267 382 269 468 423 278 121 93 168 256 324 448 390 315 281 292 137 287 85 401 459 470 409 238 116 433 483 332 278 0 491 187 191 189 139 
359 101 495 240 320 219 370 97 497 413 216 252 443 370 348 257 151 139 344 144 175 244 309 351 360 497 418 292 235 456 276 94 56 477 491 0 245 486 482 68 
326 195 116 130 398 235 296 357 178 372 204 385 473 294 436 323 175 386 131 232 245 335 356 487 276 312 469 76 74 446 67 107 347 340 187 245 0 190 453 87 
75 189 101 203 60 462 294 240 462 229 62 136 115 351 319 310 185 381 53 167 399 472 194 424 173 418 237 471 257 374 422 489 269 229 191 486 190 0 88 230 
192 225 152 371 445 445 192 51 470 209 393 351 212 59 249 390 410 379 270 327 115 447 291 195 368 279 414 303 421 400 443 112 331 301 189 482 453 88 0 453 
483 422 247 375 479 409 141 435 54 50 313 274 328 135 220 325 280 294 103 194 96 230 300 246 499 130 253 188 319 205 226 57 334 423 139 68 87 230 453 0 

797.28 0 33
797.28 1 3
797.28 2 12
797.28 3 37
797.28 4 29
797.28 5 3
797.28 6 25
797.28 7 33
797.28 8 25
797.28 9 38
797.28 10 11
797.28 11 19
797.28 12 38
797.28 13 37
797.28 14 4
797.28 15 25
797.28 16 3
797.28 17 22
797.28 18 10
797.28 19 7
797.28 20 16
797.28 21 28
797.28 22 9
797.28 23 0
797.28 24 26
797.28 25 32
797.28 26 1
797.28 27 4
797.28 28 20
797.28 29 16
797.28 30 38
797.28 31 14
797.28 32 20
797.28 33 11
797.28 34 1
797.28 35 10
797.28 36 3
797.28 37 27
797.28 38 5
797.28 39 29
