50 50 3 306

0.3 0 2
0.3 0 4
0.3 0 7
0.3 0 8
0.3 0 16
0.3 0 18
0.3 0 23
0.3 0 28
0.3 0 29
0.3 0 33
0.3 0 42
0.3 0 45
0.3 0 48
0.3 0 49
0.3 1 3
0.3 1 5
0.3 1 10
0.3 1 15
0.3 1 18
0.3 1 24
0.3 1 29
0.3 1 30
0.3 1 31
0.3 1 36
0.3 1 44
0.3 1 46
0.3 2 7
0.3 2 29
0.3 2 30
0.3 2 31
0.3 2 33
0.3 2 34
0.3 2 37
0.3 2 38
0.3 2 44
0.3 2 49
0.3 3 4
0.3 3 9
0.3 3 11
0.3 3 18
0.3 3 20
0.3 3 21
0.3 3 22
0.3 3 23
0.3 3 33
0.3 3 46
0.3 3 49
0.3 4 5
0.3 4 7
0.3 4 9
0.3 4 11
0.3 4 14
0.3 4 15
0.3 4 17
0.3 4 18
0.3 4 21
0.3 4 27
0.3 4 28
0.3 4 33
0.3 4 35
0.3 4 40
0.3 4 46
0.3 4 48
0.3 5 10
0.3 5 12
0.3 5 14
0.3 5 17
0.3 5 21
0.3 5 23
0.3 5 30
0.3 5 35
0.3 5 37
0.3 5 41
0.3 5 42
0.3 6 15
0.3 6 17
0.3 6 18
0.3 6 21
0.3 6 22
0.3 6 23
0.3 6 24
0.3 6 28
0.3 6 29
0.3 6 37
0.3 6 38
0.3 6 49
0.3 7 19
0.3 7 20
0.3 7 23
0.3 7 24
0.3 7 26
0.3 7 34
0.3 7 40
0.3 7 43
0.3 8 17
0.3 8 20
0.3 8 22
0.3 8 28
0.3 8 31
0.3 8 34
0.3 8 40
0.3 8 45
0.3 8 49
0.3 9 10
0.3 9 14
0.3 9 21
0.3 9 25
0.3 9 29
0.3 9 36
0.3 9 48
0.3 10 16
0.3 10 17
0.3 10 20
0.3 10 21
0.3 10 22
0.3 10 33
0.3 10 43
0.3 10 44
0.3 10 45
0.3 10 47
0.3 10 49
0.3 11 13
0.3 11 17
0.3 11 21
0.3 11 23
0.3 11 24
0.3 11 29
0.3 11 34
0.3 11 35
0.3 11 36
0.3 11 37
0.3 11 38
0.3 11 42
0.3 12 14
0.3 12 18
0.3 12 20
0.3 12 26
0.3 12 27
0.3 12 34
0.3 12 38
0.3 13 15
0.3 13 18
0.3 13 20
0.3 13 22
0.3 13 24
0.3 13 27
0.3 13 30
0.3 13 34
0.3 13 35
0.3 13 37
0.3 13 38
0.3 13 40
0.3 13 44
0.3 14 17
0.3 14 18
0.3 14 22
0.3 14 24
0.3 14 27
0.3 14 30
0.3 14 34
0.3 14 36
0.3 14 37
0.3 14 38
0.3 14 40
0.3 14 41
0.3 14 44
0.3 15 16
0.3 15 25
0.3 15 27
0.3 15 32
0.3 15 38
0.3 15 45
0.3 15 47
0.3 15 48
0.3 16 20
0.3 16 34
0.3 16 40
0.3 16 45
0.3 17 20
0.3 17 22
0.3 17 24
0.3 17 32
0.3 17 48
0.3 18 23
0.3 18 35
0.3 18 39
0.3 18 42
0.3 18 46
0.3 19 21
0.3 19 23
0.3 19 30
0.3 19 32
0.3 19 33
0.3 19 39
0.3 19 42
0.3 19 44
0.3 19 49
0.3 20 22
0.3 20 33
0.3 20 42
0.3 21 30
0.3 21 31
0.3 21 34
0.3 21 36
0.3 21 40
0.3 21 41
0.3 21 43
0.3 21 45
0.3 21 48
0.3 22 25
0.3 22 28
0.3 22 39
0.3 22 40
0.3 22 42
0.3 22 43
0.3 23 24
0.3 23 25
0.3 23 28
0.3 23 29
0.3 23 41
0.3 23 45
0.3 24 29
0.3 24 33
0.3 24 41
0.3 24 46
0.3 25 26
0.3 25 33
0.3 25 35
0.3 25 36
0.3 25 37
0.3 25 39
0.3 25 40
0.3 25 43
0.3 25 44
0.3 26 31
0.3 26 33
0.3 26 40
0.3 26 43
0.3 27 33
0.3 27 39
0.3 27 42
0.3 27 44
0.3 28 30
0.3 28 34
0.3 28 35
0.3 28 36
0.3 28 37
0.3 28 40
0.3 28 44
0.3 29 30
0.3 29 34
0.3 29 36
0.3 29 40
0.3 29 45
0.3 30 31
0.3 30 32
0.3 30 34
0.3 30 38
0.3 30 41
0.3 30 42
0.3 30 45
0.3 31 33
0.3 31 37
0.3 31 44
0.3 31 46
0.3 31 47
0.3 32 35
0.3 32 45
0.3 33 36
0.3 33 37
0.3 33 40
0.3 33 42
0.3 33 47
0.3 33 48
0.3 33 49
0.3 34 36
0.3 34 38
0.3 34 39
0.3 34 44
0.3 34 45
0.3 34 46
0.3 35 40
0.3 35 42
0.3 35 48
0.3 36 41
0.3 36 44
0.3 37 44
0.3 37 47
0.3 38 43
0.3 38 45
0.3 39 40
0.3 39 44
0.3 39 48
0.3 40 44
0.3 40 45
0.3 40 48
0.3 41 44
0.3 41 48
0.3 42 46
0.3 43 46
0.3 44 45
0.3 44 47
0.3 44 48
0.3 44 49
0.3 46 48
0.3 47 48

0 104 159 405 442 167 291 232 357 387 340 142 293 267 61 346 112 425 91 369 452 452 352 255 320 466 336 476 295 394 220 173 72 122 133 333 418 422 307 398 495 138 290 145 124 83 82 222 496 228 
104 0 124 213 96 375 434 194 428 219 493 114 416 190 471 102 419 55 130 177 251 425 219 88 240 171 253 389 466 319 331 273 181 243 331 111 443 288 411 330 365 335 87 75 455 365 216 289 108 114 
159 124 0 488 277 209 324 408 118 52 186 448 447 119 479 449 207 469 434 202 490 401 135 445 442 367 81 225 105 60 93 440 345 272 330 173 386 57 337 235 82 443 303 361 181 424 485 383 385 154 
405 213 488 0 411 170 188 74 167 163 371 355 296 120 141 79 83 210 96 214 125 230 315 261 154 383 300 316 393 189 245 423 201 428 331 55 145 274 277 424 177 441 467 268 439 374 189 85 436 397 
442 96 277 411 0 145 218 360 293 337 180 177 78 402 293 75 397 80 370 393 371 265 281 85 401 144 276 319 197 491 97 224 355 487 228 68 427 362 71 250 391 248 309 463 152 289 303 167 120 148 
167 375 209 170 145 0 185 329 193 377 354 131 490 187 256 138 55 313 293 453 91 163 122 265 61 282 159 267 200 115 439 243 87 247 172 309 259 239 241 309 300 218 58 422 289 205 423 371 292 402 
291 434 324 188 218 185 0 263 278 245 55 424 379 81 385 148 82 309 192 185 410 295 170 484 199 190 472 276 324 288 235 118 476 397 467 261 375 75 397 221 340 261 457 257 211 343 423 216 148 378 
232 194 408 74 360 329 263 0 457 252 118 294 273 70 208 352 359 138 317 130 59 489 52 99 190 170 397 350 464 394 369 165 470 343 250 471 288 369 96 275 428 185 241 226 256 280 103 92 436 305 
357 428 118 167 293 193 278 457 0 497 254 130 241 280 409 246 390 59 267 231 67 422 244 283 266 228 233 67 469 473 433 112 356 186 186 277 146 98 353 463 180 403 201 248 170 79 312 172 493 342 
387 219 52 163 337 377 245 252 497 0 169 323 131 352 387 286 448 301 174 303 492 229 313 335 444 132 355 51 90 318 335 257 233 316 256 374 368 264 261 394 369 285 292 167 134 452 364 187 116 237 
340 493 186 371 180 354 55 118 254 169 0 278 320 224 444 383 475 472 414 258 130 54 454 268 341 274 247 216 446 113 341 450 420 308 453 280 232 405 76 135 70 394 99 317 155 263 228 95 332 222 
142 114 448 355 177 131 424 294 130 323 278 0 233 341 399 266 276 482 346 278 204 129 376 369 234 335 465 489 75 197 250 403 466 82 262 155 301 405 214 182 390 398 228 331 448 136 357 395 151 357 
293 416 447 296 78 490 379 273 241 131 320 233 0 479 472 272 147 279 127 133 117 430 420 150 479 350 495 155 314 358 399 458 397 497 406 388 301 170 124 75 145 284 175 147 260 419 133 382 459 393 
267 190 119 120 402 187 81 70 280 352 224 341 479 0 423 234 129 412 189 56 464 250 390 256 312 423 367 399 447 58 489 104 474 126 103 494 153 75 91 268 207 227 161 469 64 416 66 468 483 113 
61 471 479 141 293 256 385 208 409 387 444 399 472 423 0 196 454 178 477 359 356 205 140 197 217 231 399 99 241 222 315 147 112 200 378 238 239 406 319 457 68 64 172 419 383 162 214 471 88 122 
346 102 449 79 75 138 148 352 246 286 383 266 272 234 196 0 69 341 132 67 281 56 82 270 77 322 333 108 59 379 163 272 168 150 308 205 85 158 447 331 321 255 231 365 293 363 91 57 279 157 
112 419 207 83 397 55 82 359 390 448 475 276 147 129 454 69 0 331 364 309 356 291 184 258 94 366 347 119 308 212 417 218 398 410 263 433 149 274 467 174 438 491 355 198 341 347 486 178 423 340 
425 55 469 210 80 313 309 138 59 301 472 482 279 412 178 341 331 0 187 228 64 114 128 148 51 71 234 301 346 169 193 64 333 402 133 422 199 361 361 323 479 226 490 402 425 157 311 261 115 67 
91 130 434 96 370 293 192 317 267 174 414 346 127 189 477 132 364 187 0 66 172 65 454 289 52 55 182 182 108 388 325 171 496 454 318 232 415 363 464 143 318 193 264 65 75 137 364 167 98 405 
369 177 202 214 393 453 185 130 231 303 258 278 133 56 359 67 309 228 66 0 436 308 119 211 169 100 269 468 123 226 86 249 354 499 233 78 51 65 426 259 51 129 327 398 263 439 171 234 235 113 
452 251 490 125 371 91 410 59 67 492 130 204 117 464 356 281 356 64 172 436 0 312 339 474 151 333 415 133 415 465 80 100 383 304 478 497 489 399 427 277 496 359 204 382 492 76 282 61 463 74 
452 425 401 230 265 163 295 489 422 229 54 129 430 250 205 56 291 114 65 308 312 0 83 208 258 222 211 479 359 446 258 408 403 471 76 461 249 373 324 431 499 321 385 217 374 301 425 200 328 381 
352 219 135 315 281 122 170 52 244 313 454 376 420 390 140 82 184 128 454 119 339 83 0 101 317 334 341 408 255 299 50 457 310 395 146 172 249 426 305 179 334 176 133 400 158 182 219 213 90 330 
255 88 445 261 85 265 484 99 283 335 268 369 150 256 197 270 258 148 289 211 474 208 101 0 128 134 193 473 138 379 232 307 190 52 368 195 499 92 406 469 411 356 274 327 277 235 302 159 482 390 
320 240 442 154 401 61 199 190 266 444 341 234 479 312 217 77 94 51 52 169 151 258 317 128 0 224 216 455 199 61 56 139 248 206 72 339 85 67 160 281 265 238 202 176 351 174 472 251 207 396 
466 171 367 383 144 282 190 170 228 132 274 335 350 423 231 322 366 71 55 100 333 222 334 134 224 0 391 323 440 260 136 220 236 184 144 335 87 253 106 460 107 106 137 410 261 339 52 261 441 405 
336 253 81 300 276 159 472 397 233 355 247 465 495 367 399 333 347 234 182 269 415 211 341 193 216 391 0 183 497 468 243 393 289 496 199 248 304 360 379 498 211 244 61 436 446 270 273 190 152 177 
476 389 225 316 319 267 276 350 67 51 216 489 155 399 99 108 119 301 182 468 133 479 408 473 455 323 183 0 171 210 474 89 494 499 172 304 204 361 454 358 438 161 230 327 76 339 488 159 418 186 
295 466 105 393 197 200 324 464 469 90 446 75 314 447 241 59 308 346 108 123 415 359 255 138 199 440 497 171 0 200 103 193 135 125 456 130 194 173 338 311 139 326 484 120 238 358 423 393 308 274 
394 319 60 189 491 115 288 394 473 318 113 197 358 58 222 379 212 169 388 226 465 446 299 379 61 260 468 210 200 0 403 202 442 394 103 132 194 273 214 475 427 265 201 336 432 252 369 445 450 193 
220 331 93 245 97 439 235 369 433 335 341 250 399 489 315 163 417 193 325 86 80 258 50 232 56 136 243 474 103 403 0 198 192 362 466 305 328 130 486 332 178 214 493 282 289 263 420 231 185 312 
173 273 440 423 224 243 118 165 112 257 450 403 458 104 147 272 218 64 171 249 100 408 457 307 139 220 393 89 193 202 198 0 364 197 296 413 318 301 144 415 341 171 273 422 68 391 211 321 59 208 
72 181 345 201 355 87 476 470 356 233 420 466 397 474 112 168 398 333 496 354 383 403 310 190 248 236 289 494 135 442 192 364 0 343 384 400 137 267 331 60 291 100 445 117 386 116 84 440 265 257 
122 243 272 428 487 247 397 343 186 316 308 82 497 126 200 150 410 402 454 499 304 471 395 52 206 184 496 499 125 394 362 197 343 0 295 184 213 137 79 67 417 364 296 349 420 186 404 320 276 416 
133 331 330 331 228 172 467 250 186 256 453 262 406 103 378 308 263 133 318 233 478 76 146 368 72 144 199 172 456 103 466 296 384 295 0 418 413 75 371 94 224 111 446 189 457 471 106 113 446 104 
333 111 173 55 68 309 261 471 277 374 280 155 388 494 238 205 433 422 232 78 497 461 172 195 339 335 248 304 130 132 305 413 400 184 418 0 270 335 352 467 388 54 460 286 244 111 94 106 91 356 
418 443 386 145 427 259 375 288 146 368 232 301 301 153 239 85 149 199 415 51 489 249 249 499 85 87 304 204 194 194 328 318 137 213 413 270 0 82 477 82 217 288 60 271 208 342 83 191 67 317 
422 288 57 274 362 239 75 369 98 264 405 405 170 75 406 158 274 361 363 65 399 373 426 92 67 253 360 361 173 273 130 301 267 137 75 335 82 0 475 265 270 78 402 153 374 314 479 279 300 188 
307 411 337 277 71 241 397 96 353 261 76 214 124 91 319 447 467 361 464 426 427 324 305 406 160 106 379 454 338 214 486 144 331 79 371 352 477 475 0 241 315 397 200 463 451 97 147 149 477 367 
398 330 235 424 250 309 221 275 463 394 135 182 75 268 457 331 174 323 143 259 277 431 179 469 281 460 498 358 311 475 332 415 60 67 94 467 82 265 241 0 103 190 211 225 329 127 345 69 267 366 
495 365 82 177 391 300 340 428 180 369 70 390 145 207 68 321 438 479 318 51 496 499 334 411 265 107 211 438 139 427 178 341 291 417 224 388 217 270 315 103 0 313 401 477 458 472 342 173 366 131 
138 335 443 441 248 218 261 185 403 285 394 398 284 227 64 255 491 226 193 129 359 321 176 356 238 106 244 161 326 265 214 171 100 364 111 54 288 78 397 190 313 0 249 279 312 310 81 401 308 89 
290 87 303 467 309 58 457 241 201 292 99 228 175 161 172 231 355 490 264 327 204 385 133 274 202 137 61 230 484 201 493 273 445 296 446 460 60 402 200 211 401 249 0 56 276 420 201 171 124 429 
145 75 361 268 463 422 257 226 248 167 317 331 147 469 419 365 198 402 65 398 382 217 400 327 176 410 436 327 120 336 282 422 117 349 189 286 271 153 463 225 477 279 56 0 425 146 181 261 80 475 
124 455 181 439 152 289 211 256 170 134 155 448 260 64 383 293 341 425 75 263 492 374 158 277 351 261 446 76 238 432 289 68 386 420 457 244 208 374 451 329 458 312 276 425 0 432 304 368 291 359 
83 365 424 374 289 205 343 280 79 452 263 136 419 416 162 363 347 157 137 439 76 301 182 235 174 339 270 339 358 252 263 391 116 186 471 111 342 314 97 127 472 310 420 146 432 0 122 141 163 50 
82 216 485 189 303 423 423 103 312 364 228 357 133 66 214 91 486 311 364 171 282 425 219 302 472 52 273 488 423 369 420 211 84 404 106 94 83 479 147 345 342 81 201 181 304 122 0 268 66 338 
222 289 383 85 167 371 216 92 172 187 95 395 382 468 471 57 178 261 167 234 61 200 213 159 251 261 190 159 393 445 231 321 440 320 113 106 191 279 149 69 173 401 171 261 368 141 268 0 420 405 
496 108 385 436 120 292 148 436 493 116 332 151 459 483 88 279 423 115 98 235 463 328 90 482 207 441 152 418 308 450 185 59 265 276 446 91 67 300 477 267 366 308 124 80 291 163 66 420 0 275 
228 114 154 397 148 402 378 305 342 237 222 357 393 113 122 157 340 67 405 113 74 381 330 390 396 405 177 186 274 193 312 208 257 416 104 356 317 188 367 366 131 89 429 475 359 50 338 405 275 0 

1442.5 0 12
1442.5 1 33
1442.5 2 35
1442.5 3 29
1442.5 4 36
1442.5 5 6
1442.5 6 16
1442.5 7 29
1442.5 8 9
1442.5 9 38
1442.5 10 35
1442.5 11 12
1442.5 12 16
1442.5 13 40
1442.5 14 20
1442.5 15 39
1442.5 16 38
1442.5 17 42
1442.5 18 17
1442.5 19 47
1442.5 20 34
1442.5 21 9
1442.5 22 1
1442.5 23 5
1442.5 24 21
1442.5 25 28
1442.5 26 34
1442.5 27 12
1442.5 28 7
1442.5 29 22
1442.5 30 43
1442.5 31 19
1442.5 32 6
1442.5 33 29
1442.5 34 4
1442.5 35 48
1442.5 36 40
1442.5 37 21
1442.5 38 28
1442.5 39 5
1442.5 40 10
1442.5 41 15
1442.5 42 17
1442.5 43 32
1442.5 44 6
1442.5 45 42
1442.5 46 22
1442.5 47 1
1442.5 48 40
1442.5 49 44

