40 40 3 78

0.2 0 12
0.2 0 38
0.2 1 17
0.2 1 20
0.2 1 26
0.2 1 31
0.2 1 35
0.2 2 3
0.2 2 11
0.2 2 18
0.2 2 21
0.2 2 22
0.2 2 26
0.2 2 35
0.2 2 38
0.2 5 6
0.2 5 21
0.2 5 25
0.2 5 31
0.2 5 32
0.2 6 7
0.2 6 9
0.2 6 23
0.2 6 32
0.2 7 9
0.2 8 12
0.2 8 27
0.2 8 30
0.2 8 36
0.2 9 19
0.2 9 21
0.2 9 37
0.2 10 11
0.2 10 12
0.2 10 24
0.2 11 20
0.2 11 34
0.2 13 21
0.2 13 28
0.2 14 15
0.2 14 16
0.2 14 18
0.2 14 26
0.2 14 38
0.2 15 16
0.2 15 20
0.2 15 23
0.2 15 35
0.2 17 22
0.2 17 24
0.2 17 26
0.2 17 30
0.2 17 37
0.2 17 39
0.2 18 38
0.2 19 27
0.2 19 29
0.2 19 30
0.2 19 33
0.2 19 35
0.2 20 22
0.2 20 39
0.2 21 24
0.2 22 36
0.2 23 35
0.2 24 26
0.2 25 37
0.2 25 39
0.2 27 30
0.2 28 34
0.2 28 39
0.2 29 34
0.2 30 36
0.2 31 33
0.2 31 39
0.2 33 34
0.2 33 38
0.2 33 39

0 251 372 73 397 229 346 195 92 392 330 281 157 376 474 352 209 360 377 92 288 319 380 325 322 319 84 252 387 77 404 328 485 117 156 290 451 94 151 487 
251 0 412 274 189 405 268 417 109 176 458 203 327 241 343 141 77 195 119 411 95 495 263 169 80 83 357 229 417 203 417 326 463 426 173 99 252 166 126 179 
372 412 0 156 345 271 309 172 412 99 373 88 151 88 424 322 70 75 196 456 276 399 352 172 393 241 133 371 357 265 387 71 95 282 171 314 88 239 217 200 
73 274 156 0 303 415 314 159 294 236 345 289 207 84 220 169 52 479 324 376 57 423 260 138 489 433 404 496 244 414 106 421 405 374 426 283 137 291 306 154 
397 189 345 303 0 240 129 128 431 185 271 246 62 369 278 468 451 369 106 256 470 362 162 485 366 268 149 128 375 119 388 138 100 380 272 122 80 373 157 240 
229 405 271 415 240 0 127 288 79 485 209 354 493 211 399 269 241 51 251 385 88 108 444 460 336 441 140 405 85 121 56 410 455 320 493 273 314 299 170 323 
346 268 309 314 129 127 0 301 73 140 422 407 191 366 328 414 487 392 98 245 331 352 103 462 50 388 222 108 114 365 382 427 88 149 494 396 248 389 281 386 
195 417 172 159 128 288 301 0 411 162 172 246 153 376 104 258 349 333 354 272 354 375 395 267 237 296 389 418 371 444 460 470 276 165 316 187 365 163 154 156 
92 109 412 294 431 79 73 411 0 155 125 491 154 442 500 138 275 346 305 86 418 299 281 58 160 227 331 308 370 363 371 125 79 362 460 329 491 406 53 461 
392 176 99 236 185 485 140 162 155 0 301 436 53 69 241 124 91 223 270 415 261 93 167 97 377 488 361 207 225 185 81 298 336 338 163 276 257 205 272 368 
330 458 373 345 271 209 422 172 125 301 0 476 189 170 324 124 104 163 425 334 263 138 214 237 116 492 156 264 185 70 78 257 483 261 115 405 354 325 168 51 
281 203 88 289 246 354 407 246 491 436 476 0 111 230 248 220 466 65 313 153 481 86 482 116 455 92 479 236 494 439 56 153 389 170 349 334 148 247 111 253 
157 327 151 207 62 493 191 153 154 53 189 111 0 472 382 273 365 202 323 160 304 138 65 64 361 323 249 95 483 361 309 60 102 299 174 470 291 269 173 497 
376 241 88 84 369 211 366 376 442 69 170 230 472 0 183 350 302 463 178 210 174 364 136 349 282 492 159 301 99 206 468 65 255 390 268 303 157 291 75 453 
474 343 424 220 278 399 328 104 500 241 324 248 382 183 0 341 103 356 379 223 192 301 343 267 172 487 205 97 257 432 367 327 423 61 299 490 109 177 416 239 
352 141 322 169 468 269 414 258 138 124 124 220 273 350 341 0 498 361 224 307 386 314 331 117 128 190 236 409 426 99 221 133 392 447 244 158 211 285 187 140 
209 77 70 52 451 241 487 349 275 91 104 466 365 302 103 498 0 246 410 484 136 159 194 243 497 368 150 279 144 255 155 443 197 451 399 84 341 63 482 134 
360 195 75 479 369 51 392 333 346 223 163 65 202 463 356 361 246 0 357 486 76 338 217 498 220 309 455 296 264 395 172 433 111 364 205 97 114 352 396 500 
377 119 196 324 106 251 98 354 305 270 425 313 323 178 379 224 410 357 0 264 130 167 129 234 315 351 58 67 229 475 182 255 353 425 433 462 260 195 86 413 
92 411 456 376 256 385 245 272 86 415 334 153 160 210 223 307 484 486 264 0 114 283 237 163 113 229 348 191 259 105 50 124 479 200 75 214 431 201 423 357 
288 95 276 57 470 88 331 354 418 261 263 481 304 174 192 386 136 76 130 114 0 98 306 479 234 90 197 482 494 159 147 433 250 482 108 478 65 148 452 322 
319 495 399 423 362 108 352 375 299 93 138 86 138 364 301 314 159 338 167 283 98 0 372 250 370 474 198 167 475 203 237 108 412 177 353 299 66 308 487 240 
380 263 352 260 162 444 103 395 281 167 214 482 65 136 343 331 194 217 129 237 306 372 0 249 86 63 216 352 483 71 159 68 497 197 180 98 225 250 144 91 
325 169 172 138 485 460 462 267 58 97 237 116 64 349 267 117 243 498 234 163 479 250 249 0 301 87 212 246 391 152 56 298 498 421 430 383 204 481 426 405 
322 80 393 489 366 336 50 237 160 377 116 455 361 282 172 128 497 220 315 113 234 370 86 301 0 400 256 221 212 384 465 322 233 155 131 245 188 400 103 168 
319 83 241 433 268 441 388 296 227 488 492 92 323 492 487 190 368 309 351 229 90 474 63 87 400 0 151 255 356 53 468 483 479 165 178 100 297 442 115 109 
84 357 133 404 149 140 222 389 331 361 156 479 249 159 205 236 150 455 58 348 197 198 216 212 256 151 0 151 449 249 147 265 262 278 406 88 163 105 65 205 
252 229 371 496 128 405 108 418 308 207 264 236 95 301 97 409 279 296 67 191 482 167 352 246 221 255 151 0 164 302 469 419 358 291 447 188 342 243 116 108 
387 417 357 244 375 85 114 371 370 225 185 494 483 99 257 426 144 264 229 259 494 475 483 391 212 356 449 164 0 360 216 451 186 477 52 415 175 221 121 442 
77 203 265 414 119 121 365 444 363 185 70 439 361 206 432 99 255 395 475 105 159 203 71 152 384 53 249 302 360 0 399 187 155 159 205 122 386 475 235 331 
404 417 387 106 388 56 382 460 371 81 78 56 309 468 367 221 155 172 182 50 147 237 159 56 465 468 147 469 216 399 0 317 381 168 237 253 486 117 377 486 
328 326 71 421 138 410 427 470 125 298 257 153 60 65 327 133 443 433 255 124 433 108 68 298 322 483 265 419 451 187 317 0 170 93 158 204 125 265 429 428 
485 463 95 405 100 455 88 276 79 336 483 389 102 255 423 392 197 111 353 479 250 412 497 498 233 479 262 358 186 155 381 170 0 291 328 379 137 140 68 461 
117 426 282 374 380 320 149 165 362 338 261 170 299 390 61 447 451 364 425 200 482 177 197 421 155 165 278 291 477 159 168 93 291 0 114 273 73 306 300 185 
156 173 171 426 272 493 494 316 460 163 115 349 174 268 299 244 399 205 433 75 108 353 180 430 131 178 406 447 52 205 237 158 328 114 0 437 212 55 441 288 
290 99 314 283 122 273 396 187 329 276 405 334 470 303 490 158 84 97 462 214 478 299 98 383 245 100 88 188 415 122 253 204 379 273 437 0 375 464 175 200 
451 252 88 137 80 314 248 365 491 257 354 148 291 157 109 211 341 114 260 431 65 66 225 204 188 297 163 342 175 386 486 125 137 73 212 375 0 311 420 215 
94 166 239 291 373 299 389 163 406 205 325 247 269 291 177 285 63 352 195 201 148 308 250 481 400 442 105 243 221 475 117 265 140 306 55 464 311 0 221 173 
151 126 217 306 157 170 281 154 53 272 168 111 173 75 416 187 482 396 86 423 452 487 144 426 103 115 65 116 121 235 377 429 68 300 441 175 420 221 0 62 
487 179 200 154 240 323 386 156 461 368 51 253 497 453 239 140 134 500 413 357 322 240 91 405 168 109 205 108 442 331 486 428 461 185 288 200 215 173 62 0 

620.25 0 8
620.25 1 24
620.25 2 28
620.25 3 34
620.25 4 34
620.25 5 31
620.25 6 31
620.25 7 9
620.25 8 19
620.25 9 15
620.25 10 29
620.25 11 7
620.25 12 9
620.25 13 14
620.25 14 21
620.25 15 25
620.25 16 9
620.25 17 1
620.25 18 0
620.25 19 35
620.25 20 12
620.25 21 27
620.25 22 36
620.25 23 13
620.25 24 3
620.25 25 17
620.25 26 15
620.25 27 24
620.25 28 0
620.25 29 3
620.25 30 15
620.25 31 36
620.25 32 17
620.25 33 32
620.25 34 32
620.25 35 1
620.25 36 24
620.25 37 24
620.25 38 10
620.25 39 4
