40 40 3 78

0.2 0 8
0.2 0 13
0.2 0 26
0.2 0 28
0.2 0 35
0.2 1 7
0.2 1 25
0.2 1 33
0.2 1 34
0.2 1 35
0.2 1 39
0.2 2 9
0.2 2 16
0.2 2 19
0.2 2 31
0.2 3 12
0.2 3 16
0.2 3 17
0.2 3 25
0.2 3 32
0.2 3 34
0.2 4 15
0.2 4 18
0.2 4 26
0.2 5 19
0.2 5 21
0.2 5 22
0.2 6 18
0.2 6 20
0.2 6 30
0.2 7 14
0.2 7 19
0.2 7 24
0.2 7 26
0.2 7 36
0.2 8 29
0.2 9 15
0.2 9 35
0.2 10 14
0.2 10 25
0.2 10 34
0.2 10 36
0.2 10 37
0.2 11 18
0.2 11 19
0.2 11 33
0.2 11 38
0.2 12 13
0.2 12 31
0.2 13 15
0.2 13 23
0.2 13 38
0.2 15 23
0.2 15 26
0.2 16 24
0.2 16 32
0.2 17 21
0.2 17 38
0.2 18 20
0.2 18 29
0.2 18 34
0.2 19 27
0.2 19 32
0.2 21 24
0.2 21 25
0.2 21 39
0.2 23 26
0.2 23 35
0.2 24 31
0.2 26 35
0.2 27 33
0.2 28 32
0.2 28 39
0.2 29 36
0.2 29 38
0.2 30 34
0.2 35 39
0.2 36 38

0 233 486 380 81 54 278 367 183 195 308 487 462 157 343 497 69 123 123 308 290 75 165 143 293 111 295 403 414 410 275 293 277 197 262 429 245 190 295 77 
233 0 311 267 323 269 214 141 91 277 243 151 189 320 89 488 210 467 248 346 483 153 392 196 214 286 319 471 86 165 103 460 491 196 352 125 423 465 92 141 
486 311 0 453 390 75 316 256 226 323 155 187 83 63 295 287 305 414 240 265 448 449 373 333 472 56 91 388 318 275 261 409 482 406 468 490 238 453 448 281 
380 267 453 0 250 409 189 82 366 84 123 370 284 208 305 178 108 251 389 97 372 478 188 229 467 291 377 167 375 79 390 260 488 207 118 204 88 138 129 203 
81 323 390 250 0 299 239 460 76 233 382 284 223 314 83 145 456 318 96 356 354 156 50 414 192 204 406 495 439 201 84 106 303 83 372 482 226 414 494 115 
54 269 75 409 299 0 215 438 487 327 344 229 474 468 102 106 316 227 454 398 327 467 112 420 333 78 459 389 289 299 291 199 181 150 126 78 333 167 222 59 
278 214 316 189 239 215 0 177 245 303 495 302 317 349 473 398 348 355 176 194 189 384 273 373 427 200 438 436 469 404 298 50 244 313 276 454 246 368 378 374 
367 141 256 82 460 438 177 0 293 259 248 149 232 64 223 59 57 83 79 420 353 142 264 411 284 204 398 85 312 346 333 354 156 403 200 137 345 458 424 189 
183 91 226 366 76 487 245 293 0 235 435 462 232 211 342 127 288 60 58 312 279 374 410 392 427 449 222 266 490 294 401 483 370 208 333 96 449 119 183 253 
195 277 323 84 233 327 303 259 235 0 250 495 52 450 463 121 277 427 132 62 386 93 277 489 122 171 436 97 358 129 143 158 352 329 93 145 243 335 431 473 
308 243 155 123 382 344 495 248 435 250 0 100 490 408 152 114 349 147 165 238 472 81 496 58 116 377 309 251 454 157 127 447 310 50 155 452 215 451 420 351 
487 151 187 370 284 229 302 149 462 495 100 0 181 287 315 348 250 358 379 453 188 163 269 264 362 140 457 203 281 283 236 316 392 110 68 413 280 67 267 457 
462 189 83 284 223 474 317 232 232 52 490 181 0 440 279 282 136 415 318 297 193 282 226 176 487 210 135 201 330 193 251 344 403 249 191 409 93 92 279 206 
157 320 63 208 314 468 349 64 211 450 408 287 440 0 91 64 371 368 499 312 73 235 473 265 486 303 463 179 257 110 116 404 420 236 365 498 453 431 220 331 
343 89 295 305 83 102 473 223 342 463 152 315 279 91 0 255 479 319 453 200 159 241 375 83 234 374 405 138 238 64 379 138 480 392 366 371 260 255 124 154 
497 488 287 178 145 106 398 59 127 121 114 348 282 64 255 0 177 434 491 487 240 135 192 156 153 136 463 460 483 473 67 430 332 52 107 125 287 346 487 88 
69 210 305 108 456 316 348 57 288 277 349 250 136 371 479 177 0 78 413 407 135 61 112 479 133 132 95 135 408 317 337 178 97 348 340 144 242 290 393 349 
123 467 414 251 318 227 355 83 60 427 147 358 415 368 319 434 78 0 410 453 56 137 467 443 429 440 495 430 367 252 107 426 161 417 252 288 258 134 456 354 
123 248 240 389 96 454 176 79 58 132 165 379 318 499 453 491 413 410 0 440 141 438 272 383 161 204 172 178 328 211 91 487 318 476 216 274 274 349 498 52 
308 346 265 97 356 398 194 420 312 62 238 453 297 312 200 487 407 453 440 0 54 497 155 474 348 325 348 490 124 432 89 219 473 179 391 244 238 94 234 331 
290 483 448 372 354 327 189 353 279 386 472 188 193 73 159 240 135 56 141 54 0 473 254 419 312 181 125 392 452 326 269 221 332 403 211 290 304 151 274 108 
75 153 449 478 156 467 384 142 374 93 81 163 282 235 241 135 61 137 438 497 473 0 385 315 376 145 466 223 464 245 473 462 487 345 443 291 359 258 442 188 
165 392 373 188 50 112 273 264 410 277 496 269 226 473 375 192 112 467 272 155 254 385 0 202 137 428 186 240 252 55 365 398 370 460 149 487 172 222 176 192 
143 196 333 229 414 420 373 411 392 489 58 264 176 265 83 156 479 443 383 474 419 315 202 0 418 265 64 271 197 277 220 292 123 277 52 290 297 381 67 190 
293 214 472 467 192 333 427 284 427 122 116 362 487 486 234 153 133 429 161 348 312 376 137 418 0 73 376 278 356 209 234 182 168 52 67 96 305 61 250 81 
111 286 56 291 204 78 200 204 449 171 377 140 210 303 374 136 132 440 204 325 181 145 428 265 73 0 461 315 182 464 348 131 451 135 86 379 311 135 258 303 
295 319 91 377 406 459 438 398 222 436 309 457 135 463 405 463 95 495 172 348 125 466 186 64 376 461 0 443 144 181 379 346 420 368 294 435 202 112 483 427 
403 471 388 167 495 389 436 85 266 97 251 203 201 179 138 460 135 430 178 490 392 223 240 271 278 315 443 0 333 271 197 267 141 438 99 286 178 444 254 53 
414 86 318 375 439 289 469 312 490 358 454 281 330 257 238 483 408 367 328 124 452 464 252 197 356 182 144 333 0 145 235 278 436 292 393 239 280 236 185 406 
410 165 275 79 201 299 404 346 294 129 157 283 193 110 64 473 317 252 211 432 326 245 55 277 209 464 181 271 145 0 149 81 207 82 195 188 304 87 362 385 
275 103 261 390 84 291 298 333 401 143 127 236 251 116 379 67 337 107 91 89 269 473 365 220 234 348 379 197 235 149 0 123 214 356 240 199 206 102 132 354 
293 460 409 260 106 199 50 354 483 158 447 316 344 404 138 430 178 426 487 219 221 462 398 292 182 131 346 267 278 81 123 0 212 195 361 167 231 132 187 189 
277 491 482 488 303 181 244 156 370 352 310 392 403 420 480 332 97 161 318 473 332 487 370 123 168 451 420 141 436 207 214 212 0 435 498 263 226 259 404 477 
197 196 406 207 83 150 313 403 208 329 50 110 249 236 392 52 348 417 476 179 403 345 460 277 52 135 368 438 292 82 356 195 435 0 414 395 151 54 80 341 
262 352 468 118 372 126 276 200 333 93 155 68 191 365 366 107 340 252 216 391 211 443 149 52 67 86 294 99 393 195 240 361 498 414 0 78 269 221 473 343 
429 125 490 204 482 78 454 137 96 145 452 413 409 498 371 125 144 288 274 244 290 291 487 290 96 379 435 286 239 188 199 167 263 395 78 0 158 379 153 91 
245 423 238 88 226 333 246 345 449 243 215 280 93 453 260 287 242 258 274 238 304 359 172 297 305 311 202 178 280 304 206 231 226 151 269 158 0 172 459 107 
190 465 453 138 414 167 368 458 119 335 451 67 92 431 255 346 290 134 349 94 151 258 222 381 61 135 112 444 236 87 102 132 259 54 221 379 172 0 351 423 
295 92 448 129 494 222 378 424 183 431 420 267 279 220 124 487 393 456 498 234 274 442 176 67 250 258 483 254 185 362 132 187 404 80 473 153 459 351 0 230 
77 141 281 203 115 59 374 189 253 473 351 457 206 331 154 88 349 354 52 331 108 188 192 190 81 303 427 53 406 385 354 189 477 341 343 91 107 423 230 0 

616.25 0 15
616.25 1 22
616.25 2 8
616.25 3 10
616.25 4 2
616.25 5 1
616.25 6 37
616.25 7 4
616.25 8 25
616.25 9 32
616.25 10 13
616.25 11 27
616.25 12 14
616.25 13 26
616.25 14 27
616.25 15 31
616.25 16 36
616.25 17 38
616.25 18 9
616.25 19 15
616.25 20 8
616.25 21 18
616.25 22 29
616.25 23 9
616.25 24 25
616.25 25 9
616.25 26 2
616.25 27 22
616.25 28 14
616.25 29 4
616.25 30 5
616.25 31 29
616.25 32 26
616.25 33 13
616.25 34 28
616.25 35 17
616.25 36 15
616.25 37 26
616.25 38 10
616.25 39 29
