50 50 4 306

0.4 0 1
0.4 0 10
0.4 0 13
0.4 0 15
0.4 0 25
0.4 0 27
0.4 0 29
0.4 0 34
0.4 0 37
0.4 0 38
0.4 0 39
0.4 0 41
0.4 0 46
0.4 1 5
0.4 1 7
0.4 1 11
0.4 1 15
0.4 1 20
0.4 1 21
0.4 1 23
0.4 1 25
0.4 1 41
0.4 2 11
0.4 2 12
0.4 2 29
0.4 2 32
0.4 2 33
0.4 2 44
0.4 3 4
0.4 3 7
0.4 3 8
0.4 3 12
0.4 3 23
0.4 3 30
0.4 3 32
0.4 3 33
0.4 3 35
0.4 3 36
0.4 3 38
0.4 3 41
0.4 4 14
0.4 4 15
0.4 4 17
0.4 4 22
0.4 4 23
0.4 4 24
0.4 4 25
0.4 4 32
0.4 4 33
0.4 4 41
0.4 4 45
0.4 5 6
0.4 5 12
0.4 5 13
0.4 5 14
0.4 5 19
0.4 5 22
0.4 5 23
0.4 5 24
0.4 5 29
0.4 5 32
0.4 5 34
0.4 5 49
0.4 6 14
0.4 6 26
0.4 6 31
0.4 6 36
0.4 6 38
0.4 6 46
0.4 6 47
0.4 7 11
0.4 7 16
0.4 7 22
0.4 7 26
0.4 7 31
0.4 7 38
0.4 7 42
0.4 7 49
0.4 8 9
0.4 8 17
0.4 8 20
0.4 8 25
0.4 8 31
0.4 8 34
0.4 9 14
0.4 9 18
0.4 9 20
0.4 9 21
0.4 9 33
0.4 9 34
0.4 9 37
0.4 9 38
0.4 9 39
0.4 9 41
0.4 10 11
0.4 10 13
0.4 10 15
0.4 10 16
0.4 10 18
0.4 10 19
0.4 10 33
0.4 10 35
0.4 10 37
0.4 10 38
0.4 10 40
0.4 10 43
0.4 10 45
0.4 10 49
0.4 11 13
0.4 11 14
0.4 11 15
0.4 11 16
0.4 11 25
0.4 11 30
0.4 11 35
0.4 11 38
0.4 11 41
0.4 11 48
0.4 12 13
0.4 12 17
0.4 12 23
0.4 12 24
0.4 12 25
0.4 12 27
0.4 12 28
0.4 12 39
0.4 12 40
0.4 12 41
0.4 12 43
0.4 12 48
0.4 13 27
0.4 13 30
0.4 13 37
0.4 13 39
0.4 13 42
0.4 13 45
0.4 14 16
0.4 14 19
0.4 14 21
0.4 14 23
0.4 14 25
0.4 14 35
0.4 14 39
0.4 14 43
0.4 14 47
0.4 14 48
0.4 15 17
0.4 15 23
0.4 15 24
0.4 15 27
0.4 15 28
0.4 15 30
0.4 15 32
0.4 15 37
0.4 15 41
0.4 15 42
0.4 15 48
0.4 15 49
0.4 16 17
0.4 16 19
0.4 16 20
0.4 16 27
0.4 16 40
0.4 16 45
0.4 16 47
0.4 16 48
0.4 17 22
0.4 17 25
0.4 17 30
0.4 17 31
0.4 17 32
0.4 17 36
0.4 17 40
0.4 17 47
0.4 17 49
0.4 18 22
0.4 18 25
0.4 18 26
0.4 18 27
0.4 18 33
0.4 18 34
0.4 18 37
0.4 18 43
0.4 18 44
0.4 18 46
0.4 18 47
0.4 19 25
0.4 19 30
0.4 19 36
0.4 19 49
0.4 20 24
0.4 20 26
0.4 20 35
0.4 20 36
0.4 20 37
0.4 20 46
0.4 20 47
0.4 21 25
0.4 21 29
0.4 21 36
0.4 21 37
0.4 21 40
0.4 21 46
0.4 22 26
0.4 22 27
0.4 22 29
0.4 22 34
0.4 22 36
0.4 22 37
0.4 22 44
0.4 22 46
0.4 23 26
0.4 23 27
0.4 23 34
0.4 23 38
0.4 23 39
0.4 23 40
0.4 23 41
0.4 23 44
0.4 23 49
0.4 24 26
0.4 24 31
0.4 24 33
0.4 24 35
0.4 24 36
0.4 24 38
0.4 24 39
0.4 24 41
0.4 24 47
0.4 25 27
0.4 25 29
0.4 25 34
0.4 25 35
0.4 25 40
0.4 25 41
0.4 25 47
0.4 26 28
0.4 26 34
0.4 26 35
0.4 26 38
0.4 26 39
0.4 26 42
0.4 26 46
0.4 27 28
0.4 27 35
0.4 27 43
0.4 28 31
0.4 28 34
0.4 28 35
0.4 28 36
0.4 28 38
0.4 28 39
0.4 28 41
0.4 28 44
0.4 28 46
0.4 29 30
0.4 29 35
0.4 29 36
0.4 29 38
0.4 30 35
0.4 30 37
0.4 30 46
0.4 31 32
0.4 31 34
0.4 31 36
0.4 31 39
0.4 31 43
0.4 31 49
0.4 32 36
0.4 32 39
0.4 32 40
0.4 32 45
0.4 32 49
0.4 33 40
0.4 33 47
0.4 34 39
0.4 34 41
0.4 34 43
0.4 35 44
0.4 35 47
0.4 35 48
0.4 36 37
0.4 36 47
0.4 36 48
0.4 37 42
0.4 37 45
0.4 37 47
0.4 37 48
0.4 38 41
0.4 38 44
0.4 38 46
0.4 38 47
0.4 38 49
0.4 40 41
0.4 41 47
0.4 41 48
0.4 42 44
0.4 42 46
0.4 42 49
0.4 43 48
0.4 43 49
0.4 44 48
0.4 45 48
0.4 45 49
0.4 47 49
0.4 48 49

0 242 154 351 114 94 198 319 197 279 254 491 237 226 51 423 220 178 499 359 450 334 415 163 374 448 262 270 257 477 405 260 174 90 67 491 123 433 300 252 255 338 393 121 452 55 423 271 154 147 
242 0 151 486 50 293 496 104 262 303 312 237 345 362 210 144 330 477 211 169 484 385 492 121 106 223 491 344 398 477 447 405 340 434 483 408 98 484 342 57 65 155 245 83 187 186 115 348 431 333 
154 151 0 433 64 148 148 340 490 315 102 175 228 183 307 230 134 171 182 144 222 56 286 424 104 54 307 89 266 426 383 230 217 375 385 324 277 448 212 219 63 131 94 299 256 499 70 208 396 163 
351 486 433 0 56 249 497 207 389 500 108 72 51 251 180 297 380 182 262 344 448 460 279 130 197 276 411 414 425 233 381 143 474 335 244 70 132 113 97 433 422 308 210 150 122 410 176 374 319 244 
114 50 64 56 0 462 267 401 122 309 64 140 100 196 276 76 137 52 72 482 416 459 296 277 168 399 470 462 167 374 128 492 87 164 269 229 72 463 288 236 382 253 480 467 76 427 183 173 73 124 
94 293 148 249 462 0 69 52 140 359 75 144 243 467 232 91 264 419 207 478 483 194 85 119 409 56 183 302 316 398 323 308 475 471 219 137 500 97 358 98 358 471 367 263 205 414 399 499 50 104 
198 496 148 497 267 69 0 82 239 293 334 269 360 87 367 186 155 318 343 107 328 297 125 299 58 93 114 405 465 158 461 172 145 80 324 272 240 419 451 426 205 281 195 155 477 222 245 459 320 58 
319 104 340 207 401 52 82 0 107 408 334 480 343 75 327 277 319 486 211 69 496 213 491 315 187 479 192 476 287 247 476 208 246 128 322 303 402 271 173 498 80 401 106 77 69 185 78 315 322 66 
197 262 490 389 122 140 239 107 0 107 130 423 357 213 166 444 131 363 348 139 177 301 148 156 72 112 395 419 485 213 431 490 464 130 107 268 424 428 415 174 473 74 170 433 313 87 243 324 175 381 
279 303 315 500 309 359 293 408 107 0 173 359 417 482 368 359 188 177 499 322 184 119 198 420 336 147 96 130 473 329 207 309 404 347 495 66 480 298 233 420 89 286 185 165 79 456 89 172 365 320 
254 312 102 108 64 75 334 334 130 173 0 425 304 201 377 71 191 56 433 434 246 88 324 307 317 175 298 158 398 484 395 365 317 182 367 158 394 447 231 480 123 428 119 68 453 328 436 360 213 388 
491 237 175 72 140 144 269 480 423 359 425 0 168 442 115 470 449 332 310 420 454 251 239 392 359 437 401 240 460 197 466 384 104 465 181 173 356 196 473 460 310 408 232 50 328 182 485 88 62 445 
237 345 228 51 100 243 360 343 357 417 304 168 0 121 227 71 65 405 174 367 249 102 411 199 112 263 140 480 147 301 397 274 384 339 295 218 101 403 380 367 470 135 384 261 53 107 179 488 376 305 
226 362 183 251 196 467 87 75 213 482 201 442 121 0 220 52 256 265 374 188 365 467 283 309 143 183 483 52 479 138 299 469 285 124 356 83 381 178 287 138 148 111 497 245 155 431 383 402 491 293 
51 210 307 180 276 232 367 327 166 368 377 115 227 220 0 377 176 415 439 337 304 405 197 183 365 123 463 286 324 363 266 182 236 93 198 285 173 350 312 284 390 78 322 389 113 181 175 262 79 369 
423 144 230 297 76 91 186 277 444 359 71 470 71 52 377 0 442 331 357 255 300 468 104 481 378 492 444 484 337 398 485 246 129 490 202 225 470 76 370 443 267 323 227 415 455 362 98 190 158 428 
220 330 134 380 137 264 155 319 131 188 191 449 65 256 176 442 0 95 495 401 347 449 286 299 249 470 158 159 214 116 161 209 445 311 425 366 62 352 495 165 442 279 464 390 198 233 374 367 166 300 
178 477 171 182 52 419 318 486 363 177 56 332 405 265 415 331 95 0 327 116 489 440 117 488 284 146 155 376 83 187 370 294 236 201 406 488 155 352 483 385 347 370 55 450 291 498 322 258 217 356 
499 211 182 262 72 207 343 211 348 499 433 310 174 374 439 357 495 327 0 168 357 219 112 385 391 106 413 466 123 442 307 322 402 363 301 318 232 440 336 93 55 97 111 405 208 362 153 119 265 366 
359 169 144 344 482 478 107 69 139 322 434 420 367 188 337 255 401 116 168 0 366 332 355 329 347 288 498 328 197 487 54 467 167 258 333 419 204 106 240 337 320 283 464 286 313 172 119 459 171 307 
450 484 222 448 416 483 328 496 177 184 246 454 249 365 304 300 347 489 357 366 0 330 155 226 189 239 228 76 192 220 67 298 241 148 496 182 174 340 158 224 384 63 304 402 52 118 134 386 147 125 
334 385 56 460 459 194 297 213 301 119 88 251 102 467 405 468 449 440 219 332 330 0 69 295 199 177 404 123 205 64 500 340 448 201 387 275 467 491 117 319 143 112 284 347 418 189 134 398 85 333 
415 492 286 279 296 85 125 491 148 198 324 239 411 283 197 104 286 117 112 355 155 69 0 111 480 372 223 433 162 390 224 466 339 384 347 55 295 51 126 374 184 249 118 434 76 344 436 50 441 439 
163 121 424 130 277 119 299 315 156 420 307 392 199 309 183 481 299 488 385 329 226 295 111 0 170 194 80 439 471 118 288 229 176 380 195 435 207 465 321 297 171 221 390 64 436 345 118 299 107 453 
374 106 104 197 168 409 58 187 72 336 317 359 112 143 365 378 249 284 391 347 189 199 480 170 0 168 217 328 231 426 389 127 281 64 458 69 255 259 151 344 238 140 471 268 389 200 458 419 235 463 
448 223 54 276 399 56 93 479 112 147 175 437 263 183 123 492 470 146 106 288 239 177 372 194 168 0 218 367 443 258 500 111 156 200 137 285 282 246 395 458 217 136 182 447 152 85 94 339 327 340 
262 491 307 411 470 183 114 192 395 96 298 401 140 483 463 444 158 155 413 498 228 404 223 80 217 218 0 99 159 295 214 435 110 365 303 141 101 420 466 82 342 468 203 79 153 140 265 391 312 413 
270 344 89 414 462 302 405 476 419 130 158 240 480 52 286 484 159 376 466 328 76 123 433 439 328 367 99 0 377 364 147 498 279 84 87 83 239 282 339 172 275 477 438 452 500 241 158 180 372 340 
257 398 266 425 167 316 465 287 485 473 398 460 147 479 324 337 214 83 123 197 192 205 162 471 231 443 159 377 0 407 294 415 70 401 280 81 175 179 276 330 298 385 354 337 98 435 336 61 114 269 
477 477 426 233 374 398 158 247 213 329 484 197 301 138 363 398 116 187 442 487 220 64 390 118 426 258 295 364 407 0 284 435 251 130 451 280 62 212 86 382 437 500 491 228 95 213 224 121 279 481 
405 447 383 381 128 323 461 476 431 207 395 466 397 299 266 485 161 370 307 54 67 500 224 288 389 500 214 147 294 284 0 281 266 436 64 188 244 328 123 158 309 299 397 254 159 492 203 67 198 332 
260 405 230 143 492 308 172 208 490 309 365 384 274 469 182 246 209 294 322 467 298 340 466 229 127 111 435 498 415 435 281 0 402 198 297 278 455 112 75 81 260 223 453 164 500 196 466 283 218 366 
174 340 217 474 87 475 145 246 464 404 317 104 384 285 236 129 445 236 402 167 241 448 339 176 281 156 110 279 70 251 266 402 0 270 189 187 317 195 378 145 208 155 235 261 440 349 289 175 416 69 
90 434 375 335 164 471 80 128 130 347 182 465 339 124 93 490 311 201 363 258 148 201 384 380 64 200 365 84 401 130 436 198 270 0 399 462 227 482 285 83 78 380 441 52 365 246 223 432 301 202 
67 483 385 244 269 219 324 322 107 495 367 181 295 356 198 202 425 406 301 333 496 387 347 195 458 137 303 87 280 451 64 297 189 399 0 55 86 175 122 220 388 481 163 264 121 106 141 156 488 317 
491 408 324 70 229 137 272 303 268 66 158 173 218 83 285 225 366 488 318 419 182 275 55 435 69 285 141 83 81 280 188 278 187 462 55 0 95 365 373 331 89 114 422 227 466 482 178 299 439 350 
123 98 277 132 72 500 240 402 424 480 394 356 101 381 173 470 62 155 232 204 174 467 295 207 255 282 101 239 175 62 244 455 317 227 86 95 0 78 143 131 387 107 63 472 276 366 329 431 57 256 
433 484 448 113 463 97 419 271 428 298 447 196 403 178 350 76 352 352 440 106 340 491 51 465 259 246 420 282 179 212 328 112 195 482 175 365 78 0 279 145 92 261 308 369 305 485 336 321 63 81 
300 342 212 97 288 358 451 173 415 233 231 473 380 287 312 370 495 483 336 240 158 117 126 321 151 395 466 339 276 86 123 75 378 285 122 373 143 279 0 84 326 466 478 462 241 374 207 320 261 366 
252 57 219 433 236 98 426 498 174 420 480 460 367 138 284 443 165 385 93 337 224 319 374 297 344 458 82 172 330 382 158 81 145 83 220 331 131 145 84 0 115 131 183 404 89 403 71 254 182 343 
255 65 63 422 382 358 205 80 473 89 123 310 470 148 390 267 442 347 55 320 384 143 184 171 238 217 342 275 298 437 309 260 208 78 388 89 387 92 326 115 0 253 443 240 90 440 131 444 378 351 
338 155 131 308 253 471 281 401 74 286 428 408 135 111 78 323 279 370 97 283 63 112 249 221 140 136 468 477 385 500 299 223 155 380 481 114 107 261 466 131 253 0 303 236 400 201 142 179 180 254 
393 245 94 210 480 367 195 106 170 185 119 232 384 497 322 227 464 55 111 464 304 284 118 390 471 182 203 438 354 491 397 453 235 441 163 422 63 308 478 183 443 303 0 160 123 292 55 499 194 494 
121 83 299 150 467 263 155 77 433 165 68 50 261 245 389 415 390 450 405 286 402 347 434 64 268 447 79 452 337 228 254 164 261 52 264 227 472 369 462 404 240 236 160 0 94 253 467 187 253 363 
452 187 256 122 76 205 477 69 313 79 453 328 53 155 113 455 198 291 208 313 52 418 76 436 389 152 153 500 98 95 159 500 440 365 121 466 276 305 241 89 90 400 123 94 0 338 475 81 170 253 
55 186 499 410 427 414 222 185 87 456 328 182 107 431 181 362 233 498 362 172 118 189 344 345 200 85 140 241 435 213 492 196 349 246 106 482 366 485 374 403 440 201 292 253 338 0 180 467 430 118 
423 115 70 176 183 399 245 78 243 89 436 485 179 383 175 98 374 322 153 119 134 134 436 118 458 94 265 158 336 224 203 466 289 223 141 178 329 336 207 71 131 142 55 467 475 180 0 327 118 290 
271 348 208 374 173 499 459 315 324 172 360 88 488 402 262 190 367 258 119 459 386 398 50 299 419 339 391 180 61 121 67 283 175 432 156 299 431 321 320 254 444 179 499 187 81 467 327 0 493 52 
154 431 396 319 73 50 320 322 175 365 213 62 376 491 79 158 166 217 265 171 147 85 441 107 235 327 312 372 114 279 198 218 416 301 488 439 57 63 261 182 378 180 194 253 170 430 118 493 0 425 
147 333 163 244 124 104 58 66 381 320 388 445 305 293 369 428 300 356 366 307 125 333 439 453 463 340 413 340 269 481 332 366 69 202 317 350 256 81 366 343 351 254 494 363 253 118 290 52 425 0 

1434.5 0 21
1434.5 1 13
1434.5 2 27
1434.5 3 48
1434.5 4 42
1434.5 5 13
1434.5 6 13
1434.5 7 42
1434.5 8 37
1434.5 9 39
1434.5 10 33
1434.5 11 16
1434.5 12 46
1434.5 13 8
1434.5 14 11
1434.5 15 33
1434.5 16 48
1434.5 17 39
1434.5 18 5
1434.5 19 4
1434.5 20 41
1434.5 21 9
1434.5 22 46
1434.5 23 15
1434.5 24 38
1434.5 25 26
1434.5 26 40
1434.5 27 40
1434.5 28 13
1434.5 29 48
1434.5 30 34
1434.5 31 39
1434.5 32 17
1434.5 33 13
1434.5 34 43
1434.5 35 15
1434.5 36 26
1434.5 37 13
1434.5 38 9
1434.5 39 19
1434.5 40 3
1434.5 41 47
1434.5 42 35
1434.5 43 5
1434.5 44 6
1434.5 45 2
1434.5 46 38
1434.5 47 6
1434.5 48 46
1434.5 49 48
