50 50 3 122

0.4 0 5
0.4 0 9
0.4 0 11
0.4 0 15
0.4 1 3
0.4 1 21
0.4 1 30
0.4 1 42
0.4 2 10
0.4 2 38
0.4 2 39
0.4 2 45
0.4 3 11
0.4 3 30
0.4 4 5
0.4 4 12
0.4 4 24
0.4 4 37
0.4 4 47
0.4 5 12
0.4 5 17
0.4 5 48
0.4 6 25
0.4 6 29
0.4 6 32
0.4 6 40
0.4 7 14
0.4 7 20
0.4 7 28
0.4 7 33
0.4 7 39
0.4 7 43
0.4 7 47
0.4 7 49
0.4 9 17
0.4 9 27
0.4 9 28
0.4 9 33
0.4 9 40
0.4 9 45
0.4 10 22
0.4 10 24
0.4 10 28
0.4 10 29
0.4 10 32
0.4 10 39
0.4 10 46
0.4 11 20
0.4 11 24
0.4 11 33
0.4 11 37
0.4 11 44
0.4 12 28
0.4 12 44
0.4 12 45
0.4 13 15
0.4 13 29
0.4 13 37
0.4 13 41
0.4 13 48
0.4 14 15
0.4 14 25
0.4 14 38
0.4 14 41
0.4 15 44
0.4 15 45
0.4 15 49
0.4 16 17
0.4 16 23
0.4 16 34
0.4 16 37
0.4 16 39
0.4 16 44
0.4 16 48
0.4 17 29
0.4 17 34
0.4 17 37
0.4 17 45
0.4 17 47
0.4 17 48
0.4 18 19
0.4 18 22
0.4 18 33
0.4 18 42
0.4 19 21
0.4 19 27
0.4 19 44
0.4 19 49
0.4 20 27
0.4 20 33
0.4 20 35
0.4 20 46
0.4 21 28
0.4 21 48
0.4 21 49
0.4 22 44
0.4 23 30
0.4 24 49
0.4 25 29
0.4 25 30
0.4 25 33
0.4 25 39
0.4 26 28
0.4 27 36
0.4 27 44
0.4 27 48
0.4 28 42
0.4 29 37
0.4 30 38
0.4 31 38
0.4 32 33
0.4 32 35
0.4 32 40
0.4 35 37
0.4 36 38
0.4 36 40
0.4 39 44
0.4 40 42
0.4 40 43
0.4 41 46
0.4 41 47
0.4 44 49

0 224 385 376 322 490 164 104 482 204 114 205 215 332 481 373 175 439 123 401 156 359 403 310 404 215 302 78 258 109 183 142 99 424 215 333 98 314 367 395 78 127 82 266 271 393 75 431 55 289 
224 0 202 337 465 141 109 379 80 109 80 185 114 133 59 343 435 417 362 406 354 362 260 108 308 473 206 308 143 359 52 499 309 223 405 499 438 447 345 257 487 52 491 278 154 488 169 126 343 148 
385 202 0 292 203 105 416 306 261 422 363 144 130 432 60 267 318 457 245 324 121 321 101 457 157 263 88 244 181 444 88 479 242 192 190 400 154 105 473 381 139 264 195 53 103 72 386 353 142 113 
376 337 292 0 340 431 101 313 205 113 481 81 343 484 238 467 184 162 336 269 63 315 224 479 124 482 143 196 326 317 492 180 229 221 241 292 175 55 302 407 52 365 436 321 214 136 155 366 194 127 
322 465 203 340 0 203 339 399 171 155 131 373 178 211 420 175 445 298 171 149 345 406 127 495 234 69 289 339 171 452 202 490 298 302 477 77 338 470 373 263 238 372 192 425 337 342 116 148 440 455 
490 141 105 431 203 0 391 54 413 167 201 381 442 324 81 107 263 63 184 470 128 228 279 209 299 478 157 252 195 331 111 388 129 76 146 398 292 346 309 97 117 289 457 371 90 135 242 359 422 348 
164 109 416 101 339 391 0 377 287 205 371 292 216 270 159 399 103 60 414 184 494 376 144 222 81 55 308 352 70 143 444 242 177 121 253 338 386 69 359 199 64 75 276 52 57 323 59 432 144 87 
104 379 306 313 399 54 377 0 458 417 186 77 89 300 485 365 233 369 416 323 74 401 171 210 188 424 468 377 73 330 483 189 194 457 323 127 161 122 396 484 431 188 160 192 84 375 180 332 368 451 
482 80 261 205 171 413 287 458 0 97 80 258 358 480 368 475 128 244 235 72 280 421 140 57 315 492 126 345 484 476 204 370 449 62 292 194 486 244 401 372 107 359 173 182 466 315 85 407 314 97 
204 109 422 113 155 167 205 417 97 0 383 204 263 161 208 222 294 439 407 294 146 108 338 331 139 163 497 347 272 370 273 152 487 140 96 432 316 436 67 325 234 452 209 431 487 324 487 260 98 401 
114 80 363 481 131 201 371 186 80 383 0 315 153 150 369 341 100 209 491 128 210 80 236 420 351 254 487 240 132 353 458 168 68 196 344 261 84 322 306 114 213 163 352 71 442 473 332 287 408 320 
205 185 144 81 373 381 292 77 258 204 315 0 144 60 309 274 287 224 57 250 338 284 452 108 500 225 310 153 116 459 280 84 483 137 296 117 63 129 55 475 401 434 270 145 57 277 156 77 130 209 
215 114 130 343 178 442 216 89 358 263 153 144 0 484 130 408 369 347 481 94 253 168 365 55 340 168 258 314 324 348 332 139 125 71 388 244 153 107 460 251 288 242 263 112 500 104 294 480 93 406 
332 133 432 484 211 324 270 300 480 161 150 60 484 0 164 452 116 160 474 201 115 151 51 253 60 285 166 73 429 435 172 207 225 298 183 224 399 73 293 478 370 404 58 376 223 328 107 447 374 237 
481 59 60 238 420 81 159 485 368 208 369 309 130 164 0 131 367 305 446 111 368 297 113 93 221 119 57 356 306 281 128 413 152 342 217 424 210 142 271 305 319 445 348 132 199 114 398 80 220 326 
373 343 267 467 175 107 399 365 475 222 341 274 408 452 131 0 483 472 397 496 472 463 93 149 500 189 127 57 183 171 474 424 499 133 312 322 494 453 325 243 455 105 441 443 205 287 390 223 225 497 
175 435 318 184 445 263 103 233 128 294 100 287 369 116 367 483 0 94 186 243 421 436 377 130 274 130 370 333 450 120 403 180 111 422 464 131 386 410 176 284 317 341 161 232 244 412 200 387 416 453 
439 417 457 162 298 63 60 369 244 439 209 224 347 160 305 472 94 0 107 232 337 497 464 183 52 177 440 113 85 293 456 72 174 425 149 157 172 399 375 464 119 262 232 281 148 130 80 409 125 136 
123 362 245 336 171 184 414 416 235 407 491 57 481 474 446 397 186 107 0 180 362 487 220 193 175 395 452 173 489 304 300 379 133 330 372 196 495 443 397 76 219 461 268 137 357 240 229 95 222 283 
401 406 324 269 149 470 184 323 72 294 128 250 94 201 111 496 243 232 180 0 243 216 191 317 89 421 361 97 213 276 403 430 491 226 408 390 62 281 220 344 269 434 311 492 237 356 71 189 106 139 
156 354 121 63 345 128 494 74 280 146 210 338 253 115 368 472 421 337 362 243 0 349 251 341 264 187 58 191 369 329 467 425 98 353 234 488 396 266 207 348 369 241 222 219 82 405 300 147 339 247 
359 362 321 315 406 228 376 401 421 108 80 284 168 151 297 463 436 497 487 216 349 0 454 265 135 116 140 250 101 292 282 345 429 238 375 256 387 159 331 451 291 146 172 273 474 114 360 123 150 388 
403 260 101 224 127 279 144 171 140 338 236 452 365 51 113 93 377 464 220 191 251 454 0 74 132 176 442 487 336 195 231 211 408 135 102 51 100 176 492 419 84 348 257 201 51 344 478 451 78 90 
310 108 457 479 495 209 222 210 57 331 420 108 55 253 93 149 130 183 193 317 341 265 74 0 119 411 185 142 172 404 258 155 410 297 173 421 283 397 307 217 61 451 182 336 392 270 342 221 460 406 
404 308 157 124 234 299 81 188 315 139 351 500 340 60 221 500 274 52 175 89 264 135 132 119 0 325 486 110 449 100 427 310 445 195 353 274 372 121 452 448 364 128 148 306 462 202 329 185 496 155 
215 473 263 482 69 478 55 424 492 163 254 225 168 285 119 189 130 177 395 421 187 116 176 411 325 0 362 251 292 481 134 137 251 440 162 186 367 94 127 94 437 227 281 74 73 365 456 248 494 328 
302 206 88 143 289 157 308 468 126 497 487 310 258 166 57 127 370 440 452 361 58 140 442 185 486 362 0 440 158 75 64 446 355 479 434 88 217 333 353 58 318 153 381 435 149 101 170 90 157 157 
78 308 244 196 339 252 352 377 345 347 240 153 314 73 356 57 333 113 173 97 191 250 487 142 110 251 440 0 298 255 407 80 475 353 68 181 396 228 385 246 405 177 150 206 338 69 269 317 370 454 
258 143 181 326 171 195 70 73 484 272 132 116 324 429 306 183 450 85 489 213 369 101 336 172 449 292 158 298 0 480 159 250 208 104 428 485 181 115 425 92 387 121 199 71 233 84 209 496 406 285 
109 359 444 317 452 331 143 330 476 370 353 459 348 435 281 171 120 293 304 276 329 292 195 404 100 481 75 255 480 0 270 104 409 460 411 110 256 394 125 366 273 444 439 450 134 146 53 260 298 83 
183 52 88 492 202 111 444 483 204 273 458 280 332 172 128 474 403 456 300 403 467 282 231 258 427 134 64 407 159 270 0 56 482 316 407 434 211 171 163 316 430 491 309 201 309 143 488 139 210 461 
142 499 479 180 490 388 242 189 370 152 168 84 139 207 413 424 180 72 379 430 425 345 211 155 310 137 446 80 250 104 56 0 257 478 142 74 229 135 291 193 415 405 231 287 454 427 234 426 167 280 
99 309 242 229 298 129 177 194 449 487 68 483 125 225 152 499 111 174 133 491 98 429 408 410 445 251 355 475 208 409 482 257 0 389 72 315 400 96 176 122 259 446 185 228 238 340 172 336 141 388 
424 223 192 221 302 76 121 457 62 140 196 137 71 298 342 133 422 425 330 226 353 238 135 297 195 440 479 353 104 460 316 478 389 0 96 89 71 433 342 196 276 254 210 411 118 165 373 199 59 280 
215 405 190 241 477 146 253 323 292 96 344 296 388 183 217 312 464 149 372 408 234 375 102 173 353 162 434 68 428 411 407 142 72 96 0 316 355 141 299 99 173 270 167 314 374 269 95 498 311 357 
333 499 400 292 77 398 338 127 194 432 261 117 244 224 424 322 131 157 196 390 488 256 51 421 274 186 88 181 485 110 434 74 315 89 316 0 444 65 499 335 447 318 327 359 281 181 238 190 287 343 
98 438 154 175 338 292 386 161 486 316 84 63 153 399 210 494 386 172 495 62 396 387 100 283 372 367 217 396 181 256 211 229 400 71 355 444 0 279 150 450 99 493 167 282 366 457 321 57 187 334 
314 447 105 55 470 346 69 122 244 436 322 129 107 73 142 453 410 399 443 281 266 159 176 397 121 94 333 228 115 394 171 135 96 433 141 65 279 0 364 456 394 51 149 72 382 92 312 429 405 150 
367 345 473 302 373 309 359 396 401 67 306 55 460 293 271 325 176 375 397 220 207 331 492 307 452 127 353 385 425 125 163 291 176 342 299 499 150 364 0 75 133 212 194 51 71 262 124 473 154 293 
395 257 381 407 263 97 199 484 372 325 114 475 251 478 305 243 284 464 76 344 348 451 419 217 448 94 58 246 92 366 316 193 122 196 99 335 450 456 75 0 156 107 290 170 331 271 112 171 451 381 
78 487 139 52 238 117 64 431 107 234 213 401 288 370 319 455 317 119 219 269 369 291 84 61 364 437 318 405 387 273 430 415 259 276 173 447 99 394 133 156 0 453 309 453 368 122 298 189 453 258 
127 52 264 365 372 289 75 188 359 452 163 434 242 404 445 105 341 262 461 434 241 146 348 451 128 227 153 177 121 444 491 405 446 254 270 318 493 51 212 107 453 0 496 279 220 441 162 259 268 112 
82 491 195 436 192 457 276 160 173 209 352 270 263 58 348 441 161 232 268 311 222 172 257 182 148 281 381 150 199 439 309 231 185 210 167 327 167 149 194 290 309 496 0 472 339 254 426 198 81 90 
266 278 53 321 425 371 52 192 182 431 71 145 112 376 132 443 232 281 137 492 219 273 201 336 306 74 435 206 71 450 201 287 228 411 314 359 282 72 51 170 453 279 472 0 367 176 91 168 252 163 
271 154 103 214 337 90 57 84 466 487 442 57 500 223 199 205 244 148 357 237 82 474 51 392 462 73 149 338 233 134 309 454 238 118 374 281 366 382 71 331 368 220 339 367 0 268 220 412 141 55 
393 488 72 136 342 135 323 375 315 324 473 277 104 328 114 287 412 130 240 356 405 114 344 270 202 365 101 69 84 146 143 427 340 165 269 181 457 92 262 271 122 441 254 176 268 0 323 435 458 366 
75 169 386 155 116 242 59 180 85 487 332 156 294 107 398 390 200 80 229 71 300 360 478 342 329 456 170 269 209 53 488 234 172 373 95 238 321 312 124 112 298 162 426 91 220 323 0 341 427 159 
431 126 353 366 148 359 432 332 407 260 287 77 480 447 80 223 387 409 95 189 147 123 451 221 185 248 90 317 496 260 139 426 336 199 498 190 57 429 473 171 189 259 198 168 412 435 341 0 57 458 
55 343 142 194 440 422 144 368 314 98 408 130 93 374 220 225 416 125 222 106 339 150 78 460 496 494 157 370 406 298 210 167 141 59 311 287 187 405 154 451 453 268 81 252 141 458 427 57 0 209 
289 148 113 127 455 348 87 451 97 401 320 209 406 237 326 497 453 136 283 139 247 388 90 406 155 328 157 454 285 83 461 280 388 280 357 343 334 150 293 381 258 112 90 163 55 366 159 458 209 0 

1453.5 0 4
1453.5 1 0
1453.5 2 39
1453.5 3 45
1453.5 4 24
1453.5 5 26
1453.5 6 25
1453.5 7 38
1453.5 8 27
1453.5 9 17
1453.5 10 39
1453.5 11 18
1453.5 12 48
1453.5 13 9
1453.5 14 24
1453.5 15 39
1453.5 16 9
1453.5 17 13
1453.5 18 1
1453.5 19 29
1453.5 20 19
1453.5 21 25
1453.5 22 29
1453.5 23 24
1453.5 24 17
1453.5 25 21
1453.5 26 27
1453.5 27 5
1453.5 28 14
1453.5 29 17
1453.5 30 32
1453.5 31 18
1453.5 32 22
1453.5 33 27
1453.5 34 15
1453.5 35 46
1453.5 36 4
1453.5 37 40
1453.5 38 40
1453.5 39 37
1453.5 40 8
1453.5 41 30
1453.5 42 6
1453.5 43 12
1453.5 44 45
1453.5 45 35
1453.5 46 2
1453.5 47 4
1453.5 48 0
1453.5 49 8

