20 20 4 38

0.3 0 3
0.3 0 8
0.3 0 11
0.3 1 2
0.3 1 5
0.3 2 7
0.3 2 8
0.3 2 11
0.3 2 12
0.3 2 13
0.3 2 17
0.3 3 4
0.3 3 5
0.3 3 19
0.3 4 7
0.3 4 8
0.3 4 9
0.3 4 13
0.3 6 7
0.3 6 9
0.3 6 15
0.3 6 16
0.3 6 18
0.3 7 9
0.3 7 10
0.3 7 12
0.3 7 14
0.3 8 16
0.3 9 13
0.3 9 14
0.3 11 12
0.3 12 13
0.3 12 17
0.3 12 19
0.3 14 18
0.3 16 18
0.3 17 19
0.3 18 19

0 86 264 197 153 391 276 461 283 137 440 204 467 430 205 185 230 397 159 199 
86 0 102 353 484 103 306 160 172 81 276 180 99 270 237 373 491 491 211 175 
264 102 0 273 64 152 406 298 105 186 200 306 154 496 171 65 488 244 355 212 
197 353 273 0 405 161 247 64 75 358 101 93 152 189 226 208 417 105 78 309 
153 484 64 405 0 323 353 311 387 436 473 169 407 143 199 58 161 500 484 202 
391 103 152 161 323 0 115 185 157 76 52 429 297 185 244 286 420 236 210 429 
276 306 406 247 353 115 0 183 222 167 167 148 386 265 399 204 323 466 103 330 
461 160 298 64 311 185 183 0 446 294 190 194 280 264 248 197 356 403 260 79 
283 172 105 75 387 157 222 446 0 395 370 71 90 95 349 135 318 321 327 287 
137 81 186 358 436 76 167 294 395 0 171 256 280 151 51 95 70 60 335 327 
440 276 200 101 473 52 167 190 370 171 0 123 219 277 361 168 411 71 348 201 
204 180 306 93 169 429 148 194 71 256 123 0 317 139 145 106 75 377 332 80 
467 99 154 152 407 297 386 280 90 280 219 317 0 271 387 141 138 358 454 314 
430 270 496 189 143 185 265 264 95 151 277 139 271 0 140 270 55 291 283 311 
205 237 171 226 199 244 399 248 349 51 361 145 387 140 0 333 168 416 436 241 
185 373 65 208 58 286 204 197 135 95 168 106 141 270 333 0 228 87 200 168 
230 491 488 417 161 420 323 356 318 70 411 75 138 55 168 228 0 488 233 95 
397 491 244 105 500 236 466 403 321 60 71 377 358 291 416 87 488 0 247 431 
159 211 355 78 484 210 103 260 327 335 348 332 454 283 436 200 233 247 0 85 
199 175 212 309 202 429 330 79 287 327 201 80 314 311 241 168 95 431 85 0 

452.1 0 4
452.1 1 4
452.1 2 8
452.1 3 0
452.1 4 8
452.1 5 4
452.1 6 17
452.1 7 13
452.1 8 14
452.1 9 4
452.1 10 12
452.1 11 16
452.1 12 6
452.1 13 11
452.1 14 17
452.1 15 18
452.1 16 4
452.1 17 7
452.1 18 8
452.1 19 13
