50 50 4 306

0.4 0 4
0.4 0 6
0.4 0 7
0.4 0 9
0.4 0 11
0.4 0 16
0.4 0 19
0.4 0 21
0.4 0 23
0.4 0 24
0.4 0 25
0.4 0 30
0.4 0 31
0.4 0 35
0.4 0 39
0.4 0 46
0.4 0 47
0.4 1 10
0.4 1 12
0.4 1 15
0.4 1 16
0.4 1 20
0.4 1 23
0.4 1 26
0.4 1 31
0.4 1 35
0.4 1 39
0.4 1 47
0.4 1 48
0.4 1 49
0.4 2 3
0.4 2 9
0.4 2 15
0.4 2 19
0.4 2 22
0.4 2 24
0.4 2 32
0.4 2 33
0.4 2 36
0.4 2 37
0.4 2 39
0.4 2 43
0.4 2 46
0.4 3 5
0.4 3 8
0.4 3 12
0.4 3 17
0.4 3 20
0.4 3 24
0.4 3 26
0.4 3 28
0.4 3 33
0.4 3 34
0.4 3 35
0.4 4 5
0.4 4 8
0.4 4 13
0.4 4 18
0.4 4 21
0.4 4 22
0.4 4 35
0.4 4 45
0.4 5 9
0.4 5 13
0.4 5 14
0.4 5 16
0.4 5 18
0.4 5 19
0.4 5 22
0.4 5 23
0.4 5 25
0.4 5 37
0.4 5 43
0.4 6 8
0.4 6 12
0.4 6 16
0.4 6 21
0.4 6 24
0.4 6 29
0.4 6 36
0.4 6 40
0.4 6 41
0.4 6 42
0.4 6 43
0.4 6 46
0.4 6 48
0.4 7 8
0.4 7 12
0.4 7 13
0.4 7 16
0.4 7 20
0.4 7 22
0.4 7 30
0.4 7 32
0.4 7 45
0.4 8 20
0.4 8 23
0.4 8 29
0.4 8 30
0.4 8 34
0.4 8 36
0.4 8 42
0.4 8 43
0.4 8 45
0.4 9 13
0.4 9 17
0.4 9 20
0.4 9 21
0.4 9 22
0.4 9 24
0.4 9 26
0.4 9 28
0.4 9 29
0.4 9 39
0.4 9 41
0.4 9 43
0.4 9 44
0.4 9 49
0.4 10 13
0.4 10 15
0.4 10 18
0.4 10 20
0.4 10 22
0.4 10 25
0.4 10 26
0.4 10 27
0.4 10 28
0.4 10 34
0.4 10 36
0.4 10 37
0.4 10 38
0.4 10 39
0.4 11 15
0.4 11 16
0.4 11 19
0.4 11 26
0.4 11 30
0.4 11 32
0.4 11 35
0.4 11 36
0.4 11 38
0.4 11 47
0.4 12 16
0.4 12 17
0.4 12 22
0.4 12 31
0.4 12 34
0.4 12 37
0.4 12 40
0.4 12 46
0.4 13 17
0.4 13 22
0.4 13 25
0.4 13 27
0.4 13 35
0.4 13 46
0.4 13 48
0.4 13 49
0.4 14 18
0.4 14 28
0.4 14 44
0.4 14 48
0.4 14 49
0.4 15 17
0.4 15 22
0.4 15 28
0.4 15 29
0.4 15 37
0.4 15 40
0.4 15 42
0.4 15 43
0.4 15 47
0.4 16 17
0.4 16 21
0.4 16 26
0.4 16 27
0.4 16 32
0.4 16 34
0.4 16 35
0.4 16 37
0.4 16 41
0.4 16 43
0.4 16 45
0.4 17 23
0.4 17 36
0.4 17 39
0.4 17 40
0.4 17 46
0.4 17 47
0.4 17 48
0.4 17 49
0.4 18 23
0.4 18 25
0.4 18 26
0.4 18 28
0.4 18 31
0.4 18 44
0.4 19 20
0.4 19 24
0.4 19 25
0.4 19 35
0.4 19 39
0.4 19 40
0.4 19 43
0.4 19 45
0.4 19 49
0.4 20 24
0.4 20 29
0.4 20 32
0.4 20 34
0.4 20 37
0.4 20 40
0.4 20 46
0.4 20 48
0.4 21 24
0.4 21 33
0.4 21 37
0.4 21 39
0.4 21 43
0.4 21 44
0.4 21 45
0.4 21 46
0.4 21 48
0.4 21 49
0.4 22 25
0.4 23 26
0.4 23 29
0.4 23 31
0.4 23 41
0.4 24 26
0.4 24 27
0.4 24 32
0.4 24 35
0.4 24 42
0.4 24 45
0.4 25 32
0.4 25 43
0.4 25 46
0.4 25 48
0.4 26 27
0.4 26 30
0.4 26 37
0.4 26 44
0.4 26 47
0.4 26 49
0.4 27 33
0.4 27 40
0.4 27 41
0.4 27 43
0.4 27 45
0.4 27 47
0.4 27 49
0.4 28 31
0.4 28 33
0.4 28 34
0.4 28 39
0.4 28 46
0.4 28 48
0.4 29 30
0.4 29 35
0.4 29 38
0.4 29 42
0.4 29 47
0.4 29 48
0.4 29 49
0.4 30 32
0.4 30 33
0.4 30 42
0.4 30 43
0.4 30 45
0.4 31 32
0.4 31 37
0.4 31 40
0.4 31 41
0.4 31 42
0.4 32 35
0.4 32 43
0.4 33 38
0.4 34 35
0.4 34 38
0.4 34 39
0.4 34 43
0.4 34 47
0.4 34 49
0.4 35 36
0.4 35 37
0.4 36 37
0.4 36 38
0.4 36 39
0.4 36 44
0.4 36 45
0.4 37 46
0.4 37 48
0.4 37 49
0.4 38 46
0.4 39 42
0.4 39 43
0.4 40 43
0.4 40 44
0.4 40 47
0.4 41 45
0.4 41 48
0.4 42 45
0.4 45 46
0.4 45 47
0.4 46 48

0 365 278 409 65 128 440 209 77 310 300 183 407 225 208 238 135 214 173 248 351 109 108 85 404 239 363 231 333 82 247 361 125 98 295 150 132 218 341 367 497 171 383 108 179 292 404 308 462 290 
365 0 185 234 278 57 480 278 212 73 144 408 123 278 439 338 450 311 307 91 224 479 349 108 59 193 436 211 401 269 87 146 352 172 378 344 384 208 332 171 473 392 114 81 103 438 487 51 321 170 
278 185 0 463 90 371 314 304 456 158 168 219 321 391 290 83 256 90 99 338 181 235 265 454 236 399 110 412 489 87 107 271 190 240 81 62 396 184 379 379 304 218 313 138 389 139 121 98 66 138 
409 234 463 0 105 246 222 489 393 107 320 97 271 327 441 105 280 476 76 287 77 440 357 332 292 456 222 261 432 121 466 174 249 425 449 319 270 241 232 246 268 386 455 96 436 216 190 124 365 317 
65 278 90 105 0 480 278 322 440 335 73 436 387 109 252 269 446 287 288 432 368 484 401 63 218 453 186 375 132 169 124 112 170 119 496 352 462 266 440 359 327 281 191 412 145 124 250 227 251 354 
128 57 371 246 480 0 306 134 348 236 152 137 155 85 88 311 404 107 82 411 201 113 351 194 342 387 431 275 200 75 178 101 448 204 455 351 68 79 381 149 199 494 498 91 223 177 251 434 167 128 
440 480 314 222 278 306 0 415 57 114 125 260 213 414 103 203 482 178 484 248 471 125 87 146 96 290 168 196 343 52 342 302 258 412 463 440 267 108 313 196 332 301 283 149 147 115 350 417 180 153 
209 278 304 489 322 134 415 0 173 205 439 84 452 195 325 303 484 89 300 94 311 331 364 110 157 356 85 191 99 251 149 160 280 423 302 188 329 252 56 258 99 276 52 58 350 67 69 423 328 325 
77 212 456 393 440 348 57 173 0 188 380 76 311 218 359 127 457 184 338 146 386 431 183 73 378 152 329 447 281 432 181 200 354 63 131 127 73 448 142 342 275 206 334 109 271 225 326 201 379 149 
310 73 158 107 335 236 114 205 188 0 135 314 351 321 324 238 62 367 471 195 188 500 67 411 154 232 123 88 117 346 299 189 153 307 414 173 108 391 107 66 214 103 266 368 241 279 192 301 293 487 
300 144 168 320 73 152 125 439 380 135 0 91 458 120 419 216 99 255 438 255 51 417 180 409 317 147 488 121 245 56 288 409 396 177 130 498 189 402 173 444 355 213 383 250 321 213 249 83 93 180 
183 408 219 97 436 137 260 84 76 314 91 0 161 473 221 272 281 162 70 173 302 488 368 496 416 321 422 321 179 420 233 194 499 245 70 368 161 52 238 272 359 360 96 327 245 287 158 79 114 84 
407 123 321 271 387 155 213 452 311 351 458 161 0 256 487 163 431 236 444 299 386 430 253 268 168 74 119 124 271 169 306 128 232 122 234 299 279 131 64 355 58 272 157 191 166 320 145 354 312 425 
225 278 391 327 109 85 414 195 218 321 120 473 256 0 370 487 477 448 444 378 92 97 119 310 218 400 344 157 490 251 207 214 316 233 359 134 212 116 451 188 390 365 424 178 264 84 79 382 479 235 
208 439 290 441 252 88 103 325 359 324 419 221 487 370 0 98 474 211 234 430 346 64 351 102 61 184 74 394 457 98 108 107 105 320 290 361 333 261 192 114 326 127 282 490 376 459 261 302 486 431 
238 338 83 105 269 311 203 303 127 238 216 272 163 487 98 0 56 321 462 348 379 297 72 61 228 158 58 111 298 146 263 187 369 72 420 137 444 88 242 66 209 479 174 99 166 349 159 403 346 182 
135 450 256 280 446 404 482 484 457 62 99 281 431 477 474 56 0 397 484 161 230 456 401 380 448 54 197 78 320 448 462 184 450 63 381 221 104 411 371 126 288 122 246 92 425 124 126 97 171 100 
214 311 90 476 287 107 178 89 184 367 255 162 236 448 211 321 397 0 210 424 464 485 181 235 423 208 101 220 113 54 205 68 331 236 287 316 485 390 480 175 457 154 346 127 187 287 363 266 211 398 
173 307 99 76 288 82 484 300 338 471 438 70 444 444 234 462 484 210 0 136 126 107 453 285 344 73 82 161 192 395 210 342 417 72 132 466 215 251 224 306 303 337 147 212 88 264 110 73 454 348 
248 91 338 287 432 411 248 94 146 195 255 173 299 378 430 348 161 424 136 0 274 341 400 59 199 379 304 309 382 267 222 344 294 498 137 214 52 121 338 378 438 484 312 498 193 424 470 404 491 497 
351 224 181 77 368 201 471 311 386 188 51 302 386 92 346 379 230 464 126 274 0 380 305 103 397 132 235 228 142 118 306 241 278 456 456 186 457 248 489 345 448 381 269 98 236 454 179 431 320 251 
109 479 235 440 484 113 125 331 431 500 417 488 430 97 64 297 456 485 107 341 380 0 440 488 360 85 397 65 118 293 428 354 270 500 378 202 137 228 343 329 219 56 242 144 98 320 135 151 234 133 
108 349 265 357 401 351 87 364 183 67 180 368 253 119 351 72 401 181 453 400 305 440 0 335 251 313 64 360 249 355 497 478 478 218 287 65 178 420 456 260 202 185 268 472 214 125 246 109 490 320 
85 108 454 332 63 194 146 110 73 411 409 496 268 310 102 61 380 235 285 59 103 488 335 0 164 79 149 467 157 417 98 237 221 89 164 449 457 338 438 201 61 335 117 474 196 343 61 371 130 348 
404 59 236 292 218 342 96 157 378 154 317 416 168 218 61 228 448 423 344 199 397 360 251 164 0 214 420 319 296 117 282 158 378 200 481 473 211 275 111 192 256 236 428 218 356 474 385 261 265 376 
239 193 399 456 453 387 290 356 152 232 147 321 74 400 184 158 54 208 73 379 132 85 313 79 214 0 393 302 264 104 413 467 444 453 352 423 359 468 290 181 50 310 212 443 335 125 404 163 315 208 
363 436 110 222 186 431 168 85 329 123 488 422 119 344 74 58 197 101 82 304 235 397 64 149 420 393 0 363 468 73 165 357 284 152 312 420 271 302 95 387 321 323 409 181 165 453 379 266 384 463 
231 211 412 261 375 275 196 191 447 88 121 321 124 157 394 111 78 220 161 309 228 65 360 467 319 302 363 0 469 363 92 480 357 359 114 500 142 413 463 444 152 114 208 50 222 124 347 480 356 146 
333 401 489 432 132 200 343 99 281 117 245 179 271 490 457 298 320 113 192 382 142 118 249 157 296 264 468 469 0 318 193 58 209 198 200 124 383 411 72 492 205 267 382 455 79 153 349 313 436 287 
82 269 87 121 169 75 52 251 432 346 56 420 169 251 98 146 448 54 395 267 118 293 355 417 117 104 73 363 318 0 234 256 490 378 265 475 97 243 383 210 276 359 162 105 90 308 65 435 438 179 
247 87 107 466 124 178 342 149 181 299 288 233 306 207 108 263 462 205 210 222 306 428 497 98 282 413 165 92 193 234 0 213 276 349 77 108 98 268 150 264 219 217 249 215 121 97 343 422 349 488 
361 146 271 174 112 101 302 160 200 189 409 194 128 214 107 187 184 68 342 344 241 354 478 237 158 467 357 480 58 256 213 0 284 453 446 224 465 335 364 358 201 144 265 269 415 395 460 327 397 284 
125 352 190 249 170 448 258 280 354 153 396 499 232 316 105 369 450 331 417 294 278 270 478 221 378 444 284 357 209 490 276 284 0 256 349 74 188 158 214 331 248 250 226 343 350 245 258 437 258 299 
98 172 240 425 119 204 412 423 63 307 177 245 122 233 320 72 63 236 72 498 456 500 218 89 200 453 152 359 198 378 349 453 256 0 108 327 444 402 236 349 474 141 268 60 217 393 170 470 366 333 
295 378 81 449 496 455 463 302 131 414 130 70 234 359 290 420 381 287 132 137 456 378 287 164 481 352 312 114 200 265 77 446 349 108 0 250 235 76 95 103 419 480 426 315 350 317 356 158 468 100 
150 344 62 319 352 351 440 188 127 173 498 368 299 134 361 137 221 316 466 214 186 202 65 449 473 423 420 500 124 475 108 224 74 327 250 0 149 130 154 397 281 238 124 461 445 75 214 163 459 152 
132 384 396 270 462 68 267 329 73 108 189 161 279 212 333 444 104 485 215 52 457 137 178 457 211 359 271 142 383 97 98 465 188 444 235 149 0 432 323 449 172 342 472 308 390 70 372 159 239 411 
218 208 184 241 266 79 108 252 448 391 402 52 131 116 261 88 411 390 251 121 248 228 420 338 275 468 302 413 411 243 268 335 158 402 76 130 432 0 114 249 458 281 208 414 203 382 206 74 147 203 
341 332 379 232 440 381 313 56 142 107 173 238 64 451 192 242 371 480 224 338 489 343 456 438 111 290 95 463 72 383 150 364 214 236 95 154 323 114 0 361 330 220 126 469 50 92 441 293 286 427 
367 171 379 246 359 149 196 258 342 66 444 272 355 188 114 66 126 175 306 378 345 329 260 201 192 181 387 444 492 210 264 358 331 349 103 397 449 249 361 0 153 498 61 367 160 452 404 311 324 59 
497 473 304 268 327 199 332 99 275 214 355 359 58 390 326 209 288 457 303 438 448 219 202 61 256 50 321 152 205 276 219 201 248 474 419 281 172 458 330 153 0 90 424 489 151 368 348 81 146 397 
171 392 218 386 281 494 301 276 206 103 213 360 272 365 127 479 122 154 337 484 381 56 185 335 236 310 323 114 267 359 217 144 250 141 480 238 342 281 220 498 90 0 215 219 322 463 189 326 86 313 
383 114 313 455 191 498 283 52 334 266 383 96 157 424 282 174 246 346 147 312 269 242 268 117 428 212 409 208 382 162 249 265 226 268 426 124 472 208 126 61 424 215 0 193 355 446 268 96 388 94 
108 81 138 96 412 91 149 58 109 368 250 327 191 178 490 99 92 127 212 498 98 144 472 474 218 443 181 50 455 105 215 269 343 60 315 461 308 414 469 367 489 219 193 0 267 187 199 385 409 321 
179 103 389 436 145 223 147 350 271 241 321 245 166 264 376 166 425 187 88 193 236 98 214 196 356 335 165 222 79 90 121 415 350 217 350 445 390 203 50 160 151 322 355 267 0 497 219 414 271 498 
292 438 139 216 124 177 115 67 225 279 213 287 320 84 459 349 124 287 264 424 454 320 125 343 474 125 453 124 153 308 97 395 245 393 317 75 70 382 92 452 368 463 446 187 497 0 236 348 129 231 
404 487 121 190 250 251 350 69 326 192 249 158 145 79 261 159 126 363 110 470 179 135 246 61 385 404 379 347 349 65 343 460 258 170 356 214 372 206 441 404 348 189 268 199 219 236 0 287 461 209 
308 51 98 124 227 434 417 423 201 301 83 79 354 382 302 403 97 266 73 404 431 151 109 371 261 163 266 480 313 435 422 327 437 470 158 163 159 74 293 311 81 326 96 385 414 348 287 0 392 305 
462 321 66 365 251 167 180 328 379 293 93 114 312 479 486 346 171 211 454 491 320 234 490 130 265 315 384 356 436 438 349 397 258 366 468 459 239 147 286 324 146 86 388 409 271 129 461 392 0 336 
290 170 138 317 354 128 153 325 149 487 180 84 425 235 431 182 100 398 348 497 251 133 320 348 376 208 463 146 287 179 488 284 299 333 100 152 411 203 427 59 397 313 94 321 498 231 209 305 336 0 

1487 0 33
1487 1 28
1487 2 41
1487 3 4
1487 4 35
1487 5 17
1487 6 1
1487 7 15
1487 8 11
1487 9 43
1487 10 45
1487 11 1
1487 12 39
1487 13 15
1487 14 1
1487 15 40
1487 16 15
1487 17 40
1487 18 13
1487 19 6
1487 20 26
1487 21 18
1487 22 19
1487 23 41
1487 24 1
1487 25 27
1487 26 14
1487 27 33
1487 28 24
1487 29 13
1487 30 2
1487 31 8
1487 32 41
1487 33 0
1487 34 11
1487 35 32
1487 36 17
1487 37 13
1487 38 48
1487 39 29
1487 40 12
1487 41 0
1487 42 35
1487 43 2
1487 44 15
1487 45 37
1487 46 43
1487 47 30
1487 48 28
1487 49 7
