10 10 3 9

0.25 1 9
0.25 2 3
0.25 2 7
0.25 3 6
0.25 3 8
0.25 4 9
0.25 6 7
0.25 7 8
0.25 8 9

0 306 228 191 96 487 275 133 436 319 
306 0 463 71 84 294 112 282 460 392 
228 463 0 66 76 273 415 381 134 206 
191 71 66 0 262 78 183 297 449 101 
96 84 76 262 0 483 326 429 188 154 
487 294 273 78 483 0 82 306 96 193 
275 112 415 183 326 82 0 294 139 345 
133 282 381 297 429 306 294 0 416 377 
436 460 134 449 188 96 139 416 0 428 
319 392 206 101 154 193 345 377 428 0 

263.67 0 6
263.67 1 8
263.67 2 6
263.67 3 2
263.67 4 5
263.67 5 6
263.67 6 0
263.67 7 6
263.67 8 1
263.67 9 0
