30 30 4 108

0.4 0 3
0.4 0 5
0.4 0 12
0.4 0 16
0.4 0 19
0.4 0 22
0.4 0 24
0.4 0 27
0.4 1 3
0.4 1 8
0.4 1 15
0.4 1 16
0.4 1 17
0.4 1 18
0.4 2 3
0.4 2 4
0.4 2 6
0.4 2 8
0.4 2 10
0.4 2 11
0.4 2 12
0.4 2 13
0.4 2 21
0.4 2 29
0.4 3 5
0.4 3 9
0.4 3 13
0.4 3 19
0.4 3 23
0.4 4 9
0.4 4 10
0.4 4 14
0.4 4 17
0.4 4 25
0.4 4 28
0.4 5 9
0.4 5 26
0.4 5 27
0.4 6 8
0.4 6 9
0.4 6 15
0.4 6 21
0.4 6 26
0.4 6 27
0.4 7 16
0.4 7 19
0.4 8 17
0.4 8 18
0.4 8 22
0.4 8 23
0.4 8 24
0.4 9 12
0.4 9 13
0.4 9 16
0.4 9 19
0.4 9 28
0.4 10 15
0.4 10 16
0.4 10 19
0.4 10 21
0.4 10 22
0.4 10 25
0.4 11 13
0.4 11 16
0.4 11 21
0.4 11 24
0.4 11 27
0.4 11 28
0.4 12 15
0.4 12 16
0.4 12 17
0.4 12 21
0.4 12 24
0.4 12 27
0.4 13 16
0.4 13 19
0.4 13 21
0.4 13 23
0.4 13 25
0.4 14 22
0.4 15 18
0.4 15 20
0.4 16 18
0.4 16 22
0.4 16 23
0.4 16 24
0.4 16 26
0.4 17 20
0.4 17 21
0.4 17 22
0.4 17 26
0.4 17 28
0.4 17 29
0.4 18 23
0.4 19 23
0.4 19 24
0.4 20 21
0.4 20 26
0.4 20 29
0.4 21 28
0.4 22 25
0.4 22 27
0.4 23 25
0.4 23 28
0.4 24 28
0.4 24 29
0.4 25 29
0.4 26 27

0 439 237 252 89 296 338 287 428 247 109 206 93 328 76 103 475 376 162 423 293 333 203 417 415 199 304 206 457 256 
439 0 204 429 491 92 60 266 302 364 88 102 104 88 357 236 106 471 469 334 246 217 461 374 321 157 278 474 418 50 
237 204 0 419 450 395 351 357 418 164 75 424 204 409 92 461 378 362 221 98 192 488 282 50 421 499 265 421 481 357 
252 429 419 0 80 400 364 104 123 403 166 161 207 304 447 110 87 193 193 392 64 80 207 333 460 118 425 369 483 419 
89 491 450 80 0 164 488 360 489 150 402 480 457 123 214 270 148 240 427 474 212 147 130 127 119 431 311 103 330 174 
296 92 395 400 164 0 213 82 122 166 270 225 305 304 383 500 81 361 409 153 147 254 55 405 340 391 341 224 210 338 
338 60 351 364 488 213 0 249 325 445 85 79 80 496 247 470 252 369 177 135 70 246 185 484 226 165 123 354 403 401 
287 266 357 104 360 82 249 0 173 251 396 309 157 221 268 73 482 470 153 163 79 249 353 223 444 101 174 319 198 454 
428 302 418 123 489 122 325 173 0 65 486 421 55 217 87 122 278 434 427 110 185 370 120 61 464 211 96 148 264 498 
247 364 164 403 150 166 445 251 65 0 392 151 95 97 160 480 226 348 272 152 497 95 275 393 99 85 398 164 127 60 
109 88 75 166 402 270 85 396 486 392 0 134 216 145 431 68 68 244 260 398 258 465 392 390 444 268 104 366 258 358 
206 102 424 161 480 225 79 309 421 151 134 0 301 328 98 294 388 434 249 492 365 162 494 500 52 488 437 428 82 468 
93 104 204 207 457 305 80 157 55 95 216 301 0 284 190 196 157 251 300 224 175 498 470 100 384 132 269 288 432 137 
328 88 409 304 123 304 496 221 217 97 145 328 284 0 88 116 116 310 161 59 298 157 422 470 104 444 363 412 372 116 
76 357 92 447 214 383 247 268 87 160 431 98 190 88 0 145 78 285 331 216 414 384 140 54 486 431 354 81 154 256 
103 236 461 110 270 500 470 73 122 480 68 294 196 116 145 0 195 432 477 151 273 416 430 235 313 95 304 98 360 275 
475 106 378 87 148 81 252 482 278 226 68 388 157 116 78 195 0 122 473 410 478 254 374 78 115 250 130 104 366 194 
376 471 362 193 240 361 369 470 434 348 244 434 251 310 285 432 122 0 230 143 273 404 95 124 135 130 97 300 66 361 
162 469 221 193 427 409 177 153 427 272 260 249 300 161 331 477 473 230 0 59 359 445 299 216 202 97 386 411 147 134 
423 334 98 392 474 153 135 163 110 152 398 492 224 59 216 151 410 143 59 0 140 389 420 420 322 133 280 165 171 267 
293 246 192 64 212 147 70 79 185 497 258 365 175 298 414 273 478 273 359 140 0 157 60 324 185 185 234 311 120 377 
333 217 488 80 147 254 246 249 370 95 465 162 498 157 384 416 254 404 445 389 157 0 167 392 171 289 187 491 398 439 
203 461 282 207 130 55 185 353 120 275 392 494 470 422 140 430 374 95 299 420 60 167 0 341 326 396 480 212 81 388 
417 374 50 333 127 405 484 223 61 393 390 500 100 470 54 235 78 124 216 420 324 392 341 0 126 457 315 403 235 203 
415 321 421 460 119 340 226 444 464 99 444 52 384 104 486 313 115 135 202 322 185 171 326 126 0 374 234 478 208 336 
199 157 499 118 431 391 165 101 211 85 268 488 132 444 431 95 250 130 97 133 185 289 396 457 374 0 319 397 279 175 
304 278 265 425 311 341 123 174 96 398 104 437 269 363 354 304 130 97 386 280 234 187 480 315 234 319 0 90 154 145 
206 474 421 369 103 224 354 319 148 164 366 428 288 412 81 98 104 300 411 165 311 491 212 403 478 397 90 0 317 250 
457 418 481 483 330 210 403 198 264 127 258 82 432 372 154 360 366 66 147 171 120 398 81 235 208 279 154 317 0 160 
256 50 357 419 174 338 401 454 498 60 358 468 137 116 256 275 194 361 134 267 377 439 388 203 336 175 145 250 160 0 

982 0 2
982 1 6
982 2 24
982 3 16
982 4 2
982 5 9
982 6 7
982 7 14
982 8 0
982 9 24
982 10 24
982 11 0
982 12 8
982 13 1
982 14 25
982 15 13
982 16 21
982 17 22
982 18 0
982 19 20
982 20 9
982 21 24
982 22 11
982 23 5
982 24 15
982 25 4
982 26 7
982 27 22
982 28 23
982 29 3
