50 50 4 306

0.2 0 1
0.2 0 2
0.2 0 3
0.2 0 5
0.2 0 6
0.2 0 8
0.2 0 11
0.2 0 14
0.2 0 15
0.2 0 17
0.2 0 36
0.2 0 37
0.2 0 38
0.2 0 43
0.2 0 48
0.2 1 6
0.2 1 12
0.2 1 13
0.2 1 14
0.2 1 18
0.2 1 23
0.2 1 24
0.2 1 25
0.2 1 31
0.2 1 34
0.2 1 39
0.2 1 45
0.2 2 3
0.2 2 13
0.2 2 17
0.2 2 19
0.2 2 21
0.2 2 22
0.2 2 28
0.2 2 30
0.2 2 31
0.2 2 39
0.2 2 42
0.2 2 43
0.2 2 44
0.2 2 48
0.2 3 4
0.2 3 8
0.2 3 15
0.2 3 16
0.2 3 21
0.2 3 36
0.2 3 37
0.2 3 40
0.2 3 43
0.2 3 45
0.2 3 49
0.2 4 9
0.2 4 18
0.2 4 20
0.2 4 26
0.2 4 38
0.2 4 40
0.2 4 49
0.2 5 11
0.2 5 18
0.2 5 23
0.2 5 29
0.2 5 31
0.2 5 36
0.2 5 37
0.2 5 39
0.2 5 43
0.2 5 48
0.2 6 7
0.2 6 8
0.2 6 11
0.2 6 15
0.2 6 23
0.2 6 24
0.2 6 38
0.2 6 42
0.2 6 44
0.2 6 49
0.2 7 8
0.2 7 10
0.2 7 11
0.2 7 12
0.2 7 13
0.2 7 15
0.2 7 21
0.2 7 22
0.2 7 33
0.2 7 40
0.2 7 42
0.2 7 43
0.2 7 44
0.2 7 46
0.2 7 47
0.2 7 48
0.2 7 49
0.2 8 10
0.2 8 13
0.2 8 15
0.2 8 17
0.2 8 19
0.2 8 22
0.2 8 29
0.2 8 33
0.2 8 36
0.2 8 38
0.2 8 42
0.2 8 43
0.2 9 12
0.2 9 14
0.2 9 19
0.2 9 22
0.2 9 23
0.2 9 26
0.2 9 28
0.2 9 37
0.2 9 38
0.2 9 44
0.2 9 45
0.2 10 11
0.2 10 14
0.2 10 19
0.2 10 20
0.2 10 22
0.2 10 26
0.2 10 32
0.2 10 33
0.2 10 37
0.2 10 38
0.2 10 40
0.2 10 41
0.2 10 49
0.2 11 14
0.2 11 28
0.2 11 32
0.2 11 33
0.2 11 35
0.2 11 37
0.2 11 40
0.2 12 13
0.2 12 14
0.2 12 19
0.2 12 27
0.2 12 28
0.2 12 30
0.2 12 32
0.2 12 33
0.2 12 34
0.2 12 42
0.2 12 43
0.2 13 14
0.2 13 15
0.2 13 18
0.2 13 21
0.2 13 30
0.2 13 31
0.2 13 32
0.2 13 38
0.2 13 42
0.2 13 44
0.2 14 21
0.2 14 22
0.2 14 28
0.2 14 29
0.2 14 35
0.2 14 39
0.2 14 43
0.2 14 44
0.2 14 49
0.2 15 17
0.2 15 18
0.2 15 21
0.2 15 30
0.2 15 42
0.2 15 47
0.2 15 49
0.2 16 21
0.2 16 23
0.2 16 24
0.2 16 35
0.2 16 41
0.2 16 46
0.2 16 48
0.2 17 23
0.2 17 34
0.2 17 36
0.2 17 43
0.2 17 45
0.2 17 48
0.2 18 28
0.2 18 31
0.2 18 33
0.2 18 39
0.2 18 42
0.2 18 43
0.2 18 48
0.2 18 49
0.2 19 24
0.2 19 28
0.2 19 32
0.2 19 33
0.2 19 38
0.2 19 42
0.2 20 22
0.2 20 25
0.2 20 27
0.2 20 31
0.2 20 32
0.2 20 33
0.2 20 38
0.2 20 48
0.2 21 22
0.2 21 25
0.2 21 28
0.2 21 29
0.2 21 32
0.2 21 33
0.2 21 35
0.2 21 36
0.2 21 42
0.2 21 43
0.2 21 45
0.2 21 47
0.2 21 48
0.2 22 28
0.2 22 39
0.2 22 45
0.2 23 26
0.2 23 31
0.2 23 45
0.2 23 48
0.2 24 33
0.2 24 34
0.2 24 36
0.2 24 47
0.2 24 49
0.2 25 26
0.2 25 30
0.2 25 33
0.2 25 42
0.2 25 44
0.2 26 27
0.2 26 36
0.2 26 38
0.2 26 42
0.2 26 48
0.2 26 49
0.2 27 33
0.2 27 35
0.2 27 37
0.2 28 35
0.2 28 39
0.2 28 42
0.2 28 46
0.2 28 49
0.2 29 34
0.2 29 39
0.2 29 46
0.2 29 47
0.2 30 31
0.2 30 34
0.2 30 36
0.2 30 45
0.2 31 32
0.2 31 36
0.2 31 45
0.2 31 48
0.2 32 35
0.2 32 38
0.2 32 42
0.2 32 47
0.2 32 49
0.2 33 34
0.2 33 38
0.2 33 42
0.2 33 45
0.2 33 49
0.2 34 39
0.2 34 43
0.2 34 48
0.2 35 40
0.2 36 40
0.2 36 42
0.2 36 49
0.2 37 44
0.2 37 45
0.2 38 40
0.2 38 42
0.2 38 45
0.2 38 46
0.2 39 40
0.2 39 42
0.2 39 45
0.2 39 49
0.2 40 42
0.2 40 47
0.2 41 42
0.2 41 48
0.2 42 44
0.2 42 46
0.2 42 47
0.2 43 46
0.2 43 49
0.2 44 47
0.2 45 47
0.2 48 49

0 127 229 417 394 95 398 478 425 340 451 72 465 324 358 173 145 460 340 219 314 55 62 331 456 393 192 311 145 169 240 483 490 436 77 370 409 207 475 389 275 345 250 400 221 461 403 275 139 284 
127 0 304 349 405 433 65 116 147 274 307 84 313 455 140 127 455 443 85 95 134 493 99 388 285 178 121 272 306 334 252 341 407 450 159 114 203 131 88 479 66 241 302 76 242 380 69 265 253 435 
229 304 0 324 108 443 186 262 55 493 442 247 76 118 166 322 371 158 427 495 219 477 108 340 228 485 473 315 209 224 326 414 116 345 334 128 421 94 334 188 437 394 274 414 414 122 201 245 117 316 
417 349 324 0 281 426 113 469 258 398 137 489 213 376 441 371 236 330 113 214 382 384 454 468 156 222 440 256 151 471 73 64 54 375 150 166 211 72 300 287 246 203 355 425 179 486 142 244 276 178 
394 405 108 281 0 207 405 173 326 54 371 459 418 420 357 157 327 99 91 89 389 219 497 65 254 461 126 232 323 346 426 120 233 319 326 250 354 482 260 70 401 264 410 289 198 235 479 221 203 230 
95 433 443 426 207 0 172 314 310 294 346 100 81 172 419 277 67 385 379 80 243 280 339 153 466 397 188 457 432 384 296 96 162 366 289 483 313 125 360 436 436 240 418 457 95 174 202 176 412 191 
398 65 186 113 405 172 0 467 174 87 466 251 458 287 161 439 299 476 448 186 109 298 435 96 72 327 88 327 172 121 125 67 71 460 90 300 469 278 147 202 472 469 322 282 318 258 321 224 192 297 
478 116 262 469 173 314 467 0 382 203 348 423 211 354 377 484 452 289 423 289 235 322 474 370 95 417 461 204 79 169 65 195 135 456 185 95 278 392 473 292 249 226 402 235 267 498 131 280 421 276 
425 147 55 258 326 310 174 382 0 426 412 133 234 195 446 196 385 287 482 78 226 146 255 108 52 181 380 152 370 71 124 318 431 441 405 201 366 185 453 225 72 423 369 454 244 344 80 429 288 190 
340 274 493 398 54 294 87 203 426 0 434 267 383 78 80 111 382 86 362 126 435 459 410 108 411 54 260 160 128 450 451 141 369 153 427 393 401 326 224 231 115 408 369 233 195 150 84 382 165 62 
451 307 442 137 371 346 466 348 412 434 0 303 161 307 294 477 153 473 305 258 190 59 479 419 386 279 422 99 112 405 293 146 438 410 139 308 81 466 398 82 443 202 320 452 468 261 401 285 394 343 
72 84 247 489 459 100 251 423 133 267 303 0 492 183 233 256 415 250 318 172 246 166 455 373 227 141 483 191 280 147 73 111 248 387 218 425 500 76 91 265 131 445 69 352 263 136 468 167 370 138 
465 313 76 213 418 81 458 211 234 383 161 492 0 243 488 256 175 292 227 470 360 92 387 269 182 470 293 120 230 77 355 371 239 455 143 346 203 140 91 384 152 462 309 379 169 396 283 66 184 98 
324 455 118 376 420 172 287 354 195 78 307 183 243 0 455 261 336 233 140 97 235 228 119 415 245 302 94 185 429 223 390 207 351 314 55 433 110 263 209 293 316 399 182 154 435 162 120 80 362 183 
358 140 166 441 357 419 161 377 446 80 294 233 488 455 0 63 159 263 484 414 240 499 173 211 273 186 370 157 85 377 308 451 405 461 67 97 341 387 65 68 347 402 319 121 426 163 431 431 137 381 
173 127 322 371 157 277 439 484 196 111 477 256 256 261 63 0 336 143 169 153 74 187 373 410 51 473 297 248 371 465 285 385 124 210 454 428 124 127 290 349 316 194 263 252 141 239 229 251 184 338 
145 455 371 236 327 67 299 452 385 382 153 415 175 336 159 336 0 394 455 367 481 422 123 144 59 419 323 374 256 359 267 198 500 349 175 303 184 219 323 137 463 467 93 249 75 357 477 435 338 53 
460 443 158 330 99 385 476 289 287 86 473 250 292 233 263 143 394 0 69 455 478 314 201 172 88 278 217 401 220 413 272 424 85 153 173 78 315 139 83 144 477 493 358 182 356 239 109 226 100 400 
340 85 427 113 91 379 448 423 482 362 305 318 227 140 484 169 455 69 0 482 417 373 470 319 177 199 267 292 235 91 350 156 437 413 132 342 298 367 90 488 440 245 239 189 346 253 262 344 172 487 
219 95 495 214 89 80 186 289 78 126 258 172 470 97 414 153 367 455 482 0 269 147 288 330 382 100 124 243 454 114 386 498 253 400 371 214 154 311 447 353 270 341 498 363 65 294 249 187 242 286 
314 134 219 382 389 243 109 235 226 435 190 246 360 235 240 74 481 478 417 269 0 248 210 126 307 474 353 197 93 339 69 65 100 423 275 124 281 475 261 330 72 419 452 198 312 473 224 450 395 316 
55 493 477 384 219 280 298 322 146 459 59 166 92 228 499 187 422 314 373 147 248 0 135 205 298 422 446 115 135 276 170 176 319 490 207 268 457 249 97 374 347 201 267 170 219 152 481 138 296 105 
62 99 108 454 497 339 435 474 255 410 479 455 387 119 173 373 123 201 470 288 210 135 0 399 299 309 249 410 453 274 224 167 371 152 412 468 497 408 465 266 247 440 399 250 186 379 353 210 375 62 
331 388 340 468 65 153 96 370 108 108 419 373 269 415 211 410 144 172 319 330 126 205 399 0 216 239 338 170 493 383 296 447 497 125 340 263 290 68 345 458 457 362 440 313 264 57 303 61 168 348 
456 285 228 156 254 466 72 95 52 411 386 227 182 245 273 51 59 88 177 382 307 298 299 216 0 460 144 396 282 361 394 178 447 90 427 259 386 301 370 441 233 299 447 475 293 113 452 170 95 274 
393 178 485 222 461 397 327 417 181 54 279 141 470 302 186 473 419 278 199 100 474 422 309 239 460 0 300 469 67 226 313 268 345 114 303 209 385 174 189 423 362 248 63 261 295 231 55 474 293 158 
192 121 473 440 126 188 88 461 380 260 422 483 293 94 370 297 323 217 267 124 353 446 249 338 144 300 0 115 158 131 156 259 463 62 189 393 382 471 59 174 385 205 374 456 401 493 483 474 59 476 
311 272 315 256 232 457 327 204 152 160 99 191 120 185 157 248 374 401 292 243 197 115 410 170 396 469 115 0 403 350 327 284 438 392 285 303 390 56 236 307 345 333 145 473 77 219 184 376 117 304 
145 306 209 151 323 432 172 79 370 128 112 280 230 429 85 371 256 220 235 454 93 135 453 493 282 67 158 403 0 450 151 301 145 143 486 429 338 312 386 340 168 477 110 141 137 463 295 313 448 342 
169 334 224 471 346 384 121 169 71 450 405 147 77 223 377 465 359 413 91 114 339 276 274 383 361 226 131 350 450 0 456 360 78 152 424 182 102 134 413 201 220 454 230 224 489 447 313 262 86 81 
240 252 326 73 426 296 125 65 124 451 293 73 355 390 308 285 267 272 350 386 69 170 224 296 394 313 156 327 151 456 0 447 384 233 93 142 60 116 177 271 456 144 408 254 370 200 235 61 341 379 
483 341 414 64 120 96 67 195 318 141 146 111 371 207 451 385 198 424 156 498 65 176 167 447 178 268 259 284 301 360 447 0 341 285 270 298 246 469 361 435 149 77 310 491 64 423 405 294 86 332 
490 407 116 54 233 162 71 135 431 369 438 248 239 351 405 124 500 85 437 253 100 319 371 497 447 345 463 438 145 78 384 341 0 309 289 453 256 215 207 386 237 195 482 457 231 327 89 477 290 222 
436 450 345 375 319 366 460 456 441 153 410 387 455 314 461 210 349 153 413 400 423 490 152 125 90 114 62 392 143 152 233 285 309 0 133 221 187 160 461 165 392 488 181 167 283 273 143 463 164 194 
77 159 334 150 326 289 90 185 405 427 139 218 143 55 67 454 175 173 132 371 275 207 412 340 427 303 189 285 486 424 93 270 289 133 0 171 407 247 367 428 101 230 165 171 193 165 497 488 68 217 
370 114 128 166 250 483 300 95 201 393 308 425 346 433 97 428 303 78 342 214 124 268 468 263 259 209 393 303 429 182 142 298 453 221 171 0 109 197 417 406 344 165 147 246 135 268 274 197 199 403 
409 203 421 211 354 313 469 278 366 401 81 500 203 110 341 124 184 315 298 154 281 457 497 290 386 385 382 390 338 102 60 246 256 187 407 109 0 442 76 100 327 228 305 124 85 397 295 138 282 91 
207 131 94 72 482 125 278 392 185 326 466 76 140 263 387 127 219 139 367 311 475 249 408 68 301 174 471 56 312 134 116 469 215 160 247 197 442 0 464 336 279 198 193 403 462 373 73 418 210 220 
475 88 334 300 260 360 147 473 453 224 398 91 91 209 65 290 323 83 90 447 261 97 465 345 370 189 59 236 386 413 177 361 207 461 367 417 76 464 0 405 299 341 499 431 352 265 355 427 119 385 
389 479 188 287 70 436 202 292 225 231 82 265 384 293 68 349 137 144 488 353 330 374 266 458 441 423 174 307 340 201 271 435 386 165 428 406 100 336 405 0 105 357 173 77 486 447 325 274 70 439 
275 66 437 246 401 436 472 249 72 115 443 131 152 316 347 316 463 477 440 270 72 347 247 457 233 362 385 345 168 220 456 149 237 392 101 344 327 279 299 105 0 106 61 342 156 229 107 300 81 232 
345 241 394 203 264 240 469 226 423 408 202 445 462 399 402 194 467 493 245 341 419 201 440 362 299 248 205 333 477 454 144 77 195 488 230 165 228 198 341 357 106 0 75 138 75 233 463 419 463 227 
250 302 274 355 410 418 322 402 369 369 320 69 309 182 319 263 93 358 239 498 452 267 399 440 447 63 374 145 110 230 408 310 482 181 165 147 305 193 499 173 61 75 0 136 248 83 500 391 146 283 
400 76 414 425 289 457 282 235 454 233 452 352 379 154 121 252 249 182 189 363 198 170 250 313 475 261 456 473 141 224 254 491 457 167 171 246 124 403 431 77 342 138 136 0 275 331 340 316 422 280 
221 242 414 179 198 95 318 267 244 195 468 263 169 435 426 141 75 356 346 65 312 219 186 264 293 295 401 77 137 489 370 64 231 283 193 135 85 462 352 486 156 75 248 275 0 345 82 449 324 117 
461 380 122 486 235 174 258 498 344 150 261 136 396 162 163 239 357 239 253 294 473 152 379 57 113 231 493 219 463 447 200 423 327 273 165 268 397 373 265 447 229 233 83 331 345 0 186 321 234 163 
403 69 201 142 479 202 321 131 80 84 401 468 283 120 431 229 477 109 262 249 224 481 353 303 452 55 483 184 295 313 235 405 89 143 497 274 295 73 355 325 107 463 500 340 82 186 0 273 106 325 
275 265 245 244 221 176 224 280 429 382 285 167 66 80 431 251 435 226 344 187 450 138 210 61 170 474 474 376 313 262 61 294 477 463 488 197 138 418 427 274 300 419 391 316 449 321 273 0 368 120 
139 253 117 276 203 412 192 421 288 165 394 370 184 362 137 184 338 100 172 242 395 296 375 168 95 293 59 117 448 86 341 86 290 164 68 199 282 210 119 70 81 463 146 422 324 234 106 368 0 269 
284 435 316 178 230 191 297 276 190 62 343 138 98 183 381 338 53 400 487 286 316 105 62 348 274 158 476 304 342 81 379 332 222 194 217 403 91 220 385 439 232 227 283 280 117 163 325 120 269 0 

769.75 0 13
769.75 1 27
769.75 2 40
769.75 3 26
769.75 4 17
769.75 5 12
769.75 6 12
769.75 7 5
769.75 8 36
769.75 9 38
769.75 10 15
769.75 11 21
769.75 12 4
769.75 13 12
769.75 14 35
769.75 15 4
769.75 16 25
769.75 17 2
769.75 18 0
769.75 19 41
769.75 20 29
769.75 21 8
769.75 22 47
769.75 23 26
769.75 24 47
769.75 25 18
769.75 26 24
769.75 27 23
769.75 28 23
769.75 29 5
769.75 30 0
769.75 31 37
769.75 32 38
769.75 33 45
769.75 34 14
769.75 35 11
769.75 36 8
769.75 37 31
769.75 38 21
769.75 39 44
769.75 40 20
769.75 41 37
769.75 42 16
769.75 43 29
769.75 44 5
769.75 45 8
769.75 46 34
769.75 47 35
769.75 48 10
769.75 49 39
