20 20 4 47

0.2 0 8
0.2 0 12
0.2 0 16
0.2 1 2
0.2 1 3
0.2 1 4
0.2 1 5
0.2 1 16
0.2 1 18
0.2 2 4
0.2 2 6
0.2 2 8
0.2 2 9
0.2 2 11
0.2 2 13
0.2 2 17
0.2 2 19
0.2 3 7
0.2 3 13
0.2 3 15
0.2 3 17
0.2 4 8
0.2 4 15
0.2 4 16
0.2 4 19
0.2 5 8
0.2 5 9
0.2 5 10
0.2 5 12
0.2 5 18
0.2 6 8
0.2 6 18
0.2 6 19
0.2 7 9
0.2 7 10
0.2 7 14
0.2 7 15
0.2 7 16
0.2 8 12
0.2 8 13
0.2 8 19
0.2 9 13
0.2 10 18
0.2 11 17
0.2 13 15
0.2 13 18
0.2 15 17

0 297 418 241 452 267 172 475 78 324 227 272 73 119 377 392 68 462 346 318 
297 0 308 244 369 174 126 53 476 430 117 296 487 446 274 356 66 83 214 79 
418 308 0 470 383 65 193 250 341 175 327 436 470 118 360 53 492 378 109 272 
241 244 470 0 86 152 348 421 81 206 126 311 199 191 351 95 500 264 394 59 
452 369 383 86 0 435 295 465 150 467 415 324 400 182 193 181 377 214 319 401 
267 174 65 152 435 0 404 500 355 393 122 167 436 421 400 206 98 83 335 109 
172 126 193 348 295 404 0 89 272 86 480 358 91 473 374 371 399 341 72 458 
475 53 250 421 465 500 89 0 100 238 145 111 436 118 387 322 276 242 311 383 
78 476 341 81 150 355 272 100 0 495 125 267 381 399 370 338 179 371 187 256 
324 430 175 206 467 393 86 238 495 0 437 213 85 268 72 498 285 338 431 417 
227 117 327 126 415 122 480 145 125 437 0 334 370 260 493 294 145 242 294 481 
272 296 436 311 324 167 358 111 267 213 334 0 204 417 61 406 201 276 50 177 
73 487 470 199 400 436 91 436 381 85 370 204 0 299 320 152 484 196 158 149 
119 446 118 191 182 421 473 118 399 268 260 417 299 0 184 268 364 460 412 326 
377 274 360 351 193 400 374 387 370 72 493 61 320 184 0 165 472 147 462 97 
392 356 53 95 181 206 371 322 338 498 294 406 152 268 165 0 168 215 398 208 
68 66 492 500 377 98 399 276 179 285 145 201 484 364 472 168 0 477 290 219 
462 83 378 264 214 83 341 242 371 338 242 276 196 460 147 215 477 0 225 366 
346 214 109 394 319 335 72 311 187 431 294 50 158 412 462 398 290 225 0 250 
318 79 272 59 401 109 458 383 256 417 481 177 149 326 97 208 219 366 250 0 

355.25 0 15
355.25 1 9
355.25 2 0
355.25 3 1
355.25 4 11
355.25 5 17
355.25 6 7
355.25 7 6
355.25 8 12
355.25 9 4
355.25 10 0
355.25 11 5
355.25 12 8
355.25 13 6
355.25 14 13
355.25 15 3
355.25 16 11
355.25 17 4
355.25 18 13
355.25 19 15
