20 20 3 38

0.25 0 1
0.25 0 2
0.25 0 5
0.25 0 8
0.25 0 9
0.25 0 18
0.25 1 3
0.25 1 7
0.25 1 10
0.25 1 17
0.25 2 9
0.25 2 10
0.25 2 18
0.25 2 19
0.25 3 5
0.25 3 12
0.25 3 13
0.25 3 16
0.25 3 17
0.25 4 13
0.25 4 15
0.25 5 10
0.25 5 19
0.25 6 7
0.25 6 14
0.25 7 12
0.25 9 13
0.25 9 18
0.25 10 12
0.25 10 13
0.25 11 16
0.25 11 18
0.25 12 15
0.25 12 18
0.25 12 19
0.25 13 18
0.25 14 17
0.25 17 19

0 295 316 204 188 499 338 428 447 79 323 137 347 56 142 378 127 160 167 479 
295 0 387 227 470 361 474 91 485 290 63 244 472 160 442 495 320 72 450 266 
316 387 0 296 385 405 237 297 190 202 434 418 236 248 57 376 125 228 239 452 
204 227 296 0 118 348 75 451 241 170 266 312 500 172 50 330 275 196 205 344 
188 470 385 118 0 342 476 331 300 114 296 190 141 484 384 257 83 280 314 325 
499 361 405 348 342 0 158 91 77 407 410 158 300 177 454 243 332 421 432 462 
338 474 237 75 476 158 0 225 152 482 374 209 162 329 103 284 158 186 90 86 
428 91 297 451 331 91 225 0 233 226 430 138 122 360 355 380 487 366 239 140 
447 485 190 241 300 77 152 233 0 461 207 408 232 264 189 433 386 109 313 109 
79 290 202 170 114 407 482 226 461 0 170 236 123 72 309 167 219 304 442 424 
323 63 434 266 296 410 374 430 207 170 0 240 395 485 202 415 382 487 109 181 
137 244 418 312 190 158 209 138 408 236 240 0 453 283 195 500 194 108 96 491 
347 472 236 500 141 300 162 122 232 123 395 453 0 420 422 138 371 148 263 129 
56 160 248 172 484 177 329 360 264 72 485 283 420 0 275 194 283 387 412 54 
142 442 57 50 384 454 103 355 189 309 202 195 422 275 0 484 322 91 413 196 
378 495 376 330 257 243 284 380 433 167 415 500 138 194 484 0 352 225 493 75 
127 320 125 275 83 332 158 487 386 219 382 194 371 283 322 352 0 206 346 210 
160 72 228 196 280 421 186 366 109 304 487 108 148 387 91 225 206 0 316 216 
167 450 239 205 314 432 90 239 313 442 109 96 263 412 413 493 346 316 0 457 
479 266 452 344 325 462 86 140 109 424 181 491 129 54 196 75 210 216 457 0 

499.95 0 13
499.95 1 0
499.95 2 5
499.95 3 11
499.95 4 10
499.95 5 11
499.95 6 8
499.95 7 12
499.95 8 9
499.95 9 0
499.95 10 9
499.95 11 13
499.95 12 2
499.95 13 14
499.95 14 10
499.95 15 13
499.95 16 17
499.95 17 18
499.95 18 17
499.95 19 13
