20 20 4 19

0.25 1 11
0.25 2 4
0.25 2 7
0.25 2 8
0.25 3 17
0.25 3 18
0.25 4 11
0.25 5 10
0.25 5 13
0.25 5 19
0.25 6 9
0.25 7 8
0.25 7 11
0.25 7 15
0.25 8 18
0.25 11 14
0.25 11 19
0.25 12 16
0.25 13 18

0 138 436 316 424 387 122 260 209 479 215 462 406 219 444 405 420 268 391 149 
138 0 103 449 314 441 247 320 319 243 219 97 215 148 216 344 215 211 362 457 
436 103 0 433 363 141 311 434 287 429 80 305 236 480 402 447 372 328 101 299 
316 449 433 0 350 311 96 73 54 341 477 441 90 412 441 413 343 180 409 415 
424 314 363 350 0 227 457 329 461 300 472 257 56 203 403 269 116 430 107 490 
387 441 141 311 227 0 128 110 340 316 487 330 486 418 188 95 312 373 61 298 
122 247 311 96 457 128 0 480 320 282 104 434 356 424 102 148 245 278 273 490 
260 320 434 73 329 110 480 0 409 147 232 261 495 153 118 180 461 109 126 337 
209 319 287 54 461 340 320 409 0 126 62 290 132 379 374 455 364 83 102 398 
479 243 429 341 300 316 282 147 126 0 244 481 189 472 142 65 313 500 436 346 
215 219 80 477 472 487 104 232 62 244 0 287 416 408 331 103 335 369 220 111 
462 97 305 441 257 330 434 261 290 481 287 0 57 76 116 107 457 140 209 174 
406 215 236 90 56 486 356 495 132 189 416 57 0 435 449 394 143 394 303 331 
219 148 480 412 203 418 424 153 379 472 408 76 435 0 81 281 157 357 100 452 
444 216 402 441 403 188 102 118 374 142 331 116 449 81 0 222 161 68 428 486 
405 344 447 413 269 95 148 180 455 65 103 107 394 281 222 0 174 69 464 382 
420 215 372 343 116 312 245 461 364 313 335 457 143 157 161 174 0 278 378 117 
268 211 328 180 430 373 278 109 83 500 369 140 394 357 68 69 278 0 314 299 
391 362 101 409 107 61 273 126 102 436 220 209 303 100 428 464 378 314 0 393 
149 457 299 415 490 298 490 337 398 346 111 174 331 452 486 382 117 299 393 0 

380.5 0 7
380.5 1 9
380.5 2 10
380.5 3 2
380.5 4 7
380.5 5 7
380.5 6 18
380.5 7 4
380.5 8 5
380.5 9 2
380.5 10 1
380.5 11 5
380.5 12 5
380.5 13 4
380.5 14 1
380.5 15 8
380.5 16 7
380.5 17 10
380.5 18 17
380.5 19 11
