20 20 3 19

0.2 0 17
0.2 1 3
0.2 1 4
0.2 1 9
0.2 2 4
0.2 2 17
0.2 3 16
0.2 3 19
0.2 4 10
0.2 4 13
0.2 4 18
0.2 5 17
0.2 6 9
0.2 6 15
0.2 7 12
0.2 7 14
0.2 7 18
0.2 9 14
0.2 15 17

0 289 265 165 454 71 418 87 112 152 163 141 197 406 374 300 445 152 448 495 
289 0 429 315 216 318 351 432 268 176 392 493 258 345 349 115 222 293 71 399 
265 429 0 323 182 432 149 139 401 219 144 482 216 383 152 50 286 236 73 392 
165 315 323 0 455 141 209 90 351 492 262 463 366 271 67 376 293 478 458 205 
454 216 182 455 0 148 65 246 483 337 307 311 249 262 248 471 324 263 268 448 
71 318 432 141 148 0 206 268 330 240 366 456 52 227 192 345 60 80 489 268 
418 351 149 209 65 206 0 372 222 309 418 363 312 274 214 258 247 235 389 87 
87 432 139 90 246 268 372 0 53 268 345 161 264 231 456 241 466 211 177 247 
112 268 401 351 483 330 222 53 0 87 297 194 478 318 358 313 224 343 275 101 
152 176 219 492 337 240 309 268 87 0 263 399 105 267 286 435 202 169 105 358 
163 392 144 262 307 366 418 345 297 263 0 90 377 419 204 466 79 176 239 202 
141 493 482 463 311 456 363 161 194 399 90 0 369 280 116 494 217 93 127 123 
197 258 216 366 249 52 312 264 478 105 377 369 0 284 304 459 112 127 282 106 
406 345 383 271 262 227 274 231 318 267 419 280 284 0 418 439 146 321 426 150 
374 349 152 67 248 192 214 456 358 286 204 116 304 418 0 413 227 456 229 351 
300 115 50 376 471 345 258 241 313 435 466 494 459 439 413 0 236 71 281 336 
445 222 286 293 324 60 247 466 224 202 79 217 112 146 227 236 0 493 368 107 
152 293 236 478 263 80 235 211 343 169 176 93 127 321 456 71 493 0 207 325 
448 71 73 458 268 489 389 177 275 105 239 127 282 426 229 281 368 207 0 325 
495 399 392 205 448 268 87 247 101 358 202 123 106 150 351 336 107 325 325 0 

370 0 17
370 1 4
370 2 3
370 3 5
370 4 1
370 5 6
370 6 2
370 7 8
370 8 18
370 9 12
370 10 17
370 11 13
370 12 16
370 13 5
370 14 17
370 15 1
370 16 7
370 17 2
370 18 11
370 19 0
