20 20 3 19

0.2 2 8
0.2 3 8
0.2 3 10
0.2 3 13
0.2 4 6
0.2 4 7
0.2 4 11
0.2 4 13
0.2 5 15
0.2 5 16
0.2 6 17
0.2 7 14
0.2 7 15
0.2 7 17
0.2 7 19
0.2 11 16
0.2 11 17
0.2 11 19
0.2 14 17

0 426 375 216 197 338 113 322 355 178 436 51 174 244 440 193 323 386 339 224 
426 0 293 104 358 493 71 388 341 106 92 354 194 354 201 189 383 237 115 153 
375 293 0 165 401 298 364 334 64 334 484 193 161 375 366 466 337 57 226 83 
216 104 165 0 419 134 471 461 488 78 299 282 214 404 344 54 230 146 226 457 
197 358 401 419 0 452 471 100 215 475 62 209 430 191 217 139 248 83 219 72 
338 493 298 134 452 0 125 72 63 378 454 484 342 416 421 75 388 289 101 265 
113 71 364 471 471 125 0 74 203 278 131 296 91 452 224 135 398 232 495 183 
322 388 334 461 100 72 74 0 476 272 91 196 414 313 118 494 376 76 391 176 
355 341 64 488 215 63 203 476 0 463 97 198 113 417 81 217 111 212 214 328 
178 106 334 78 475 378 278 272 463 0 171 310 53 305 388 50 466 232 200 279 
436 92 484 299 62 454 131 91 97 171 0 349 349 456 498 201 407 227 109 422 
51 354 193 282 209 484 296 196 198 310 349 0 155 199 373 236 206 398 407 212 
174 194 161 214 430 342 91 414 113 53 349 155 0 220 186 418 219 356 248 256 
244 354 375 404 191 416 452 313 417 305 456 199 220 0 167 456 487 389 151 468 
440 201 366 344 217 421 224 118 81 388 498 373 186 167 0 191 342 296 292 484 
193 189 466 54 139 75 135 494 217 50 201 236 418 456 191 0 336 385 191 432 
323 383 337 230 248 388 398 376 111 466 407 206 219 487 342 336 0 271 365 400 
386 237 57 146 83 289 232 76 212 232 227 398 356 389 296 385 271 0 145 202 
339 115 226 226 219 101 495 391 214 200 109 407 248 151 292 191 365 145 0 239 
224 153 83 457 72 265 183 176 328 279 422 212 256 468 484 432 400 202 239 0 

364.5 0 5
364.5 1 2
364.5 2 3
364.5 3 14
364.5 4 8
364.5 5 6
364.5 6 1
364.5 7 6
364.5 8 9
364.5 9 7
364.5 10 8
364.5 11 13
364.5 12 4
364.5 13 9
364.5 14 6
364.5 15 10
364.5 16 7
364.5 17 15
364.5 18 8
364.5 19 2
