40 40 3 78

0.2 0 10
0.2 0 27
0.2 0 39
0.2 1 2
0.2 1 5
0.2 1 32
0.2 1 33
0.2 2 35
0.2 3 5
0.2 3 18
0.2 3 19
0.2 3 21
0.2 3 33
0.2 3 37
0.2 4 23
0.2 5 10
0.2 5 12
0.2 5 22
0.2 5 26
0.2 5 27
0.2 6 8
0.2 6 16
0.2 6 17
0.2 6 34
0.2 7 12
0.2 7 37
0.2 9 16
0.2 9 20
0.2 9 38
0.2 10 15
0.2 10 25
0.2 10 38
0.2 11 17
0.2 11 30
0.2 12 13
0.2 12 15
0.2 12 16
0.2 12 23
0.2 12 30
0.2 13 39
0.2 14 22
0.2 14 23
0.2 14 27
0.2 14 31
0.2 14 34
0.2 15 19
0.2 15 21
0.2 15 26
0.2 15 31
0.2 17 18
0.2 17 19
0.2 17 26
0.2 17 34
0.2 18 19
0.2 18 32
0.2 18 37
0.2 19 27
0.2 19 34
0.2 19 39
0.2 20 31
0.2 20 32
0.2 20 38
0.2 21 24
0.2 21 39
0.2 22 34
0.2 22 35
0.2 22 38
0.2 23 33
0.2 24 26
0.2 25 31
0.2 26 34
0.2 27 29
0.2 28 30
0.2 29 35
0.2 29 38
0.2 29 39
0.2 30 32
0.2 30 34

0 400 390 144 236 54 451 397 356 225 357 372 218 448 377 433 210 117 389 434 192 461 116 365 105 164 160 189 333 134 57 115 437 163 477 61 151 419 324 443 
400 0 497 337 72 429 393 252 425 499 274 134 136 166 430 227 360 215 100 455 466 146 197 71 428 297 364 69 348 326 216 373 232 419 356 184 393 198 271 95 
390 497 0 350 211 365 291 147 172 380 493 416 212 240 76 375 128 156 259 402 178 452 286 205 488 61 264 384 309 214 160 211 59 278 362 326 483 83 466 473 
144 337 350 0 255 303 334 455 255 142 147 452 304 236 237 115 139 183 166 302 171 351 347 186 141 197 490 115 246 173 334 432 368 464 249 464 423 380 418 57 
236 72 211 255 0 336 89 388 314 460 314 196 229 139 134 174 142 95 481 350 230 359 100 384 373 145 452 222 488 174 381 413 144 432 245 58 56 405 458 80 
54 429 365 303 336 0 169 383 376 140 288 340 172 364 447 491 71 353 54 178 222 265 375 178 261 151 221 494 84 229 283 298 307 273 370 374 76 195 134 147 
451 393 291 334 89 169 0 130 106 71 473 330 150 189 161 62 431 195 262 376 345 292 427 182 228 87 360 429 129 369 458 421 289 390 246 184 257 283 482 53 
397 252 147 455 388 383 130 0 358 324 418 402 250 172 221 116 89 162 338 202 469 124 132 493 119 200 455 192 309 368 109 126 220 58 375 115 425 129 154 68 
356 425 172 255 314 376 106 358 0 149 247 361 446 235 159 336 390 189 202 223 89 195 338 334 126 285 439 239 463 263 359 357 371 497 341 408 255 85 273 53 
225 499 380 142 460 140 71 324 149 0 327 205 249 273 171 376 358 277 480 183 440 420 415 455 456 281 56 136 329 448 81 279 274 423 465 338 50 143 415 491 
357 274 493 147 314 288 473 418 247 327 0 214 313 87 156 255 198 367 57 463 120 100 299 189 481 292 100 363 444 176 79 157 83 472 106 128 161 481 359 465 
372 134 416 452 196 340 330 402 361 205 214 0 427 393 281 458 267 353 93 184 296 94 191 327 262 365 297 98 154 432 62 386 463 269 84 212 404 169 486 401 
218 136 212 304 229 172 150 250 446 249 313 427 0 175 271 318 464 94 468 56 130 141 122 57 95 493 300 298 67 483 414 292 65 232 448 228 224 358 175 173 
448 166 240 236 139 364 189 172 235 273 87 393 175 0 112 234 185 308 289 107 74 435 150 447 158 226 457 57 286 326 461 70 103 487 307 294 184 440 496 352 
377 430 76 237 134 447 161 221 159 171 156 281 271 112 0 251 489 104 161 441 197 215 500 408 150 434 81 311 223 85 496 103 65 277 305 237 154 432 282 220 
433 227 375 115 174 491 62 116 336 376 255 458 318 234 251 0 75 255 389 265 382 321 94 190 87 118 81 348 322 500 239 287 58 250 391 443 195 434 407 99 
210 360 128 139 142 71 431 89 390 358 198 267 464 185 489 75 0 167 395 431 130 156 148 78 198 388 455 304 83 111 253 259 68 64 460 224 378 255 281 120 
117 215 156 183 95 353 195 162 189 277 367 353 94 308 104 255 167 0 50 422 81 267 330 452 104 414 152 111 230 258 251 306 321 236 319 317 57 263 447 486 
389 100 259 166 481 54 262 338 202 480 57 93 468 289 161 389 395 50 0 270 464 497 446 104 434 86 73 60 132 77 300 244 253 447 265 250 460 54 190 431 
434 455 402 302 350 178 376 202 223 183 463 184 56 107 441 265 431 422 270 0 489 402 67 83 231 433 387 92 137 145 461 265 490 64 431 472 313 431 183 89 
192 466 178 171 230 222 345 469 89 440 120 296 130 74 197 382 130 81 464 489 0 206 136 349 318 278 85 349 241 195 279 473 50 375 130 487 370 89 180 329 
461 146 452 351 359 265 292 124 195 420 100 94 141 435 215 321 156 267 497 402 206 0 490 384 380 186 348 222 400 367 151 473 432 265 101 404 108 281 320 353 
116 197 286 347 100 375 427 132 338 415 299 191 122 150 500 94 148 330 446 67 136 490 0 390 138 471 274 194 355 439 362 123 319 105 297 107 125 286 220 444 
365 71 205 186 384 178 182 493 334 455 189 327 57 447 408 190 78 452 104 83 349 384 390 0 458 426 205 128 283 386 145 335 335 337 464 229 120 215 269 345 
105 428 488 141 373 261 228 119 126 456 481 262 95 158 150 87 198 104 434 231 318 380 138 458 0 447 384 108 455 266 297 324 463 367 448 156 470 77 108 306 
164 297 61 197 145 151 87 200 285 281 292 365 493 226 434 118 388 414 86 433 278 186 471 426 447 0 207 437 76 293 247 126 395 384 136 393 327 195 382 81 
160 364 264 490 452 221 360 455 439 56 100 297 300 457 81 81 455 152 73 387 85 348 274 205 384 207 0 426 183 168 117 81 122 397 486 313 70 234 263 83 
189 69 384 115 222 494 429 192 239 136 363 98 298 57 311 348 304 111 60 92 349 222 194 128 108 437 426 0 82 428 89 392 354 133 252 495 355 180 137 382 
333 348 309 246 488 84 129 309 463 329 444 154 67 286 223 322 83 230 132 137 241 400 355 283 455 76 183 82 0 319 365 165 267 316 336 412 419 87 423 127 
134 326 214 173 174 229 369 368 263 448 176 432 483 326 85 500 111 258 77 145 195 367 439 386 266 293 168 428 319 0 495 153 432 305 378 252 297 383 405 356 
57 216 160 334 381 283 458 109 359 81 79 62 414 461 496 239 253 251 300 461 279 151 362 145 297 247 117 89 365 495 0 142 202 493 182 244 203 289 66 440 
115 373 211 432 413 298 421 126 357 279 157 386 292 70 103 287 259 306 244 265 473 473 123 335 324 126 81 392 165 153 142 0 203 185 312 179 69 456 246 69 
437 232 59 368 144 307 289 220 371 274 83 463 65 103 65 58 68 321 253 490 50 432 319 335 463 395 122 354 267 432 202 203 0 223 233 386 396 287 382 157 
163 419 278 464 432 273 390 58 497 423 472 269 232 487 277 250 64 236 447 64 375 265 105 337 367 384 397 133 316 305 493 185 223 0 250 69 392 322 482 412 
477 356 362 249 245 370 246 375 341 465 106 84 448 307 305 391 460 319 265 431 130 101 297 464 448 136 486 252 336 378 182 312 233 250 0 349 442 335 370 284 
61 184 326 464 58 374 184 115 408 338 128 212 228 294 237 443 224 317 250 472 487 404 107 229 156 393 313 495 412 252 244 179 386 69 349 0 159 192 339 394 
151 393 483 423 56 76 257 425 255 50 161 404 224 184 154 195 378 57 460 313 370 108 125 120 470 327 70 355 419 297 203 69 396 392 442 159 0 223 323 58 
419 198 83 380 405 195 283 129 85 143 481 169 358 440 432 434 255 263 54 431 89 281 286 215 77 195 234 180 87 383 289 456 287 322 335 192 223 0 351 287 
324 271 466 418 458 134 482 154 273 415 359 486 175 496 282 407 281 447 190 183 180 320 220 269 108 382 263 137 423 405 66 246 382 482 370 339 323 351 0 413 
443 95 473 57 80 147 53 68 53 491 465 401 173 352 220 99 120 486 431 89 329 353 444 345 306 81 83 382 127 356 440 69 157 412 284 394 58 287 413 0 

598 0 30
598 1 24
598 2 33
598 3 37
598 4 12
598 5 24
598 6 28
598 7 37
598 8 5
598 9 26
598 10 37
598 11 32
598 12 11
598 13 30
598 14 16
598 15 3
598 16 26
598 17 25
598 18 36
598 19 35
598 20 0
598 21 0
598 22 32
598 23 4
598 24 12
598 25 9
598 26 28
598 27 38
598 28 20
598 29 17
598 30 37
598 31 11
598 32 2
598 33 32
598 34 9
598 35 3
598 36 17
598 37 27
598 38 2
598 39 11
