30 30 3 43

0.4 0 16
0.4 0 25
0.4 2 15
0.4 2 23
0.4 2 28
0.4 3 6
0.4 3 10
0.4 3 17
0.4 3 23
0.4 3 28
0.4 4 6
0.4 4 11
0.4 4 21
0.4 4 29
0.4 5 6
0.4 5 7
0.4 5 13
0.4 6 11
0.4 6 21
0.4 7 9
0.4 7 13
0.4 7 28
0.4 9 14
0.4 10 13
0.4 10 19
0.4 10 26
0.4 11 14
0.4 11 17
0.4 12 23
0.4 13 16
0.4 14 22
0.4 14 28
0.4 15 17
0.4 15 23
0.4 17 21
0.4 19 20
0.4 19 22
0.4 20 26
0.4 20 29
0.4 21 22
0.4 21 26
0.4 23 26
0.4 24 28

0 254 177 328 93 276 395 425 445 227 444 156 206 168 173 202 70 102 286 496 495 222 178 189 378 228 157 319 155 438 
254 0 317 159 329 137 80 267 275 276 263 376 442 299 456 354 247 272 262 468 104 277 153 185 86 311 309 254 126 127 
177 317 0 136 338 388 222 378 118 96 234 143 389 349 180 234 323 119 119 240 333 83 225 72 299 249 145 122 400 269 
328 159 136 0 292 420 186 127 198 271 165 142 459 375 112 152 232 412 377 460 193 481 167 189 319 197 403 380 336 299 
93 329 338 292 0 135 316 196 158 274 399 320 212 458 464 228 134 206 164 422 310 287 497 311 186 111 366 224 151 203 
276 137 388 420 135 0 337 351 141 322 50 124 370 378 50 483 141 101 410 62 77 259 191 192 455 202 265 229 360 376 
395 80 222 186 316 337 0 487 232 359 208 417 487 104 268 207 195 325 443 494 260 295 284 52 320 390 130 395 409 134 
425 267 378 127 196 351 487 0 267 162 323 225 277 249 405 309 134 465 420 478 400 365 403 468 297 439 176 319 481 60 
445 275 118 198 158 141 232 267 0 448 474 233 238 240 389 196 116 248 345 316 81 311 150 324 143 238 464 131 83 235 
227 276 96 271 274 322 359 162 448 0 85 57 434 430 227 291 306 116 442 318 98 430 134 180 455 189 484 260 137 493 
444 263 234 165 399 50 208 323 474 85 0 163 428 98 323 363 229 327 255 233 316 353 331 327 319 257 237 84 376 491 
156 376 143 142 320 124 417 225 233 57 163 0 451 89 465 396 500 350 245 102 447 61 134 256 490 374 165 418 353 269 
206 442 389 459 212 370 487 277 238 434 428 451 0 456 213 482 129 304 361 303 300 241 375 298 265 350 373 386 426 337 
168 299 349 375 458 378 104 249 240 430 98 89 456 0 100 292 401 325 140 469 490 185 311 324 218 76 382 498 342 122 
173 456 180 112 464 50 268 405 389 227 323 465 213 100 0 200 419 256 298 315 187 411 127 397 492 170 353 401 143 121 
202 354 234 152 228 483 207 309 196 291 363 396 482 292 200 0 386 80 339 372 260 50 133 288 232 199 268 329 343 469 
70 247 323 232 134 141 195 134 116 306 229 500 129 401 419 386 0 279 416 102 167 419 313 433 492 238 345 370 435 415 
102 272 119 412 206 101 325 465 248 116 327 350 304 325 256 80 279 0 416 429 406 170 442 254 171 196 433 274 140 421 
286 262 119 377 164 410 443 420 345 442 255 245 361 140 298 339 416 416 0 488 460 156 394 129 59 188 117 417 244 311 
496 468 240 460 422 62 494 478 316 318 233 102 303 469 315 372 102 429 488 0 144 207 449 470 247 453 128 222 263 349 
495 104 333 193 310 77 260 400 81 98 316 447 300 490 187 260 167 406 460 144 0 426 294 94 175 364 310 492 460 60 
222 277 83 481 287 259 295 365 311 430 353 61 241 185 411 50 419 170 156 207 426 0 161 454 89 386 267 262 224 261 
178 153 225 167 497 191 284 403 150 134 331 134 375 311 127 133 313 442 394 449 294 161 0 487 351 392 316 362 387 318 
189 185 72 189 311 192 52 468 324 180 327 256 298 324 397 288 433 254 129 470 94 454 487 0 414 355 456 316 389 227 
378 86 299 319 186 455 320 297 143 455 319 490 265 218 492 232 492 171 59 247 175 89 351 414 0 264 161 340 215 435 
228 311 249 197 111 202 390 439 238 189 257 374 350 76 170 199 238 196 188 453 364 386 392 355 264 0 475 171 148 204 
157 309 145 403 366 265 130 176 464 484 237 165 373 382 353 268 345 433 117 128 310 267 316 456 161 475 0 82 250 322 
319 254 122 380 224 229 395 319 131 260 84 418 386 498 401 329 370 274 417 222 492 262 362 316 340 171 82 0 481 357 
155 126 400 336 151 360 409 481 83 137 376 353 426 342 143 343 435 140 244 263 460 224 387 389 215 148 250 481 0 58 
438 127 269 299 203 376 134 60 235 493 491 269 337 122 121 469 415 421 311 349 60 261 318 227 435 204 322 357 58 0 

1113.5 0 17
1113.5 1 12
1113.5 2 8
1113.5 3 22
1113.5 4 2
1113.5 5 2
1113.5 6 15
1113.5 7 8
1113.5 8 17
1113.5 9 2
1113.5 10 20
1113.5 11 12
1113.5 12 19
1113.5 13 4
1113.5 14 25
1113.5 15 3
1113.5 16 25
1113.5 17 20
1113.5 18 11
1113.5 19 12
1113.5 20 11
1113.5 21 23
1113.5 22 0
1113.5 23 5
1113.5 24 25
1113.5 25 12
1113.5 26 17
1113.5 27 13
1113.5 28 6
1113.5 29 0
