30 30 4 108

0.2 0 1
0.2 0 3
0.2 0 4
0.2 0 8
0.2 0 11
0.2 0 13
0.2 0 23
0.2 0 24
0.2 0 25
0.2 0 26
0.2 0 28
0.2 1 3
0.2 1 5
0.2 1 12
0.2 1 16
0.2 1 24
0.2 1 27
0.2 1 29
0.2 2 3
0.2 2 4
0.2 2 5
0.2 2 11
0.2 2 18
0.2 2 24
0.2 3 5
0.2 3 9
0.2 3 15
0.2 3 16
0.2 3 17
0.2 3 20
0.2 4 7
0.2 4 11
0.2 4 13
0.2 4 16
0.2 4 18
0.2 4 22
0.2 4 28
0.2 4 29
0.2 5 8
0.2 5 11
0.2 5 12
0.2 5 15
0.2 5 21
0.2 6 7
0.2 6 14
0.2 6 17
0.2 6 18
0.2 6 19
0.2 6 23
0.2 6 24
0.2 6 25
0.2 6 29
0.2 7 12
0.2 7 14
0.2 7 17
0.2 7 18
0.2 7 21
0.2 7 22
0.2 7 25
0.2 8 17
0.2 8 20
0.2 8 26
0.2 9 10
0.2 9 11
0.2 9 16
0.2 9 17
0.2 9 21
0.2 9 22
0.2 9 26
0.2 9 29
0.2 10 12
0.2 10 13
0.2 10 14
0.2 10 15
0.2 10 18
0.2 10 20
0.2 10 22
0.2 10 24
0.2 10 25
0.2 11 14
0.2 11 20
0.2 11 22
0.2 11 28
0.2 12 13
0.2 12 23
0.2 13 18
0.2 13 26
0.2 14 18
0.2 14 26
0.2 14 28
0.2 15 16
0.2 15 21
0.2 15 27
0.2 16 29
0.2 17 19
0.2 17 27
0.2 18 25
0.2 18 26
0.2 18 27
0.2 19 25
0.2 19 26
0.2 19 28
0.2 20 23
0.2 20 29
0.2 22 24
0.2 22 25
0.2 23 28
0.2 26 27

0 392 400 396 121 425 78 332 303 466 122 216 210 260 78 434 213 70 390 199 109 439 216 423 420 476 391 475 120 496 
392 0 389 216 222 488 485 166 362 123 221 380 85 494 167 425 238 138 462 341 481 336 173 453 283 58 397 445 172 396 
400 389 0 97 270 256 481 436 323 111 287 286 366 134 91 338 246 186 80 245 435 293 500 51 471 220 267 239 336 438 
396 216 97 0 401 317 52 455 401 442 309 417 272 357 350 344 87 364 191 339 273 90 305 417 444 159 267 490 121 115 
121 222 270 401 0 194 154 167 468 475 224 389 477 66 481 391 279 479 236 81 200 445 214 146 414 413 328 138 354 67 
425 488 256 317 194 0 58 120 418 487 147 354 96 139 333 87 95 224 105 466 300 53 63 300 305 190 484 130 280 480 
78 485 481 52 154 58 0 250 296 429 317 239 465 327 59 428 274 291 208 51 149 153 426 91 258 403 450 387 310 393 
332 166 436 455 167 120 250 0 183 437 55 290 406 232 65 248 319 433 476 58 425 96 426 424 265 88 93 355 343 127 
303 362 323 401 468 418 296 183 0 303 263 321 483 306 405 104 311 485 278 227 184 405 285 331 227 179 203 347 125 260 
466 123 111 442 475 487 429 437 303 0 460 364 267 206 488 273 290 270 213 114 320 158 310 257 417 374 108 214 146 409 
122 221 287 309 224 147 317 55 263 460 0 292 234 469 493 281 223 213 220 409 91 497 121 304 266 483 456 94 229 421 
216 380 286 417 389 354 239 290 321 364 292 0 204 429 451 493 55 477 365 151 139 221 120 330 143 92 99 296 186 335 
210 85 366 272 477 96 465 406 483 267 234 204 0 95 452 285 489 55 377 159 469 138 310 269 62 178 461 257 444 55 
260 494 134 357 66 139 327 232 306 206 469 429 95 0 154 437 381 357 68 54 383 432 368 468 272 447 251 248 150 356 
78 167 91 350 481 333 59 65 405 488 493 451 452 154 0 217 457 194 385 113 90 444 272 343 184 307 228 354 231 471 
434 425 338 344 391 87 428 248 104 273 281 493 285 437 217 0 349 218 465 396 63 495 313 194 193 112 90 420 446 205 
213 238 246 87 279 95 274 319 311 290 223 55 489 381 457 349 0 94 411 402 170 438 471 149 102 120 440 53 113 456 
70 138 186 364 479 224 291 433 485 270 213 477 55 357 194 218 94 0 248 299 262 299 318 127 148 279 477 71 185 408 
390 462 80 191 236 105 208 476 278 213 220 365 377 68 385 465 411 248 0 451 65 175 425 454 203 205 426 377 56 150 
199 341 245 339 81 466 51 58 227 114 409 151 159 54 113 396 402 299 451 0 178 328 128 427 382 339 386 232 483 69 
109 481 435 273 200 300 149 425 184 320 91 139 469 383 90 63 170 262 65 178 0 325 315 198 367 50 490 318 188 92 
439 336 293 90 445 53 153 96 405 158 497 221 138 432 444 495 438 299 175 328 325 0 352 263 377 96 488 316 284 363 
216 173 500 305 214 63 426 426 285 310 121 120 310 368 272 313 471 318 425 128 315 352 0 294 432 238 212 208 115 258 
423 453 51 417 146 300 91 424 331 257 304 330 269 468 343 194 149 127 454 427 198 263 294 0 60 309 268 243 126 231 
420 283 471 444 414 305 258 265 227 417 266 143 62 272 184 193 102 148 203 382 367 377 432 60 0 194 192 408 101 146 
476 58 220 159 413 190 403 88 179 374 483 92 178 447 307 112 120 279 205 339 50 96 238 309 194 0 51 405 381 324 
391 397 267 267 328 484 450 93 203 108 456 99 461 251 228 90 440 477 426 386 490 488 212 268 192 51 0 437 492 63 
475 445 239 490 138 130 387 355 347 214 94 296 257 248 354 420 53 71 377 232 318 316 208 243 408 405 437 0 51 198 
120 172 336 121 354 280 310 343 125 146 229 186 444 150 231 446 113 185 56 483 188 284 115 126 101 381 492 51 0 411 
496 396 438 115 67 480 393 127 260 409 421 335 55 356 471 205 456 408 150 69 92 363 258 231 146 324 63 198 411 0 

441.5 0 22
441.5 1 23
441.5 2 25
441.5 3 7
441.5 4 21
441.5 5 3
441.5 6 16
441.5 7 25
441.5 8 4
441.5 9 3
441.5 10 20
441.5 11 10
441.5 12 6
441.5 13 15
441.5 14 11
441.5 15 9
441.5 16 12
441.5 17 27
441.5 18 9
441.5 19 20
441.5 20 22
441.5 21 9
441.5 22 21
441.5 23 14
441.5 24 20
441.5 25 17
441.5 26 23
441.5 27 6
441.5 28 4
441.5 29 19
