20 20 4 38

0.3 0 1
0.3 0 9
0.3 0 11
0.3 1 7
0.3 1 13
0.3 1 15
0.3 2 11
0.3 2 12
0.3 2 18
0.3 3 4
0.3 3 12
0.3 3 15
0.3 4 14
0.3 4 17
0.3 5 12
0.3 5 17
0.3 6 15
0.3 6 19
0.3 7 8
0.3 7 14
0.3 8 11
0.3 8 12
0.3 8 17
0.3 8 18
0.3 9 10
0.3 9 12
0.3 10 12
0.3 10 14
0.3 10 17
0.3 11 12
0.3 11 13
0.3 11 17
0.3 12 15
0.3 13 18
0.3 14 15
0.3 14 18
0.3 14 19
0.3 17 18

0 483 395 54 207 378 150 61 490 377 486 461 366 457 388 247 341 64 334 72 
483 0 107 330 359 489 156 494 491 146 132 196 491 104 214 447 234 93 345 377 
395 107 0 451 112 101 110 110 162 280 224 363 398 63 290 451 249 409 92 186 
54 330 451 0 128 254 126 328 228 439 95 163 352 445 125 346 54 360 364 243 
207 359 112 128 0 146 108 215 385 224 415 392 185 151 328 160 230 410 383 323 
378 489 101 254 146 0 296 256 219 364 282 354 329 439 298 262 80 170 70 321 
150 156 110 126 108 296 0 203 232 183 341 483 215 426 197 359 88 425 91 149 
61 494 110 328 215 256 203 0 421 482 426 120 74 258 319 104 479 464 447 96 
490 491 162 228 385 219 232 421 0 118 482 238 310 155 403 363 228 240 157 114 
377 146 280 439 224 364 183 482 118 0 157 408 283 328 499 53 357 429 475 277 
486 132 224 95 415 282 341 426 482 157 0 302 59 328 210 237 381 407 427 181 
461 196 363 163 392 354 483 120 238 408 302 0 148 476 231 328 226 274 425 405 
366 491 398 352 185 329 215 74 310 283 59 148 0 220 214 159 274 294 120 139 
457 104 63 445 151 439 426 258 155 328 328 476 220 0 235 64 318 422 385 221 
388 214 290 125 328 298 197 319 403 499 210 231 214 235 0 362 390 135 195 456 
247 447 451 346 160 262 359 104 363 53 237 328 159 64 362 0 459 341 163 181 
341 234 249 54 230 80 88 479 228 357 381 226 274 318 390 459 0 155 500 291 
64 93 409 360 410 170 425 464 240 429 407 274 294 422 135 341 155 0 262 95 
334 345 92 364 383 70 91 447 157 475 427 425 120 385 195 163 500 262 0 201 
72 377 186 243 323 321 149 96 114 277 181 405 139 221 456 181 291 95 201 0 

497.64 0 12
497.64 1 16
497.64 2 4
497.64 3 10
497.64 4 18
497.64 5 17
497.64 6 7
497.64 7 8
497.64 8 13
497.64 9 7
497.64 10 9
497.64 11 6
497.64 12 0
497.64 13 14
497.64 14 10
497.64 15 16
497.64 16 13
497.64 17 2
497.64 18 6
497.64 19 8
