10 10 3 11

0.3 1 3
0.3 1 4
0.3 1 5
0.3 1 6
0.3 1 9
0.3 2 5
0.3 2 7
0.3 3 7
0.3 4 6
0.3 5 7
0.3 6 8

0 97 239 104 433 103 354 309 200 476 
97 0 290 147 166 295 121 105 456 441 
239 290 0 197 485 96 217 467 333 164 
104 147 197 0 362 362 267 362 247 216 
433 166 485 362 0 61 448 470 194 58 
103 295 96 362 61 0 213 452 329 425 
354 121 217 267 448 213 0 305 58 218 
309 105 467 362 470 452 305 0 499 311 
200 456 333 247 194 329 58 499 0 286 
476 441 164 216 58 425 218 311 286 0 

401.5 0 3
401.5 1 5
401.5 2 0
401.5 3 5
401.5 4 5
401.5 5 6
401.5 6 4
401.5 7 0
401.5 8 7
401.5 9 8
