40 40 3 195

0.3 0 20
0.3 0 24
0.3 0 27
0.3 0 32
0.3 0 34
0.3 0 36
0.3 0 38
0.3 0 39
0.3 1 5
0.3 1 14
0.3 1 16
0.3 1 18
0.3 1 32
0.3 1 33
0.3 1 34
0.3 1 35
0.3 1 39
0.3 2 4
0.3 2 5
0.3 2 7
0.3 2 9
0.3 2 11
0.3 2 13
0.3 2 19
0.3 2 22
0.3 2 26
0.3 2 27
0.3 2 29
0.3 2 33
0.3 2 37
0.3 3 8
0.3 3 11
0.3 3 21
0.3 3 22
0.3 3 23
0.3 3 27
0.3 3 34
0.3 3 39
0.3 4 8
0.3 4 9
0.3 4 12
0.3 4 13
0.3 4 22
0.3 4 24
0.3 4 27
0.3 4 37
0.3 4 38
0.3 5 8
0.3 5 22
0.3 5 24
0.3 5 26
0.3 5 28
0.3 5 30
0.3 5 32
0.3 5 35
0.3 6 9
0.3 6 13
0.3 6 23
0.3 6 24
0.3 6 31
0.3 6 35
0.3 6 38
0.3 7 8
0.3 7 9
0.3 7 11
0.3 7 13
0.3 7 16
0.3 7 17
0.3 7 25
0.3 7 29
0.3 7 30
0.3 7 31
0.3 8 9
0.3 8 18
0.3 8 30
0.3 8 34
0.3 8 36
0.3 8 38
0.3 8 39
0.3 9 13
0.3 9 15
0.3 9 26
0.3 9 27
0.3 9 37
0.3 9 38
0.3 9 39
0.3 10 11
0.3 10 31
0.3 10 39
0.3 11 14
0.3 11 15
0.3 11 16
0.3 11 19
0.3 11 21
0.3 11 22
0.3 11 23
0.3 11 24
0.3 11 25
0.3 11 27
0.3 11 31
0.3 11 35
0.3 12 13
0.3 12 16
0.3 12 17
0.3 12 22
0.3 12 24
0.3 12 26
0.3 12 29
0.3 12 30
0.3 13 15
0.3 13 20
0.3 13 31
0.3 13 33
0.3 13 37
0.3 13 39
0.3 14 15
0.3 14 20
0.3 14 32
0.3 14 33
0.3 14 38
0.3 15 22
0.3 15 23
0.3 15 25
0.3 15 28
0.3 15 30
0.3 15 36
0.3 16 17
0.3 16 18
0.3 16 19
0.3 16 28
0.3 16 30
0.3 16 31
0.3 16 32
0.3 16 36
0.3 16 37
0.3 17 23
0.3 17 28
0.3 17 33
0.3 17 37
0.3 17 39
0.3 18 22
0.3 18 26
0.3 18 29
0.3 19 39
0.3 20 27
0.3 20 29
0.3 20 32
0.3 20 34
0.3 20 35
0.3 20 37
0.3 21 34
0.3 21 38
0.3 22 24
0.3 22 27
0.3 22 28
0.3 22 31
0.3 22 37
0.3 22 38
0.3 22 39
0.3 23 27
0.3 23 29
0.3 23 32
0.3 23 37
0.3 24 27
0.3 24 30
0.3 24 31
0.3 24 32
0.3 24 34
0.3 24 39
0.3 25 33
0.3 25 38
0.3 25 39
0.3 26 29
0.3 26 30
0.3 27 28
0.3 27 32
0.3 27 33
0.3 27 36
0.3 27 39
0.3 28 31
0.3 28 36
0.3 29 31
0.3 29 36
0.3 29 37
0.3 30 36
0.3 32 36
0.3 32 37
0.3 33 34
0.3 33 36
0.3 33 39
0.3 34 35
0.3 35 36
0.3 35 38
0.3 35 39
0.3 38 39

0 311 360 379 116 131 426 189 492 448 470 315 117 315 469 332 395 413 322 300 481 96 185 342 387 359 349 395 258 465 397 349 440 121 56 91 263 426 440 312 
311 0 234 399 72 268 346 229 291 247 150 286 88 430 235 142 270 323 88 208 56 368 363 216 367 478 384 175 229 102 203 95 72 341 479 278 394 71 111 354 
360 234 0 224 201 97 114 474 333 278 497 56 162 369 380 286 149 247 417 131 327 375 475 213 54 84 150 56 367 330 130 235 101 170 380 216 477 380 132 416 
379 399 224 0 225 379 240 373 302 355 290 85 102 359 330 361 337 480 457 413 133 347 354 287 466 455 272 375 277 223 205 429 369 99 189 66 112 77 72 176 
116 72 201 225 0 191 342 62 151 178 340 277 393 129 326 163 149 436 408 85 387 312 412 274 50 162 411 384 124 281 483 250 272 316 399 270 231 281 310 322 
131 268 97 379 191 0 203 384 66 116 338 54 497 311 295 423 185 169 273 449 151 240 174 375 251 241 413 355 492 403 303 425 476 183 393 319 144 53 242 141 
426 346 114 240 342 203 0 64 180 122 443 368 168 131 154 436 369 415 453 335 418 186 315 204 432 315 130 465 284 450 436 232 307 421 476 315 458 458 376 484 
189 229 474 373 62 384 64 0 256 225 236 79 221 252 120 472 150 163 310 371 473 378 165 132 383 499 144 484 205 111 385 393 164 307 492 143 246 447 165 335 
492 291 333 302 151 66 180 256 0 445 66 155 222 332 164 51 289 170 488 99 338 61 366 318 300 107 203 127 375 394 253 65 491 130 397 337 152 242 462 179 
448 247 278 355 178 116 122 225 445 0 173 141 319 367 206 246 196 160 153 176 282 139 146 339 148 75 291 375 138 233 254 191 448 387 91 412 260 377 386 476 
470 150 497 290 340 338 443 236 66 173 0 416 190 465 219 102 264 216 174 337 61 424 211 445 302 221 257 396 169 473 485 146 467 53 374 396 418 249 365 390 
315 286 56 85 277 54 368 79 155 141 416 0 322 368 160 460 445 336 118 94 261 248 234 499 86 107 394 414 358 475 436 50 491 116 68 309 224 160 468 345 
117 88 162 102 393 497 168 221 222 319 190 322 0 144 324 77 365 395 128 444 81 352 227 400 372 277 105 226 422 322 226 126 280 382 147 57 459 353 470 460 
315 430 369 359 129 311 131 252 332 367 465 368 144 0 390 420 375 342 135 158 219 457 58 113 176 152 255 306 251 142 459 322 289 416 96 96 239 149 357 281 
469 235 380 330 326 295 154 120 164 206 219 160 324 390 0 180 475 467 237 340 343 331 252 379 448 196 207 205 461 332 464 215 413 350 265 222 419 62 63 422 
332 142 286 361 163 423 436 472 51 246 102 460 77 420 180 0 255 496 157 116 200 239 417 421 454 76 131 433 336 450 74 297 76 223 390 122 96 304 88 58 
395 270 149 337 149 185 369 150 289 196 264 445 365 375 475 255 0 111 333 322 254 107 401 228 200 250 182 406 427 99 498 347 342 247 444 249 212 494 286 316 
413 323 247 480 436 169 415 163 170 160 216 336 395 342 467 496 111 0 217 247 498 456 129 245 286 448 472 260 473 499 414 212 124 292 207 115 270 300 349 56 
322 88 417 457 408 273 453 310 488 153 174 118 128 135 237 157 333 217 0 340 486 418 428 273 154 112 358 394 247 285 123 210 443 191 358 489 194 134 460 306 
300 208 131 413 85 449 335 371 99 176 337 94 444 158 340 116 322 247 340 0 332 152 491 146 198 328 285 113 115 232 496 176 468 442 203 381 403 493 277 478 
481 56 327 133 387 151 418 473 338 282 61 261 81 219 343 200 254 498 486 332 0 444 260 429 392 123 167 97 378 471 405 415 245 262 394 474 451 96 185 272 
96 368 375 347 312 240 186 378 61 139 424 248 352 457 331 239 107 456 418 152 444 0 175 450 424 59 140 76 213 238 61 321 264 52 417 145 395 362 127 292 
185 363 475 354 412 174 315 165 366 146 211 234 227 58 252 417 401 129 428 491 260 175 0 154 76 488 485 291 215 53 223 188 155 481 426 148 81 430 99 97 
342 216 213 287 274 375 204 132 318 339 445 499 400 113 379 421 228 245 273 146 429 450 154 0 312 480 115 161 197 105 350 344 88 109 202 484 124 335 84 378 
387 367 54 466 50 251 432 383 300 148 302 86 372 176 448 454 200 286 154 198 392 424 76 312 0 52 409 67 261 158 64 170 140 273 156 231 292 215 379 218 
359 478 84 455 162 241 315 499 107 75 221 107 277 152 196 76 250 448 112 328 123 59 488 480 52 0 69 408 241 218 485 202 64 102 60 495 296 285 298 228 
349 384 150 272 411 413 130 144 203 291 257 394 105 255 207 131 182 472 358 285 167 140 485 115 409 69 0 251 438 459 458 328 122 484 60 179 278 130 456 322 
395 175 56 375 384 355 465 484 127 375 396 414 226 306 205 433 406 260 394 113 97 76 291 161 67 408 251 0 128 369 233 127 425 379 380 174 438 168 266 373 
258 229 367 277 124 492 284 205 375 138 169 358 422 251 461 336 427 473 247 115 378 213 215 197 261 241 438 128 0 166 443 385 155 151 397 398 82 116 280 375 
465 102 330 223 281 403 450 111 394 233 473 475 322 142 332 450 99 499 285 232 471 238 53 105 158 218 459 369 166 0 82 477 99 273 439 58 353 193 120 215 
397 203 130 205 483 303 436 385 253 254 485 436 226 459 464 74 498 414 123 496 405 61 223 350 64 485 458 233 443 82 0 159 83 180 444 447 149 302 156 159 
349 95 235 429 250 425 232 393 65 191 146 50 126 322 215 297 347 212 210 176 415 321 188 344 170 202 328 127 385 477 159 0 95 429 403 439 295 248 426 393 
440 72 101 369 272 476 307 164 491 448 467 491 280 289 413 76 342 124 443 468 245 264 155 88 140 64 122 425 155 99 83 95 0 114 173 287 247 421 181 68 
121 341 170 99 316 183 421 307 130 387 53 116 382 416 350 223 247 292 191 442 262 52 481 109 273 102 484 379 151 273 180 429 114 0 323 369 332 181 238 74 
56 479 380 189 399 393 476 492 397 91 374 68 147 96 265 390 444 207 358 203 394 417 426 202 156 60 60 380 397 439 444 403 173 323 0 212 357 483 449 68 
91 278 216 66 270 319 315 143 337 412 396 309 57 96 222 122 249 115 489 381 474 145 148 484 231 495 179 174 398 58 447 439 287 369 212 0 184 409 197 340 
263 394 477 112 231 144 458 246 152 260 418 224 459 239 419 96 212 270 194 403 451 395 81 124 292 296 278 438 82 353 149 295 247 332 357 184 0 184 186 372 
426 71 380 77 281 53 458 447 242 377 249 160 353 149 62 304 494 300 134 493 96 362 430 335 215 285 130 168 116 193 302 248 421 181 483 409 184 0 80 258 
440 111 132 72 310 242 376 165 462 386 365 468 470 357 63 88 286 349 460 277 185 127 99 84 379 298 456 266 280 120 156 426 181 238 449 197 186 80 0 382 
312 354 416 176 322 141 484 335 179 476 390 345 460 281 422 58 316 56 306 478 272 292 97 378 218 228 322 373 375 215 159 393 68 74 68 340 372 258 382 0 

1221 0 23
1221 1 19
1221 2 13
1221 3 36
1221 4 32
1221 5 0
1221 6 19
1221 7 4
1221 8 32
1221 9 1
1221 10 19
1221 11 1
1221 12 9
1221 13 18
1221 14 8
1221 15 29
1221 16 10
1221 17 10
1221 18 32
1221 19 3
1221 20 25
1221 21 31
1221 22 7
1221 23 31
1221 24 38
1221 25 36
1221 26 16
1221 27 19
1221 28 38
1221 29 1
1221 30 6
1221 31 22
1221 32 9
1221 33 19
1221 34 8
1221 35 2
1221 36 19
1221 37 27
1221 38 6
1221 39 1
