20 20 3 38

0.25 0 2
0.25 0 6
0.25 0 14
0.25 0 17
0.25 1 2
0.25 1 19
0.25 2 9
0.25 2 15
0.25 3 5
0.25 3 7
0.25 3 8
0.25 3 12
0.25 3 16
0.25 3 17
0.25 4 13
0.25 5 7
0.25 5 13
0.25 5 18
0.25 6 7
0.25 6 10
0.25 6 19
0.25 7 10
0.25 8 12
0.25 8 17
0.25 8 18
0.25 9 11
0.25 9 13
0.25 9 14
0.25 9 15
0.25 9 17
0.25 10 12
0.25 10 15
0.25 10 18
0.25 11 17
0.25 11 18
0.25 12 17
0.25 13 17
0.25 15 18

0 56 171 418 426 92 243 125 354 120 457 220 112 306 395 302 274 307 281 475 
56 0 265 329 382 423 367 184 156 411 177 491 215 233 156 495 120 198 368 171 
171 265 0 176 375 343 417 220 473 194 384 455 99 142 104 83 343 448 419 224 
418 329 176 0 475 124 264 254 361 446 373 265 256 58 194 53 380 66 475 400 
426 382 375 475 0 383 369 398 277 385 391 345 367 484 495 300 174 205 448 496 
92 423 343 124 383 0 221 278 445 236 253 317 435 314 243 266 488 213 493 170 
243 367 417 264 369 221 0 339 278 124 301 445 198 151 256 352 130 368 180 198 
125 184 220 254 398 278 339 0 105 228 466 205 441 417 416 64 123 219 199 485 
354 156 473 361 277 445 278 105 0 67 387 300 369 240 293 249 450 168 114 178 
120 411 194 446 385 236 124 228 67 0 227 389 215 349 218 165 252 240 54 166 
457 177 384 373 391 253 301 466 387 227 0 189 153 371 283 373 366 298 391 422 
220 491 455 265 345 317 445 205 300 389 189 0 496 212 434 372 375 490 120 410 
112 215 99 256 367 435 198 441 369 215 153 496 0 193 123 112 485 302 415 412 
306 233 142 58 484 314 151 417 240 349 371 212 193 0 223 221 55 469 305 409 
395 156 104 194 495 243 256 416 293 218 283 434 123 223 0 242 204 438 133 277 
302 495 83 53 300 266 352 64 249 165 373 372 112 221 242 0 415 282 113 86 
274 120 343 380 174 488 130 123 450 252 366 375 485 55 204 415 0 88 459 383 
307 198 448 66 205 213 368 219 168 240 298 490 302 469 438 282 88 0 150 431 
281 368 419 475 448 493 180 199 114 54 391 120 415 305 133 113 459 150 0 78 
475 171 224 400 496 170 198 485 178 166 422 410 412 409 277 86 383 431 78 0 

560.34 0 10
560.34 1 10
560.34 2 13
560.34 3 17
560.34 4 5
560.34 5 6
560.34 6 4
560.34 7 8
560.34 8 9
560.34 9 1
560.34 10 18
560.34 11 12
560.34 12 17
560.34 13 7
560.34 14 17
560.34 15 12
560.34 16 9
560.34 17 14
560.34 18 16
560.34 19 9
