50 50 4 306

0.2 0 3
0.2 0 5
0.2 0 15
0.2 0 22
0.2 0 23
0.2 0 27
0.2 0 30
0.2 0 33
0.2 0 37
0.2 0 39
0.2 0 42
0.2 1 5
0.2 1 10
0.2 1 11
0.2 1 22
0.2 1 24
0.2 1 26
0.2 1 29
0.2 1 45
0.2 1 46
0.2 1 48
0.2 2 7
0.2 2 9
0.2 2 10
0.2 2 13
0.2 2 15
0.2 2 16
0.2 2 19
0.2 2 27
0.2 2 29
0.2 2 31
0.2 2 34
0.2 2 39
0.2 2 40
0.2 2 42
0.2 3 13
0.2 3 27
0.2 3 33
0.2 3 34
0.2 3 40
0.2 3 43
0.2 3 46
0.2 3 47
0.2 4 9
0.2 4 14
0.2 4 29
0.2 4 30
0.2 4 34
0.2 4 38
0.2 4 42
0.2 4 48
0.2 5 8
0.2 5 9
0.2 5 14
0.2 5 18
0.2 5 32
0.2 5 34
0.2 5 38
0.2 5 40
0.2 5 43
0.2 6 7
0.2 6 8
0.2 6 10
0.2 6 24
0.2 6 30
0.2 6 32
0.2 6 34
0.2 6 35
0.2 6 36
0.2 6 38
0.2 6 39
0.2 6 41
0.2 6 47
0.2 7 12
0.2 7 19
0.2 7 24
0.2 7 25
0.2 7 26
0.2 7 33
0.2 7 35
0.2 7 37
0.2 7 40
0.2 7 41
0.2 7 47
0.2 8 11
0.2 8 19
0.2 8 25
0.2 8 27
0.2 8 30
0.2 8 31
0.2 8 33
0.2 8 35
0.2 8 36
0.2 8 41
0.2 8 42
0.2 8 46
0.2 8 49
0.2 9 12
0.2 9 13
0.2 9 15
0.2 9 22
0.2 9 25
0.2 9 26
0.2 9 27
0.2 9 36
0.2 9 39
0.2 9 45
0.2 10 11
0.2 10 15
0.2 10 22
0.2 10 23
0.2 10 24
0.2 10 36
0.2 10 37
0.2 10 38
0.2 10 39
0.2 10 41
0.2 10 43
0.2 10 47
0.2 11 14
0.2 11 21
0.2 11 31
0.2 11 33
0.2 11 34
0.2 11 36
0.2 11 38
0.2 11 40
0.2 11 41
0.2 11 46
0.2 11 48
0.2 12 20
0.2 12 22
0.2 12 25
0.2 12 39
0.2 12 40
0.2 12 41
0.2 12 49
0.2 13 14
0.2 13 20
0.2 13 26
0.2 13 27
0.2 13 28
0.2 13 31
0.2 13 34
0.2 13 39
0.2 13 40
0.2 13 49
0.2 14 20
0.2 14 21
0.2 14 22
0.2 14 30
0.2 14 33
0.2 14 37
0.2 14 38
0.2 14 45
0.2 14 48
0.2 15 22
0.2 15 25
0.2 15 28
0.2 15 31
0.2 15 33
0.2 15 36
0.2 15 40
0.2 15 45
0.2 15 46
0.2 16 18
0.2 16 22
0.2 16 27
0.2 16 31
0.2 16 34
0.2 16 42
0.2 17 22
0.2 17 25
0.2 17 28
0.2 17 31
0.2 17 34
0.2 17 42
0.2 17 46
0.2 17 47
0.2 17 48
0.2 18 31
0.2 19 20
0.2 19 22
0.2 19 24
0.2 19 25
0.2 19 26
0.2 19 27
0.2 19 29
0.2 19 30
0.2 19 36
0.2 19 40
0.2 19 44
0.2 19 46
0.2 19 48
0.2 19 49
0.2 20 21
0.2 20 23
0.2 20 29
0.2 20 32
0.2 20 33
0.2 20 37
0.2 20 40
0.2 20 42
0.2 20 48
0.2 21 23
0.2 21 25
0.2 21 26
0.2 21 28
0.2 21 32
0.2 21 33
0.2 21 34
0.2 21 44
0.2 21 45
0.2 21 48
0.2 21 49
0.2 22 26
0.2 22 30
0.2 22 32
0.2 22 44
0.2 22 46
0.2 22 48
0.2 22 49
0.2 23 24
0.2 23 25
0.2 23 27
0.2 23 28
0.2 23 31
0.2 23 32
0.2 23 33
0.2 23 35
0.2 23 40
0.2 23 44
0.2 23 45
0.2 23 48
0.2 24 33
0.2 24 35
0.2 24 43
0.2 25 37
0.2 25 38
0.2 25 48
0.2 25 49
0.2 26 27
0.2 26 29
0.2 26 31
0.2 26 33
0.2 26 36
0.2 26 40
0.2 26 42
0.2 26 48
0.2 26 49
0.2 27 28
0.2 27 32
0.2 27 38
0.2 27 42
0.2 27 45
0.2 28 30
0.2 28 32
0.2 28 40
0.2 28 42
0.2 28 43
0.2 29 36
0.2 29 47
0.2 30 33
0.2 30 41
0.2 30 45
0.2 30 47
0.2 31 42
0.2 31 45
0.2 31 48
0.2 32 37
0.2 32 38
0.2 32 39
0.2 32 42
0.2 33 39
0.2 33 44
0.2 34 37
0.2 34 38
0.2 34 40
0.2 34 41
0.2 34 42
0.2 34 45
0.2 35 40
0.2 35 42
0.2 35 49
0.2 36 37
0.2 36 38
0.2 36 39
0.2 36 40
0.2 37 38
0.2 37 39
0.2 38 44
0.2 38 48
0.2 39 40
0.2 39 42
0.2 40 43
0.2 41 47
0.2 41 48
0.2 43 45
0.2 43 46
0.2 43 48
0.2 44 46
0.2 44 47
0.2 45 49
0.2 46 49
0.2 47 48
0.2 47 49

0 292 125 208 424 266 88 419 466 227 420 59 485 190 414 394 478 288 327 118 257 360 111 495 187 387 342 51 235 446 462 194 437 422 200 249 161 496 196 110 460 398 328 298 416 96 475 105 337 455 
292 0 457 430 382 134 494 209 339 302 336 324 180 74 83 491 91 434 424 132 338 182 357 297 342 385 250 56 181 283 221 154 410 422 438 135 65 344 362 371 266 367 243 186 165 94 277 426 487 93 
125 457 0 391 398 93 152 308 380 188 348 61 384 358 458 252 250 156 65 289 387 57 118 161 287 392 469 159 249 347 485 455 361 191 496 483 350 472 239 103 161 487 330 151 96 351 325 154 419 266 
208 430 391 0 246 488 146 247 258 125 71 80 172 477 348 321 61 315 130 251 423 356 274 352 228 404 474 292 419 180 451 178 321 142 123 151 59 366 56 386 99 64 147 319 121 431 448 266 461 142 
424 382 398 246 0 54 283 121 171 498 188 496 255 203 487 180 499 320 421 356 285 345 471 493 165 222 95 328 183 414 68 105 221 462 340 135 107 147 233 103 278 185 356 205 242 475 190 254 371 335 
266 134 93 488 54 0 401 126 337 160 337 107 137 170 88 276 97 382 65 406 218 471 423 297 415 387 206 451 463 303 371 229 90 216 216 87 67 131 384 414 119 473 105 269 343 162 205 87 179 292 
88 494 152 146 283 401 0 315 172 416 178 411 489 473 332 385 498 199 215 427 81 275 499 88 447 90 360 493 77 99 365 499 75 402 403 79 262 297 309 115 287 390 348 392 314 456 104 167 373 206 
419 209 308 247 121 126 315 0 100 298 106 253 377 138 167 157 294 183 292 353 173 486 247 231 377 115 430 52 425 96 77 176 103 220 294 399 225 64 110 283 407 74 494 281 458 66 97 65 415 166 
466 339 380 258 171 337 172 100 0 147 496 228 385 387 422 429 379 67 438 134 286 269 410 469 165 228 304 425 497 472 420 256 52 123 105 335 164 391 414 287 473 485 274 490 393 91 284 447 463 139 
227 302 188 125 498 160 416 298 147 0 436 247 136 52 210 262 164 167 460 195 329 78 370 149 451 83 264 294 235 333 167 175 200 455 222 462 304 154 338 265 86 305 201 484 493 196 150 276 418 103 
420 336 348 71 188 337 178 106 496 436 0 131 297 357 372 336 422 225 241 430 374 435 106 87 488 500 358 415 173 228 499 293 102 183 107 497 160 164 119 459 235 198 450 104 154 129 56 71 419 207 
59 324 61 80 496 107 411 253 228 247 131 0 220 417 59 274 295 291 124 497 169 477 299 294 467 99 190 491 256 468 460 461 464 320 298 168 225 439 232 384 276 74 88 231 100 113 313 443 145 371 
485 180 384 172 255 137 489 377 385 136 297 220 0 498 198 355 243 228 158 212 397 366 378 129 443 448 60 431 366 274 101 341 491 107 226 146 210 303 154 306 167 254 323 375 62 201 479 428 330 251 
190 74 358 477 203 170 473 138 387 52 357 417 498 0 249 94 187 269 389 463 213 322 169 58 492 446 179 219 174 107 222 101 153 486 147 335 310 171 230 252 112 320 403 102 286 202 266 372 354 208 
414 83 458 348 487 88 332 167 422 210 372 59 198 249 0 130 443 127 118 420 408 155 350 423 262 427 125 461 170 223 440 183 353 53 126 229 357 80 474 237 486 163 315 321 456 424 358 226 472 440 
394 491 252 321 180 276 385 157 429 262 336 274 355 94 130 0 198 206 298 435 355 151 104 335 173 113 93 495 356 346 366 280 478 334 185 111 150 323 167 179 376 276 69 450 88 246 445 80 297 142 
478 91 250 61 499 97 498 294 379 164 422 295 243 187 443 198 0 311 495 92 68 246 150 255 216 152 178 115 104 438 152 417 276 329 339 407 342 59 444 403 390 495 168 371 178 130 494 402 421 334 
288 434 156 315 320 382 199 183 67 167 225 291 228 269 127 206 311 0 383 96 69 186 335 89 117 170 381 227 95 100 286 492 344 253 355 200 199 112 226 93 306 432 123 297 431 267 205 479 208 225 
327 424 65 130 421 65 215 292 438 460 241 124 158 389 118 298 495 383 0 450 281 481 323 204 418 286 247 174 73 409 303 65 249 486 259 426 56 317 147 329 209 463 370 487 105 414 455 215 236 355 
118 132 289 251 356 406 427 353 134 195 430 497 212 463 420 435 92 96 450 0 372 482 178 67 216 95 331 190 305 248 202 426 202 71 366 234 386 405 91 304 417 354 64 266 75 381 122 173 485 138 
257 338 387 423 285 218 81 173 286 329 374 169 397 213 408 355 68 69 281 372 0 466 269 338 197 368 63 477 161 145 194 193 487 124 265 82 314 291 294 374 89 457 386 100 91 157 226 385 188 89 
360 182 57 356 345 471 275 486 269 78 435 477 366 322 155 151 246 186 481 482 466 0 55 288 426 498 66 58 250 432 51 416 372 76 364 342 182 306 354 377 449 314 324 473 223 201 195 54 292 482 
111 357 118 274 471 423 499 247 410 370 106 299 378 169 350 104 150 335 323 178 269 55 0 186 139 425 433 278 185 53 297 427 335 411 327 200 81 263 166 53 416 172 485 440 241 373 312 206 76 355 
495 297 161 352 493 297 88 231 469 149 87 294 129 58 423 335 255 89 204 67 338 288 186 0 482 84 184 224 57 463 332 196 182 399 383 338 494 497 445 52 383 247 391 451 113 340 410 338 114 321 
187 342 287 228 165 415 447 377 165 451 488 467 443 492 262 173 216 117 418 216 197 426 139 482 0 115 303 95 227 181 261 454 325 255 210 165 396 274 357 121 316 70 499 70 72 460 159 334 124 283 
387 385 392 404 222 387 90 115 228 83 500 99 448 446 427 113 152 170 286 95 368 498 425 84 115 0 234 291 194 188 260 394 229 412 467 175 473 392 444 321 224 490 140 426 298 78 300 339 140 424 
342 250 469 474 95 206 360 430 304 264 358 190 60 179 125 93 178 381 247 331 63 66 433 184 303 234 0 240 285 471 219 162 51 347 306 196 283 118 195 333 318 265 369 406 366 378 290 297 190 138 
51 56 159 292 328 451 493 52 425 294 415 491 431 219 461 495 115 227 174 190 477 58 278 224 95 291 240 0 401 114 399 173 448 433 324 230 359 257 124 77 236 102 112 319 361 52 202 427 91 388 
235 181 249 419 183 463 77 425 497 235 173 256 366 174 170 356 104 95 73 305 161 250 185 57 227 194 285 401 0 88 437 293 228 217 269 57 499 125 342 77 153 351 270 393 95 339 350 206 75 464 
446 283 347 180 414 303 99 96 472 333 228 468 274 107 223 346 438 100 409 248 145 432 53 463 181 188 471 114 88 0 284 305 306 407 151 235 261 200 249 290 319 397 87 269 429 260 76 436 198 446 
462 221 485 451 68 371 365 77 420 167 499 460 101 222 440 366 152 286 303 202 194 51 297 332 261 260 219 399 437 284 0 407 354 303 358 290 178 297 179 500 145 313 188 67 137 71 397 376 295 413 
194 154 455 178 105 229 499 176 256 175 293 461 341 101 183 280 417 492 65 426 193 416 427 196 454 394 162 173 293 305 407 0 371 139 176 463 366 327 244 344 112 248 97 190 217 141 324 468 119 174 
437 410 361 321 221 90 75 103 52 200 102 464 491 153 353 478 276 344 249 202 487 372 335 182 325 229 51 448 228 306 354 371 0 328 89 76 484 495 318 161 291 264 487 161 93 60 303 361 185 245 
422 422 191 142 462 216 402 220 123 455 183 320 107 486 53 334 329 253 486 71 124 76 411 399 255 412 347 433 217 407 303 139 328 0 110 272 478 268 124 102 256 299 224 168 183 128 428 237 420 178 
200 438 496 123 340 216 403 294 105 222 107 298 226 147 126 185 339 355 259 366 265 364 327 383 210 467 306 324 269 151 358 176 89 110 0 113 132 192 250 229 368 469 401 216 288 71 272 233 286 266 
249 135 483 151 135 87 79 399 335 462 497 168 146 335 229 111 407 200 426 234 82 342 200 338 165 175 196 230 57 235 290 463 76 272 113 0 90 348 50 421 68 399 342 316 493 485 199 114 262 287 
161 65 350 59 107 67 262 225 164 304 160 225 210 310 357 150 342 199 56 386 314 182 81 494 396 473 283 359 499 261 178 366 484 478 132 90 0 349 458 222 82 478 280 143 233 240 340 274 98 176 
496 344 472 366 147 131 297 64 391 154 164 439 303 171 80 323 59 112 317 405 291 306 263 497 274 392 118 257 125 200 297 327 495 268 192 348 349 0 265 50 154 114 456 107 101 478 326 350 158 179 
196 362 239 56 233 384 309 110 414 338 119 232 154 230 474 167 444 226 147 91 294 354 166 445 357 444 195 124 342 249 179 244 318 124 250 50 458 265 0 203 426 180 92 303 206 257 247 336 177 403 
110 371 103 386 103 414 115 283 287 265 459 384 306 252 237 179 403 93 329 304 374 377 53 52 121 321 333 77 77 290 500 344 161 102 229 421 222 50 203 0 54 463 260 339 332 281 123 427 267 265 
460 266 161 99 278 119 287 407 473 86 235 276 167 112 486 376 390 306 209 417 89 449 416 383 316 224 318 236 153 319 145 112 291 256 368 68 82 154 426 54 0 370 156 91 93 380 183 333 282 232 
398 367 487 64 185 473 390 74 485 305 198 74 254 320 163 276 495 432 463 354 457 314 172 247 70 490 265 102 351 397 313 248 264 299 469 399 478 114 180 463 370 0 248 357 310 93 460 358 95 316 
328 243 330 147 356 105 348 494 274 201 450 88 323 403 315 69 168 123 370 64 386 324 485 391 499 140 369 112 270 87 188 97 487 224 401 342 280 456 92 260 156 248 0 69 382 344 386 126 363 343 
298 186 151 319 205 269 392 281 490 484 104 231 375 102 321 450 371 297 487 266 100 473 440 451 70 426 406 319 393 269 67 190 161 168 216 316 143 107 303 339 91 357 69 0 313 80 161 467 111 189 
416 165 96 121 242 343 314 458 393 493 154 100 62 286 456 88 178 431 105 75 91 223 241 113 72 298 366 361 95 429 137 217 93 183 288 493 233 101 206 332 93 310 382 313 0 245 432 436 399 474 
96 94 351 431 475 162 456 66 91 196 129 113 201 202 424 246 130 267 414 381 157 201 373 340 460 78 378 52 339 260 71 141 60 128 71 485 240 478 257 281 380 93 344 80 245 0 450 302 90 282 
475 277 325 448 190 205 104 97 284 150 56 313 479 266 358 445 494 205 455 122 226 195 312 410 159 300 290 202 350 76 397 324 303 428 272 199 340 326 247 123 183 460 386 161 432 450 0 254 358 282 
105 426 154 266 254 87 167 65 447 276 71 443 428 372 226 80 402 479 215 173 385 54 206 338 334 339 297 427 206 436 376 468 361 237 233 114 274 350 336 427 333 358 126 467 436 302 254 0 75 63 
337 487 419 461 371 179 373 415 463 418 419 145 330 354 472 297 421 208 236 485 188 292 76 114 124 140 190 91 75 198 295 119 185 420 286 262 98 158 177 267 282 95 363 111 399 90 358 75 0 214 
455 93 266 142 335 292 206 166 139 103 207 371 251 208 440 142 334 225 355 138 89 482 355 321 283 424 138 388 464 446 413 174 245 178 266 287 176 179 403 265 232 316 343 189 474 282 282 63 214 0 

728 0 8
728 1 48
728 2 6
728 3 12
728 4 48
728 5 46
728 6 32
728 7 45
728 8 5
728 9 33
728 10 13
728 11 32
728 12 37
728 13 44
728 14 4
728 15 4
728 16 4
728 17 18
728 18 5
728 19 15
728 20 4
728 21 15
728 22 47
728 23 6
728 24 19
728 25 2
728 26 12
728 27 29
728 28 25
728 29 37
728 30 25
728 31 38
728 32 36
728 33 32
728 34 6
728 35 41
728 36 34
728 37 43
728 38 37
728 39 40
728 40 27
728 41 1
728 42 27
728 43 20
728 44 1
728 45 32
728 46 24
728 47 6
728 48 6
728 49 29
