20 20 3 19

0.4 0 8
0.4 0 15
0.4 1 2
0.4 1 13
0.4 2 10
0.4 2 17
0.4 2 19
0.4 3 16
0.4 4 15
0.4 5 7
0.4 5 13
0.4 6 10
0.4 7 15
0.4 8 19
0.4 9 12
0.4 11 13
0.4 11 14
0.4 14 16
0.4 17 18

0 326 286 325 483 93 142 383 341 173 451 412 187 262 497 179 117 72 131 149 
326 0 334 112 265 61 223 464 105 180 148 168 272 449 452 232 89 320 427 211 
286 334 0 495 215 304 336 275 346 131 315 218 158 65 368 305 107 228 269 282 
325 112 495 0 159 261 246 479 166 95 493 417 268 70 74 143 69 165 419 290 
483 265 215 159 0 188 287 190 341 496 345 459 73 286 100 444 407 264 252 338 
93 61 304 261 188 0 139 156 179 174 308 481 153 449 346 253 338 432 434 280 
142 223 336 246 287 139 0 299 441 313 131 263 149 498 211 158 326 480 174 110 
383 464 275 479 190 156 299 0 160 56 434 331 92 142 78 220 459 190 312 302 
341 105 346 166 341 179 441 160 0 386 478 321 159 116 210 490 499 421 308 157 
173 180 131 95 496 174 313 56 386 0 356 148 241 372 186 313 354 499 271 384 
451 148 315 493 345 308 131 434 478 356 0 272 249 66 308 425 168 114 179 327 
412 168 218 417 459 481 263 331 321 148 272 0 465 483 313 338 391 465 201 64 
187 272 158 268 73 153 149 92 159 241 249 465 0 86 492 379 161 377 153 490 
262 449 65 70 286 449 498 142 116 372 66 483 86 0 350 296 187 117 346 164 
497 452 368 74 100 346 211 78 210 186 308 313 492 350 0 354 382 74 224 441 
179 232 305 143 444 253 158 220 490 313 425 338 379 296 354 0 217 201 179 465 
117 89 107 69 407 338 326 459 499 354 168 391 161 187 382 217 0 156 73 290 
72 320 228 165 264 432 480 190 421 499 114 465 377 117 74 201 156 0 95 192 
131 427 269 419 252 434 174 312 308 271 179 201 153 346 224 179 73 95 0 154 
149 211 282 290 338 280 110 302 157 384 327 64 490 164 441 465 290 192 154 0 

779.5 0 1
779.5 1 9
779.5 2 11
779.5 3 13
779.5 4 17
779.5 5 16
779.5 6 0
779.5 7 9
779.5 8 17
779.5 9 13
779.5 10 4
779.5 11 13
779.5 12 3
779.5 13 7
779.5 14 12
779.5 15 12
779.5 16 1
779.5 17 3
779.5 18 19
779.5 19 3
