20 20 3 38

0.25 0 1
0.25 0 2
0.25 0 9
0.25 0 10
0.25 0 16
0.25 0 17
0.25 1 13
0.25 2 3
0.25 2 5
0.25 2 6
0.25 2 8
0.25 3 5
0.25 3 12
0.25 3 14
0.25 3 18
0.25 4 11
0.25 4 12
0.25 4 19
0.25 5 8
0.25 5 18
0.25 7 14
0.25 7 16
0.25 8 10
0.25 8 11
0.25 8 18
0.25 9 10
0.25 9 15
0.25 10 12
0.25 10 17
0.25 10 19
0.25 11 12
0.25 11 14
0.25 12 16
0.25 12 17
0.25 13 15
0.25 14 17
0.25 15 16
0.25 16 19

0 322 271 274 129 302 80 384 271 247 429 475 142 485 188 172 160 222 105 328 
322 0 235 59 416 131 334 234 434 358 276 234 86 273 367 280 211 135 365 234 
271 235 0 357 166 275 198 103 449 335 318 173 132 316 52 468 466 385 139 271 
274 59 357 0 407 435 309 143 92 363 126 295 427 372 362 403 477 125 138 226 
129 416 166 407 0 72 363 163 411 264 292 211 155 133 206 264 214 106 254 302 
302 131 275 435 72 0 77 54 390 343 181 106 102 197 277 241 83 332 493 306 
80 334 198 309 363 77 0 321 72 200 360 243 477 443 454 425 389 500 332 116 
384 234 103 143 163 54 321 0 420 246 175 253 61 252 449 136 197 399 90 359 
271 434 449 92 411 390 72 420 0 485 121 467 298 172 115 80 243 362 218 327 
247 358 335 363 264 343 200 246 485 0 413 340 461 383 137 122 337 328 368 123 
429 276 318 126 292 181 360 175 121 413 0 275 441 132 103 285 470 183 394 243 
475 234 173 295 211 106 243 253 467 340 275 0 74 417 375 489 86 107 268 215 
142 86 132 427 155 102 477 61 298 461 441 74 0 93 320 244 146 71 224 499 
485 273 316 372 133 197 443 252 172 383 132 417 93 0 321 168 344 57 311 54 
188 367 52 362 206 277 454 449 115 137 103 375 320 321 0 120 356 384 441 287 
172 280 468 403 264 241 425 136 80 122 285 489 244 168 120 0 418 389 65 344 
160 211 466 477 214 83 389 197 243 337 470 86 146 344 356 418 0 426 195 143 
222 135 385 125 106 332 500 399 362 328 183 107 71 57 384 389 426 0 272 247 
105 365 139 138 254 493 332 90 218 368 394 268 224 311 441 65 195 272 0 93 
328 234 271 226 302 306 116 359 327 123 243 215 499 54 287 344 143 247 93 0 

470.25 0 11
470.25 1 3
470.25 2 0
470.25 3 1
470.25 4 17
470.25 5 10
470.25 6 8
470.25 7 5
470.25 8 1
470.25 9 1
470.25 10 2
470.25 11 1
470.25 12 8
470.25 13 15
470.25 14 13
470.25 15 13
470.25 16 14
470.25 17 7
470.25 18 16
470.25 19 17
