40 40 3 195

0.25 0 1
0.25 0 3
0.25 0 5
0.25 0 6
0.25 0 11
0.25 0 14
0.25 0 18
0.25 0 22
0.25 0 24
0.25 0 34
0.25 0 37
0.25 0 38
0.25 0 39
0.25 1 9
0.25 1 11
0.25 1 20
0.25 1 23
0.25 1 33
0.25 1 34
0.25 1 36
0.25 1 39
0.25 2 5
0.25 2 9
0.25 2 12
0.25 2 20
0.25 2 35
0.25 2 36
0.25 3 5
0.25 3 10
0.25 3 12
0.25 3 14
0.25 3 19
0.25 3 20
0.25 3 25
0.25 3 26
0.25 3 29
0.25 3 33
0.25 4 8
0.25 4 17
0.25 4 22
0.25 4 27
0.25 4 34
0.25 4 37
0.25 5 8
0.25 5 9
0.25 5 11
0.25 5 12
0.25 5 19
0.25 5 24
0.25 5 33
0.25 5 34
0.25 5 36
0.25 6 10
0.25 6 12
0.25 6 13
0.25 6 27
0.25 6 37
0.25 6 39
0.25 7 15
0.25 7 17
0.25 7 19
0.25 7 23
0.25 7 32
0.25 7 33
0.25 7 34
0.25 7 35
0.25 8 9
0.25 8 22
0.25 8 23
0.25 8 25
0.25 8 28
0.25 8 33
0.25 8 35
0.25 9 12
0.25 9 14
0.25 9 16
0.25 9 17
0.25 9 20
0.25 9 22
0.25 9 24
0.25 9 26
0.25 9 34
0.25 10 11
0.25 10 12
0.25 10 13
0.25 10 14
0.25 10 16
0.25 10 17
0.25 10 24
0.25 10 26
0.25 10 27
0.25 10 28
0.25 10 36
0.25 10 39
0.25 11 16
0.25 11 19
0.25 11 39
0.25 12 13
0.25 12 14
0.25 12 19
0.25 12 20
0.25 12 22
0.25 12 29
0.25 12 33
0.25 13 19
0.25 13 22
0.25 13 23
0.25 13 27
0.25 13 28
0.25 13 33
0.25 13 34
0.25 13 38
0.25 14 15
0.25 14 16
0.25 14 24
0.25 14 29
0.25 14 34
0.25 14 37
0.25 14 38
0.25 14 39
0.25 15 16
0.25 15 18
0.25 15 24
0.25 15 26
0.25 15 28
0.25 15 33
0.25 15 34
0.25 15 37
0.25 15 38
0.25 16 17
0.25 16 24
0.25 16 25
0.25 16 26
0.25 16 33
0.25 16 34
0.25 16 35
0.25 16 36
0.25 16 37
0.25 17 21
0.25 17 24
0.25 17 30
0.25 17 33
0.25 17 38
0.25 17 39
0.25 18 30
0.25 19 20
0.25 19 21
0.25 19 24
0.25 19 26
0.25 19 30
0.25 19 32
0.25 19 33
0.25 20 23
0.25 20 26
0.25 20 29
0.25 20 35
0.25 20 39
0.25 21 22
0.25 21 24
0.25 21 25
0.25 21 31
0.25 22 26
0.25 22 27
0.25 22 37
0.25 23 24
0.25 23 25
0.25 24 27
0.25 24 31
0.25 24 36
0.25 25 34
0.25 25 38
0.25 26 30
0.25 26 31
0.25 26 35
0.25 26 38
0.25 27 30
0.25 27 31
0.25 27 35
0.25 27 36
0.25 27 38
0.25 28 39
0.25 29 30
0.25 29 31
0.25 29 33
0.25 29 36
0.25 30 32
0.25 30 33
0.25 31 34
0.25 32 34
0.25 32 37
0.25 34 36
0.25 34 38
0.25 35 36
0.25 35 39
0.25 36 39

0 65 190 94 83 319 161 261 476 298 414 230 110 145 410 298 451 154 170 476 97 326 269 422 63 288 50 329 99 495 406 104 73 320 271 372 129 192 369 390 
65 0 148 486 218 270 50 461 274 324 283 83 356 368 237 290 483 291 460 172 317 147 184 429 448 485 338 255 122 158 336 214 499 421 55 493 298 466 494 61 
190 148 0 266 375 161 87 381 472 79 269 148 319 347 461 293 375 171 108 388 78 79 415 281 321 399 278 64 438 93 74 59 287 214 400 243 55 444 81 223 
94 486 266 0 275 458 136 187 491 380 207 141 139 444 157 275 188 135 358 391 155 232 451 373 386 98 155 275 180 93 63 336 359 252 122 298 378 115 494 304 
83 218 375 275 0 108 166 275 170 98 370 265 235 379 295 385 199 175 149 111 452 270 405 285 482 89 212 410 157 231 136 435 433 266 244 84 84 500 194 398 
319 270 161 458 108 0 354 50 326 105 142 128 123 184 212 367 238 489 419 471 107 336 257 474 205 433 221 64 400 238 325 352 138 145 134 443 408 475 80 101 
161 50 87 136 166 354 0 412 84 149 61 319 401 252 217 122 189 414 226 336 214 98 451 287 65 218 150 113 401 430 451 367 225 483 427 73 373 357 195 251 
261 461 381 187 275 50 412 0 362 416 337 255 90 233 151 328 361 209 145 392 464 452 145 293 233 309 196 395 383 338 324 385 73 235 336 299 161 338 447 482 
476 274 472 491 170 326 84 362 0 269 309 248 489 364 481 452 162 440 222 135 446 414 141 192 333 380 327 377 65 137 461 175 470 354 494 287 217 271 110 411 
298 324 79 380 98 105 149 416 269 0 148 352 169 492 63 463 290 376 107 263 63 270 343 262 444 246 198 482 415 330 496 327 52 142 69 196 328 419 167 477 
414 283 269 207 370 142 61 337 309 148 0 496 210 331 92 79 97 445 184 187 354 64 421 183 464 194 235 322 202 427 411 136 160 203 265 288 80 444 415 206 
230 83 148 141 265 128 319 255 248 352 496 0 271 212 103 184 175 124 78 200 176 218 238 106 205 361 259 233 410 152 291 292 468 387 344 126 292 293 179 251 
110 356 319 139 235 123 401 90 489 169 210 271 0 256 414 82 333 165 353 173 245 87 372 213 435 401 123 177 498 452 422 324 82 223 417 309 132 445 172 67 
145 368 347 444 379 184 252 233 364 492 331 212 256 0 133 277 357 221 62 307 476 92 153 88 437 416 494 148 183 128 269 265 375 144 490 249 297 96 447 480 
410 237 461 157 295 212 217 151 481 63 92 103 414 133 0 466 295 89 389 367 64 79 459 69 443 93 345 137 439 269 449 267 235 398 133 213 356 79 134 151 
298 290 293 275 385 367 122 328 452 463 79 184 82 277 466 0 172 115 350 231 343 245 414 163 227 441 319 118 230 205 50 272 305 275 407 125 156 473 360 194 
451 483 375 188 199 238 189 361 162 290 97 175 333 357 295 172 0 203 184 372 294 356 408 183 335 115 394 113 310 261 488 472 346 290 254 305 71 262 276 289 
154 291 171 135 175 489 414 209 440 376 445 124 165 221 89 115 203 0 475 466 485 243 166 160 411 263 412 210 293 207 153 255 196 284 137 267 76 363 469 395 
170 460 108 358 149 419 226 145 222 107 184 78 353 62 389 350 184 475 0 357 178 415 328 456 117 145 426 318 318 386 468 376 387 265 316 358 397 299 134 475 
476 172 388 391 111 471 336 392 135 263 187 200 173 307 367 231 372 466 357 0 392 58 178 104 148 50 309 164 134 70 194 439 491 297 350 74 80 82 335 219 
97 317 78 155 452 107 214 464 446 63 354 176 245 476 64 343 294 485 178 392 0 463 180 105 123 406 211 479 357 450 245 155 301 203 347 275 322 248 117 267 
326 147 79 232 270 336 98 452 414 270 64 218 87 92 79 245 356 243 415 58 463 0 252 327 155 294 366 211 234 410 245 327 213 389 283 220 459 481 401 317 
269 184 415 451 405 257 451 145 141 343 421 238 372 153 459 414 408 166 328 178 180 252 0 414 167 434 374 282 402 361 351 183 174 260 63 83 334 123 177 61 
422 429 281 373 285 474 287 293 192 262 183 106 213 88 69 163 183 160 456 104 105 327 414 0 444 240 424 405 227 62 361 456 464 261 302 59 326 385 310 401 
63 448 321 386 482 205 65 233 333 444 464 205 435 437 443 227 335 411 117 148 123 155 167 444 0 205 462 226 213 143 105 188 107 458 156 89 114 275 86 234 
288 485 399 98 89 433 218 309 380 246 194 361 401 416 93 441 115 263 145 50 406 294 434 240 205 0 130 443 319 262 363 239 119 455 59 356 386 352 124 347 
50 338 278 155 212 221 150 196 327 198 235 259 123 494 345 319 394 412 426 309 211 366 374 424 462 130 0 270 460 240 455 319 489 373 285 96 232 393 223 322 
329 255 64 275 410 64 113 395 377 482 322 233 177 148 137 118 113 210 318 164 479 211 282 405 226 443 270 0 324 62 318 349 406 496 369 298 91 110 373 145 
99 122 438 180 157 400 401 383 65 415 202 410 498 183 439 230 310 293 318 134 357 234 402 227 213 319 460 324 0 80 102 263 332 277 116 155 430 343 136 290 
495 158 93 93 231 238 430 338 137 330 427 152 452 128 269 205 261 207 386 70 450 410 361 62 143 262 240 62 80 0 223 127 322 56 87 346 87 242 136 273 
406 336 74 63 136 325 451 324 461 496 411 291 422 269 449 50 488 153 468 194 245 245 351 361 105 363 455 318 102 223 0 71 184 351 52 407 279 186 183 200 
104 214 59 336 435 352 367 385 175 327 136 292 324 265 267 272 472 255 376 439 155 327 183 456 188 239 319 349 263 127 71 0 355 96 93 478 58 241 211 386 
73 499 287 359 433 138 225 73 470 52 160 468 82 375 235 305 346 196 387 491 301 213 174 464 107 119 489 406 332 322 184 355 0 184 299 94 336 207 336 285 
320 421 214 252 266 145 483 235 354 142 203 387 223 144 398 275 290 284 265 297 203 389 260 261 458 455 373 496 277 56 351 96 184 0 402 149 284 130 215 129 
271 55 400 122 244 134 427 336 494 69 265 344 417 490 133 407 254 137 316 350 347 283 63 302 156 59 285 369 116 87 52 93 299 402 0 482 143 62 204 189 
372 493 243 298 84 443 73 299 287 196 288 126 309 249 213 125 305 267 358 74 275 220 83 59 89 356 96 298 155 346 407 478 94 149 482 0 126 206 236 182 
129 298 55 378 84 408 373 161 217 328 80 292 132 297 356 156 71 76 397 80 322 459 334 326 114 386 232 91 430 87 279 58 336 284 143 126 0 104 245 181 
192 466 444 115 500 475 357 338 271 419 444 293 445 96 79 473 262 363 299 82 248 481 123 385 275 352 393 110 343 242 186 241 207 130 62 206 104 0 105 146 
369 494 81 494 194 80 195 447 110 167 415 179 172 447 134 360 276 469 134 335 117 401 177 310 86 124 223 373 136 136 183 211 336 215 204 236 245 105 0 370 
390 61 223 304 398 101 251 482 411 477 206 251 67 480 151 194 289 395 475 219 267 317 61 401 234 347 322 145 290 273 200 386 285 129 189 182 181 146 370 0 

808.83 0 8
808.83 1 24
808.83 2 24
808.83 3 21
808.83 4 22
808.83 5 32
808.83 6 33
808.83 7 2
808.83 8 20
808.83 9 3
808.83 10 30
808.83 11 12
808.83 12 35
808.83 13 17
808.83 14 31
808.83 15 20
808.83 16 31
808.83 17 28
808.83 18 27
808.83 19 24
808.83 20 7
808.83 21 17
808.83 22 34
808.83 23 24
808.83 24 13
808.83 25 12
808.83 26 18
808.83 27 32
808.83 28 12
808.83 29 4
808.83 30 17
808.83 31 10
808.83 32 17
808.83 33 30
808.83 34 31
808.83 35 1
808.83 36 13
808.83 37 14
808.83 38 31
808.83 39 22
