20 20 3 38

0.2 0 2
0.2 0 4
0.2 0 6
0.2 0 9
0.2 1 3
0.2 1 5
0.2 1 15
0.2 1 17
0.2 1 19
0.2 2 12
0.2 2 15
0.2 2 19
0.2 3 4
0.2 3 13
0.2 3 15
0.2 3 16
0.2 4 10
0.2 5 6
0.2 5 15
0.2 6 7
0.2 6 11
0.2 6 14
0.2 6 15
0.2 6 17
0.2 6 18
0.2 6 19
0.2 8 13
0.2 8 14
0.2 8 15
0.2 8 16
0.2 9 10
0.2 10 18
0.2 12 16
0.2 13 15
0.2 14 17
0.2 15 17
0.2 15 18
0.2 17 18

0 481 414 158 169 488 400 232 105 64 80 50 399 174 102 398 311 178 397 130 
481 0 396 370 485 447 407 174 143 276 99 56 200 305 256 278 69 131 219 73 
414 396 0 63 344 50 57 324 399 117 73 459 198 387 482 263 280 393 279 290 
158 370 63 0 462 394 290 67 292 358 87 287 466 324 368 445 67 330 250 458 
169 485 344 462 0 313 421 477 57 444 339 111 265 409 393 158 257 239 128 287 
488 447 50 394 313 0 361 80 294 311 444 101 141 370 404 275 354 374 146 234 
400 407 57 290 421 361 0 80 156 60 398 186 484 148 266 87 410 123 282 120 
232 174 324 67 477 80 80 0 133 444 277 109 482 337 92 432 161 170 493 471 
105 143 399 292 57 294 156 133 0 411 324 315 292 127 308 183 326 57 272 124 
64 276 117 358 444 311 60 444 411 0 221 186 150 154 438 164 208 237 251 123 
80 99 73 87 339 444 398 277 324 221 0 216 61 295 63 79 419 407 421 137 
50 56 459 287 111 101 186 109 315 186 216 0 97 364 156 470 470 233 52 276 
399 200 198 466 265 141 484 482 292 150 61 97 0 423 177 241 222 184 104 352 
174 305 387 324 409 370 148 337 127 154 295 364 423 0 252 391 74 53 100 484 
102 256 482 368 393 404 266 92 308 438 63 156 177 252 0 471 147 411 181 445 
398 278 263 445 158 275 87 432 183 164 79 470 241 391 471 0 180 446 185 337 
311 69 280 67 257 354 410 161 326 208 419 470 222 74 147 180 0 72 200 440 
178 131 393 330 239 374 123 170 57 237 407 233 184 53 411 446 72 0 217 279 
397 219 279 250 128 146 282 493 272 251 421 52 104 100 181 185 200 217 0 434 
130 73 290 458 287 234 120 471 124 123 137 276 352 484 445 337 440 279 434 0 

293.5 0 9
293.5 1 15
293.5 2 14
293.5 3 12
293.5 4 8
293.5 5 18
293.5 6 14
293.5 7 12
293.5 8 0
293.5 9 4
293.5 10 13
293.5 11 8
293.5 12 11
293.5 13 0
293.5 14 13
293.5 15 6
293.5 16 11
293.5 17 8
293.5 18 4
293.5 19 8
