50 50 4 245

0.3 0 12
0.3 0 18
0.3 0 32
0.3 0 34
0.3 0 39
0.3 0 40
0.3 1 3
0.3 1 4
0.3 1 6
0.3 1 10
0.3 1 16
0.3 1 19
0.3 1 27
0.3 1 31
0.3 1 40
0.3 1 43
0.3 1 44
0.3 1 46
0.3 2 13
0.3 2 14
0.3 2 17
0.3 2 20
0.3 2 30
0.3 2 39
0.3 2 40
0.3 2 43
0.3 2 47
0.3 2 49
0.3 3 11
0.3 3 13
0.3 3 21
0.3 3 22
0.3 3 26
0.3 3 39
0.3 3 44
0.3 4 9
0.3 4 11
0.3 4 12
0.3 4 18
0.3 4 23
0.3 4 24
0.3 4 25
0.3 4 28
0.3 4 29
0.3 4 33
0.3 4 41
0.3 4 45
0.3 4 47
0.3 4 49
0.3 5 17
0.3 5 19
0.3 5 23
0.3 5 26
0.3 5 34
0.3 5 41
0.3 5 42
0.3 6 9
0.3 6 11
0.3 6 15
0.3 6 21
0.3 6 26
0.3 6 29
0.3 6 33
0.3 6 35
0.3 6 45
0.3 6 48
0.3 6 49
0.3 7 16
0.3 7 22
0.3 7 24
0.3 7 29
0.3 7 32
0.3 7 33
0.3 8 14
0.3 8 16
0.3 8 22
0.3 8 27
0.3 8 29
0.3 8 33
0.3 8 34
0.3 8 37
0.3 8 41
0.3 8 42
0.3 8 44
0.3 9 11
0.3 9 16
0.3 9 19
0.3 9 31
0.3 9 34
0.3 9 47
0.3 10 11
0.3 10 15
0.3 10 17
0.3 10 19
0.3 10 21
0.3 10 26
0.3 10 29
0.3 10 30
0.3 10 32
0.3 10 34
0.3 11 12
0.3 11 15
0.3 11 16
0.3 11 31
0.3 11 35
0.3 11 39
0.3 12 16
0.3 12 17
0.3 12 20
0.3 12 23
0.3 12 25
0.3 12 28
0.3 12 47
0.3 13 15
0.3 13 17
0.3 13 26
0.3 13 34
0.3 13 37
0.3 13 38
0.3 13 41
0.3 13 43
0.3 14 17
0.3 14 31
0.3 14 42
0.3 14 44
0.3 14 49
0.3 15 18
0.3 15 20
0.3 15 33
0.3 15 34
0.3 15 39
0.3 16 25
0.3 16 28
0.3 16 39
0.3 16 41
0.3 17 19
0.3 17 35
0.3 17 40
0.3 18 23
0.3 18 27
0.3 18 29
0.3 18 36
0.3 18 37
0.3 18 42
0.3 18 46
0.3 19 23
0.3 19 25
0.3 19 28
0.3 19 35
0.3 20 23
0.3 20 31
0.3 20 34
0.3 20 36
0.3 20 40
0.3 20 48
0.3 21 26
0.3 21 27
0.3 21 30
0.3 21 31
0.3 21 34
0.3 21 37
0.3 21 40
0.3 21 49
0.3 22 25
0.3 22 34
0.3 22 36
0.3 22 37
0.3 22 38
0.3 22 49
0.3 23 26
0.3 23 30
0.3 23 41
0.3 23 42
0.3 24 25
0.3 24 26
0.3 24 27
0.3 24 28
0.3 24 31
0.3 24 34
0.3 24 43
0.3 24 44
0.3 24 45
0.3 24 46
0.3 24 47
0.3 25 34
0.3 26 27
0.3 26 29
0.3 26 32
0.3 26 40
0.3 26 41
0.3 26 43
0.3 26 44
0.3 26 46
0.3 27 38
0.3 27 42
0.3 27 44
0.3 28 32
0.3 28 39
0.3 28 41
0.3 28 44
0.3 28 48
0.3 29 34
0.3 29 39
0.3 29 48
0.3 29 49
0.3 30 32
0.3 30 36
0.3 30 39
0.3 30 41
0.3 31 34
0.3 31 35
0.3 31 36
0.3 31 42
0.3 31 45
0.3 32 47
0.3 32 49
0.3 33 36
0.3 33 37
0.3 33 46
0.3 34 36
0.3 34 37
0.3 34 42
0.3 35 37
0.3 35 44
0.3 35 47
0.3 36 39
0.3 36 41
0.3 36 44
0.3 37 41
0.3 37 44
0.3 37 48
0.3 38 39
0.3 38 45
0.3 38 48
0.3 39 40
0.3 39 41
0.3 39 48
0.3 40 47
0.3 40 48
0.3 40 49
0.3 41 44
0.3 41 47
0.3 45 46
0.3 47 48
0.3 47 49

0 111 361 373 446 160 299 147 241 495 262 174 345 403 221 242 97 141 64 492 65 315 178 435 481 144 414 161 499 158 327 212 417 325 142 60 149 473 457 474 228 115 91 247 368 274 163 183 115 100 
111 0 139 464 221 250 203 457 489 83 143 57 239 467 99 294 97 426 141 100 108 69 391 310 150 275 388 149 179 180 304 378 330 383 330 258 191 109 480 130 110 258 484 133 118 299 404 327 152 262 
361 139 0 353 497 218 196 242 347 447 295 112 340 134 161 118 163 258 316 173 109 419 460 463 75 202 297 383 457 349 347 124 434 493 384 225 491 107 490 53 441 111 380 425 151 117 66 381 456 490 
373 464 353 0 181 329 136 141 58 492 164 500 291 116 290 146 353 237 381 290 379 107 92 437 245 339 201 273 264 363 457 58 426 195 190 186 419 453 129 361 468 137 462 179 418 65 251 81 213 78 
446 221 497 181 0 108 213 388 105 421 230 455 437 436 294 404 416 329 445 275 469 222 143 491 399 107 63 185 497 66 152 91 371 249 321 329 109 79 232 359 442 203 209 167 459 300 411 497 73 485 
160 250 218 329 108 0 148 402 436 313 458 307 467 167 419 291 160 499 356 107 74 480 484 357 425 181 367 297 105 305 210 433 366 98 213 279 398 69 215 479 485 399 103 416 153 468 145 158 235 87 
299 203 196 136 213 148 0 375 137 448 263 102 311 236 134 437 146 174 124 243 167 235 438 251 350 478 296 161 354 334 473 218 350 492 420 356 81 158 318 307 279 441 267 125 385 60 187 435 85 490 
147 457 242 141 388 402 375 0 276 138 327 464 384 146 483 470 334 298 487 233 312 153 367 301 339 295 495 432 270 62 163 63 140 123 121 112 457 164 244 421 160 313 242 180 370 99 205 458 235 457 
241 489 347 58 105 436 137 276 0 141 170 363 104 291 465 226 244 224 116 298 130 421 250 495 359 489 275 448 447 116 494 302 168 72 347 212 481 246 183 372 240 385 241 365 237 129 284 169 272 143 
495 83 447 492 421 313 448 138 141 0 211 489 402 244 132 103 336 434 157 96 86 63 66 380 159 52 134 381 150 187 242 418 475 300 220 200 471 417 168 298 72 112 472 374 496 388 490 148 416 232 
262 143 295 164 230 458 263 327 170 211 0 307 352 415 176 206 54 454 204 134 364 390 181 191 301 490 102 54 137 489 229 462 102 184 77 163 255 497 388 158 62 204 188 276 144 266 121 81 52 429 
174 57 112 500 455 307 102 464 363 489 307 0 198 497 432 78 326 252 259 86 374 437 477 210 52 387 162 450 378 62 180 481 355 301 227 398 450 226 278 83 236 129 139 480 156 161 73 262 141 255 
345 239 340 291 437 467 311 384 104 402 352 198 0 198 393 101 218 485 288 203 78 328 191 422 149 427 111 375 304 287 230 304 278 250 138 133 379 239 269 175 72 245 353 124 179 391 482 94 455 242 
403 467 134 116 436 167 236 146 291 244 415 497 198 0 266 400 192 353 137 355 415 450 445 284 365 95 103 279 468 332 448 192 451 380 345 439 227 61 240 94 239 213 72 297 286 479 361 135 286 189 
221 99 161 290 294 419 134 483 465 132 176 432 393 266 0 443 425 401 106 178 253 71 198 193 253 225 150 83 382 390 173 428 490 212 480 299 308 469 356 105 338 225 225 426 91 183 300 122 90 433 
242 294 118 146 404 291 437 470 226 103 206 78 101 400 443 0 434 82 213 225 318 296 171 360 400 493 113 183 254 297 62 427 412 317 227 262 383 351 394 219 353 468 83 344 114 187 438 495 176 110 
97 97 163 353 416 160 146 334 244 336 54 326 218 192 425 434 0 401 346 235 396 230 180 150 359 205 299 391 98 299 93 411 117 96 326 202 274 438 492 500 160 306 285 183 85 62 154 266 102 355 
141 426 258 237 329 499 174 298 224 434 454 252 485 353 401 82 401 0 293 122 66 395 58 150 132 233 243 351 367 478 176 471 216 383 402 265 116 389 238 87 280 327 447 52 50 381 300 91 127 322 
64 141 316 381 445 356 124 487 116 157 204 259 288 137 106 213 346 293 0 287 267 315 91 132 297 495 246 236 494 257 67 103 221 275 179 359 65 394 212 195 416 188 307 261 194 301 192 462 379 245 
492 100 173 290 275 107 243 233 298 96 134 86 203 355 178 225 235 122 287 0 128 311 400 488 69 60 345 248 232 104 70 184 251 216 263 54 293 145 377 290 392 499 450 412 289 372 220 391 366 255 
65 108 109 379 469 74 167 312 130 86 364 374 78 415 253 318 396 66 267 128 0 432 154 333 54 97 175 414 257 344 384 247 170 453 467 341 162 128 229 294 245 447 92 377 93 437 71 422 479 454 
315 69 419 107 222 480 235 153 421 63 390 437 328 450 71 296 230 395 315 311 432 0 234 273 288 454 445 242 345 251 121 193 364 438 391 101 427 419 71 227 426 192 145 161 406 88 404 279 273 322 
178 391 460 92 143 484 438 367 250 66 181 477 191 445 198 171 180 58 91 400 154 234 0 189 419 411 256 441 174 286 120 463 213 359 146 183 420 95 338 395 59 381 165 275 377 189 254 166 342 340 
435 310 463 437 491 357 251 301 495 380 191 210 422 284 193 360 150 150 132 488 333 273 189 0 120 162 358 367 211 307 341 317 437 55 369 69 337 382 456 331 390 384 250 420 460 146 60 456 255 256 
481 150 75 245 399 425 350 339 359 159 301 52 149 365 253 400 359 132 297 69 54 288 419 120 0 86 195 293 465 302 113 484 103 176 243 96 452 112 276 215 66 136 315 428 81 417 214 87 473 157 
144 275 202 339 107 181 478 295 489 52 490 387 427 95 225 493 205 233 495 60 97 454 411 162 86 0 266 322 366 410 377 75 239 403 179 205 484 179 477 443 387 231 240 436 297 82 124 381 106 310 
414 388 297 201 63 367 296 495 275 134 102 162 111 103 150 113 299 243 246 345 175 445 256 358 195 266 0 311 152 469 142 401 337 146 473 421 74 492 84 113 151 263 63 229 263 492 387 111 243 464 
161 149 383 273 185 297 161 432 448 381 54 450 375 279 83 183 391 351 236 248 414 242 441 367 293 322 311 0 331 473 474 332 141 327 288 469 450 153 50 282 221 64 387 435 72 290 240 162 266 472 
499 179 457 264 497 105 354 270 447 150 137 378 304 468 382 254 98 367 494 232 257 345 174 211 465 366 152 331 0 483 345 255 444 398 72 75 304 461 325 466 242 67 127 300 90 70 104 333 406 283 
158 180 349 363 66 305 334 62 116 187 489 62 287 332 390 297 299 478 257 104 344 251 286 307 302 410 469 473 483 0 114 452 496 95 401 357 194 69 155 304 414 459 211 460 84 250 360 284 304 346 
327 304 347 457 152 210 473 163 494 242 229 180 230 448 173 62 93 176 67 70 384 121 120 341 113 377 142 474 345 114 0 152 243 394 423 482 378 254 87 167 297 390 71 130 248 293 244 450 53 145 
212 378 124 58 91 433 218 63 302 418 462 481 304 192 428 427 411 471 103 184 247 193 463 317 484 75 401 332 255 452 152 0 361 429 371 292 160 189 282 439 176 132 375 253 164 50 425 222 227 333 
417 330 434 426 371 366 350 140 168 475 102 355 278 451 490 412 117 216 221 251 170 364 213 437 103 239 337 141 444 496 243 361 0 429 230 114 335 129 341 140 231 216 401 93 153 255 263 110 162 314 
325 383 493 195 249 98 492 123 72 300 184 301 250 380 212 317 96 383 275 216 453 438 359 55 176 403 146 327 398 95 394 429 429 0 62 413 125 68 76 171 238 208 157 54 350 360 467 86 216 341 
142 330 384 190 321 213 420 121 347 220 77 227 138 345 480 227 326 402 179 263 467 391 146 369 243 179 473 288 72 401 423 371 230 62 0 429 78 142 361 55 351 219 336 382 288 272 175 253 390 117 
60 258 225 186 329 279 356 112 212 200 163 398 133 439 299 262 202 265 359 54 341 101 183 69 96 205 421 469 75 357 482 292 114 413 429 0 151 365 73 449 379 369 109 417 318 54 380 313 185 299 
149 191 491 419 109 398 81 457 481 471 255 450 379 227 308 383 274 116 65 293 162 427 420 337 452 484 74 450 304 194 378 160 335 125 78 151 0 87 241 356 429 313 210 420 453 84 111 195 401 135 
473 109 107 453 79 69 158 164 246 417 497 226 239 61 469 351 438 389 394 145 128 419 95 382 112 179 492 153 461 69 254 189 129 68 142 365 87 0 179 313 336 366 103 213 172 283 68 188 425 106 
457 480 490 129 232 215 318 244 183 168 388 278 269 240 356 394 492 238 212 377 229 71 338 456 276 477 84 50 325 155 87 282 341 76 361 73 241 179 0 126 490 388 301 96 187 311 84 270 126 462 
474 130 53 361 359 479 307 421 372 298 158 83 175 94 105 219 500 87 195 290 294 227 395 331 215 443 113 282 466 304 167 439 140 171 55 449 356 313 126 0 376 198 158 284 396 163 102 70 379 228 
228 110 441 468 442 485 279 160 240 72 62 236 72 239 338 353 160 280 416 392 245 426 59 390 66 387 151 221 242 414 297 176 231 238 351 379 429 336 490 376 0 185 74 294 374 377 58 493 96 495 
115 258 111 137 203 399 441 313 385 112 204 129 245 213 225 468 306 327 188 499 447 192 381 384 136 231 263 64 67 459 390 132 216 208 219 369 313 366 388 198 185 0 196 322 488 76 155 57 129 147 
91 484 380 462 209 103 267 242 241 472 188 139 353 72 225 83 285 447 307 450 92 145 165 250 315 240 63 387 127 211 71 375 401 157 336 109 210 103 301 158 74 196 0 470 258 274 125 489 470 434 
247 133 425 179 167 416 125 180 365 374 276 480 124 297 426 344 183 52 261 412 377 161 275 420 428 436 229 435 300 460 130 253 93 54 382 417 420 213 96 284 294 322 470 0 53 267 246 294 50 444 
368 118 151 418 459 153 385 370 237 496 144 156 179 286 91 114 85 50 194 289 93 406 377 460 81 297 263 72 90 84 248 164 153 350 288 318 453 172 187 396 374 488 258 53 0 54 467 350 365 286 
274 299 117 65 300 468 60 99 129 388 266 161 391 479 183 187 62 381 301 372 437 88 189 146 417 82 492 290 70 250 293 50 255 360 272 54 84 283 311 163 377 76 274 267 54 0 131 110 267 122 
163 404 66 251 411 145 187 205 284 490 121 73 482 361 300 438 154 300 192 220 71 404 254 60 214 124 387 240 104 360 244 425 263 467 175 380 111 68 84 102 58 155 125 246 467 131 0 288 383 53 
183 327 381 81 497 158 435 458 169 148 81 262 94 135 122 495 266 91 462 391 422 279 166 456 87 381 111 162 333 284 450 222 110 86 253 313 195 188 270 70 493 57 489 294 350 110 288 0 174 140 
115 152 456 213 73 235 85 235 272 416 52 141 455 286 90 176 102 127 379 366 479 273 342 255 473 106 243 266 406 304 53 227 162 216 390 185 401 425 126 379 96 129 470 50 365 267 383 174 0 150 
100 262 490 78 485 87 490 457 143 232 429 255 242 189 433 110 355 322 245 255 454 322 340 256 157 310 464 472 283 346 145 333 314 341 117 299 135 106 462 228 495 147 434 444 286 122 53 140 150 0 

957 0 20
957 1 30
957 2 31
957 3 29
957 4 25
957 5 33
957 6 42
957 7 25
957 8 10
957 9 46
957 10 32
957 11 46
957 12 42
957 13 15
957 14 2
957 15 17
957 16 12
957 17 5
957 18 10
957 19 47
957 20 26
957 21 44
957 22 5
957 23 11
957 24 9
957 25 24
957 26 7
957 27 8
957 28 3
957 29 12
957 30 31
957 31 23
957 32 47
957 33 19
957 34 3
957 35 24
957 36 8
957 37 1
957 38 0
957 39 23
957 40 4
957 41 38
957 42 20
957 43 46
957 44 4
957 45 22
957 46 19
957 47 22
957 48 32
957 49 35
