30 30 4 108

0.2 0 7
0.2 0 9
0.2 0 10
0.2 0 11
0.2 0 14
0.2 0 23
0.2 0 28
0.2 0 29
0.2 1 8
0.2 1 16
0.2 1 17
0.2 1 21
0.2 1 24
0.2 1 27
0.2 1 29
0.2 2 7
0.2 2 20
0.2 2 25
0.2 2 26
0.2 3 7
0.2 3 10
0.2 3 15
0.2 3 17
0.2 3 19
0.2 3 29
0.2 4 6
0.2 4 12
0.2 4 13
0.2 4 14
0.2 4 18
0.2 4 22
0.2 4 26
0.2 5 16
0.2 5 17
0.2 5 26
0.2 5 27
0.2 5 28
0.2 6 12
0.2 6 14
0.2 6 20
0.2 6 21
0.2 6 24
0.2 7 10
0.2 7 14
0.2 7 15
0.2 7 27
0.2 8 9
0.2 8 18
0.2 8 22
0.2 8 23
0.2 8 25
0.2 8 26
0.2 8 28
0.2 8 29
0.2 9 13
0.2 9 17
0.2 9 18
0.2 9 20
0.2 9 21
0.2 9 29
0.2 10 11
0.2 10 25
0.2 10 26
0.2 10 27
0.2 10 29
0.2 11 15
0.2 11 16
0.2 11 20
0.2 11 25
0.2 11 28
0.2 11 29
0.2 12 17
0.2 12 23
0.2 12 26
0.2 13 14
0.2 13 18
0.2 13 19
0.2 13 27
0.2 14 23
0.2 15 16
0.2 15 22
0.2 15 25
0.2 15 26
0.2 15 28
0.2 17 24
0.2 17 28
0.2 18 19
0.2 18 23
0.2 18 27
0.2 18 28
0.2 19 24
0.2 19 27
0.2 19 28
0.2 19 29
0.2 20 24
0.2 20 26
0.2 20 27
0.2 20 28
0.2 20 29
0.2 21 22
0.2 21 24
0.2 21 27
0.2 22 28
0.2 23 24
0.2 23 26
0.2 24 25
0.2 24 27
0.2 26 27

0 291 466 466 55 249 136 497 268 429 443 382 158 231 182 191 294 221 409 392 486 367 430 333 376 259 411 226 224 122 
291 0 148 364 272 414 488 81 193 442 348 384 89 476 386 215 176 362 350 116 495 329 205 151 93 102 116 329 377 255 
466 148 0 265 75 388 148 475 360 451 256 422 452 100 86 213 72 277 155 60 263 96 359 499 234 102 456 429 259 465 
466 364 265 0 470 157 124 464 265 210 90 382 108 479 111 319 386 247 249 437 406 342 428 475 195 454 173 351 208 296 
55 272 75 470 0 162 92 141 158 411 422 152 250 245 497 396 213 464 439 326 149 126 393 103 195 136 351 162 309 131 
249 414 388 157 162 0 267 227 458 199 298 114 363 469 96 188 341 171 120 376 327 162 50 457 231 383 291 95 294 431 
136 488 148 124 92 267 0 294 230 123 63 241 257 271 219 369 382 115 221 89 473 373 252 435 378 482 139 417 136 454 
497 81 475 464 141 227 294 0 473 55 419 123 79 440 293 131 259 94 319 115 318 478 212 287 170 463 159 324 159 390 
268 193 360 265 158 458 230 473 0 62 86 430 124 106 499 383 266 53 84 97 75 426 231 72 270 427 99 218 162 224 
429 442 451 210 411 199 123 55 62 0 245 405 269 155 277 93 381 366 421 148 401 342 104 120 479 215 92 474 181 296 
443 348 256 90 422 298 63 419 86 245 0 304 228 362 249 352 464 397 155 451 470 206 286 442 168 364 246 114 283 255 
382 384 422 382 152 114 241 123 430 405 304 0 422 438 117 323 250 82 114 268 471 167 59 137 245 328 432 307 437 337 
158 89 452 108 250 363 257 79 124 269 228 422 0 464 240 149 129 221 361 90 500 336 151 254 288 152 281 133 349 427 
231 476 100 479 245 469 271 440 106 155 362 438 464 0 278 457 80 109 219 359 292 419 334 334 331 448 415 163 256 488 
182 386 86 111 497 96 219 293 499 277 249 117 240 278 0 391 440 179 493 325 238 280 342 137 386 448 114 106 50 480 
191 215 213 319 396 188 369 131 383 93 352 323 149 457 391 0 114 465 429 402 436 436 470 213 74 373 202 329 363 483 
294 176 72 386 213 341 382 259 266 381 464 250 129 80 440 114 0 236 446 314 325 453 206 253 110 426 278 95 339 244 
221 362 277 247 464 171 115 94 53 366 397 82 221 109 179 465 236 0 239 470 320 252 320 318 212 322 392 93 371 236 
409 350 155 249 439 120 221 319 84 421 155 114 361 219 493 429 446 239 0 473 475 460 151 267 467 324 305 450 419 101 
392 116 60 437 326 376 89 115 97 148 451 268 90 359 325 402 314 470 473 0 146 478 498 489 197 420 226 159 374 82 
486 495 263 406 149 327 473 318 75 401 470 471 500 292 238 436 325 320 475 146 0 360 476 328 416 359 95 245 172 106 
367 329 96 342 126 162 373 478 426 342 206 167 336 419 280 436 453 252 460 478 360 0 269 124 56 416 384 227 462 470 
430 205 359 428 393 50 252 212 231 104 286 59 151 334 342 470 206 320 151 498 476 269 0 322 285 445 358 258 323 163 
333 151 499 475 103 457 435 287 72 120 442 137 254 334 137 213 253 318 267 489 328 124 322 0 335 419 367 256 488 228 
376 93 234 195 195 231 378 170 270 479 168 245 288 331 386 74 110 212 467 197 416 56 285 335 0 334 414 159 413 187 
259 102 102 454 136 383 482 463 427 215 364 328 152 448 448 373 426 322 324 420 359 416 445 419 334 0 278 303 257 436 
411 116 456 173 351 291 139 159 99 92 246 432 281 415 114 202 278 392 305 226 95 384 358 367 414 278 0 346 245 216 
226 329 429 351 162 95 417 324 218 474 114 307 133 163 106 329 95 93 450 159 245 227 258 256 159 303 346 0 169 306 
224 377 259 208 309 294 136 159 162 181 283 437 349 256 50 363 339 371 419 374 172 462 323 488 413 257 245 169 0 399 
122 255 465 296 131 431 454 390 224 296 255 337 427 488 480 483 244 236 101 82 106 470 163 228 187 436 216 306 399 0 

537.5 0 23
537.5 1 22
537.5 2 6
537.5 3 23
537.5 4 12
537.5 5 6
537.5 6 26
537.5 7 10
537.5 8 26
537.5 9 10
537.5 10 26
537.5 11 15
537.5 12 23
537.5 13 17
537.5 14 26
537.5 15 2
537.5 16 20
537.5 17 26
537.5 18 1
537.5 19 13
537.5 20 27
537.5 21 0
537.5 22 16
537.5 23 3
537.5 24 28
537.5 25 11
537.5 26 4
537.5 27 1
537.5 28 18
537.5 29 1
