10 10 4 11

0.2 0 4
0.2 0 5
0.2 1 6
0.2 1 9
0.2 4 5
0.2 4 7
0.2 4 8
0.2 5 6
0.2 6 7
0.2 6 9
0.2 7 8

0 460 51 242 228 318 413 232 340 360 
460 0 323 403 120 460 116 122 149 388 
51 323 0 116 220 225 171 149 58 330 
242 403 116 0 136 275 400 359 55 79 
228 120 220 136 0 192 242 245 357 474 
318 460 225 275 192 0 404 199 87 354 
413 116 171 400 242 404 0 437 454 490 
232 122 149 359 245 199 437 0 259 198 
340 149 58 55 357 87 454 259 0 336 
360 388 330 79 474 354 490 198 336 0 

206 0 6
206 1 4
206 2 3
206 3 4
206 4 2
206 5 6
206 6 5
206 7 4
206 8 2
206 9 4
