40 40 4 78

0.3 0 3
0.3 0 12
0.3 0 14
0.3 0 17
0.3 0 26
0.3 0 39
0.3 1 4
0.3 1 8
0.3 1 18
0.3 2 6
0.3 2 14
0.3 2 26
0.3 2 34
0.3 3 6
0.3 3 16
0.3 3 28
0.3 3 32
0.3 3 38
0.3 4 10
0.3 4 29
0.3 4 34
0.3 4 37
0.3 5 12
0.3 5 32
0.3 5 38
0.3 6 18
0.3 6 29
0.3 7 22
0.3 10 15
0.3 10 17
0.3 10 23
0.3 10 31
0.3 10 35
0.3 11 13
0.3 11 21
0.3 11 29
0.3 11 33
0.3 12 34
0.3 13 20
0.3 13 23
0.3 13 24
0.3 13 30
0.3 13 37
0.3 14 29
0.3 15 32
0.3 15 38
0.3 16 19
0.3 16 30
0.3 16 34
0.3 16 36
0.3 17 39
0.3 18 27
0.3 19 25
0.3 19 31
0.3 20 33
0.3 20 35
0.3 20 39
0.3 21 22
0.3 21 38
0.3 22 25
0.3 22 26
0.3 22 34
0.3 22 36
0.3 22 39
0.3 23 25
0.3 23 28
0.3 23 29
0.3 23 35
0.3 24 27
0.3 24 34
0.3 25 28
0.3 28 32
0.3 28 34
0.3 30 36
0.3 32 34
0.3 32 36
0.3 35 36
0.3 36 39

0 332 365 64 447 393 54 347 85 82 140 315 72 253 192 325 432 417 247 415 272 183 148 448 117 285 334 462 396 119 108 219 217 252 179 128 357 82 259 68 
332 0 223 459 375 125 280 198 372 291 430 214 120 472 139 107 174 374 371 364 457 234 439 107 62 327 335 469 341 249 384 362 69 99 311 122 369 421 74 356 
365 223 0 281 245 259 422 414 373 276 327 357 162 275 308 337 395 287 406 146 71 396 485 309 121 457 482 159 283 309 496 120 359 53 476 119 481 360 328 477 
64 459 281 0 464 223 455 377 123 484 61 414 54 480 69 459 70 375 368 57 399 205 462 364 381 486 105 376 352 221 307 214 381 146 356 331 264 363 359 472 
447 375 245 464 0 81 451 82 236 461 141 249 104 376 177 310 432 391 275 262 369 228 426 303 395 171 156 117 58 297 400 376 395 340 400 265 82 230 73 226 
393 125 259 223 81 0 186 89 95 168 277 436 122 212 179 308 170 302 222 267 357 307 235 477 434 173 310 199 458 298 216 226 291 227 149 326 436 393 67 138 
54 280 422 455 451 186 0 393 137 109 405 286 172 161 299 233 405 314 493 464 99 98 294 218 305 165 340 210 217 280 310 137 468 382 253 488 148 152 440 94 
347 198 414 377 82 89 393 0 402 219 438 78 163 193 455 497 317 143 340 155 438 334 386 107 290 445 433 98 140 61 404 185 286 173 193 201 410 118 466 112 
85 372 373 123 236 95 137 402 0 97 425 171 498 233 292 390 419 398 488 223 352 86 155 475 137 393 267 254 74 255 446 129 127 190 50 458 124 344 51 394 
82 291 276 484 461 168 109 219 97 0 318 88 219 325 303 151 359 415 177 314 123 422 438 72 362 443 81 72 366 447 322 82 257 87 451 455 103 394 303 447 
140 430 327 61 141 277 405 438 425 318 0 165 460 257 58 364 315 457 413 459 294 161 275 497 305 325 310 115 301 152 159 213 450 402 436 178 326 293 454 218 
315 214 357 414 249 436 286 78 171 88 165 0 184 147 120 290 429 394 129 72 184 308 339 459 451 494 390 300 330 487 149 445 71 492 182 170 82 240 164 394 
72 120 162 54 104 122 172 163 498 219 460 184 0 280 182 335 123 456 444 288 488 135 89 241 371 376 403 211 326 69 180 388 351 293 261 189 182 130 405 51 
253 472 275 480 376 212 161 193 233 325 257 147 280 0 378 188 386 144 363 205 364 183 430 178 489 336 461 332 79 159 145 343 499 426 271 456 245 442 367 187 
192 139 308 69 177 179 299 455 292 303 58 120 182 378 0 253 317 146 496 393 487 413 273 194 169 490 489 331 395 316 375 296 74 311 213 417 292 278 387 263 
325 107 337 459 310 308 233 497 390 151 364 290 335 188 253 0 451 143 74 400 251 210 346 485 429 219 346 227 125 345 289 262 113 336 235 459 225 364 306 111 
432 174 395 70 432 170 405 317 419 359 315 429 123 386 317 451 0 475 356 279 125 490 234 270 463 197 493 428 241 188 167 338 337 325 120 372 397 489 403 462 
417 374 287 375 391 302 314 143 398 415 457 394 456 144 146 143 475 0 126 167 254 218 106 299 191 295 482 233 226 210 219 169 193 268 90 212 481 162 399 194 
247 371 406 368 275 222 493 340 488 177 413 129 444 363 496 74 356 126 0 328 214 148 382 178 181 170 428 188 162 177 427 188 458 143 112 53 443 396 50 415 
415 364 146 57 262 267 464 155 223 314 459 72 288 205 393 400 279 167 328 0 438 98 363 495 421 68 328 417 418 379 327 265 308 377 417 93 332 206 104 61 
272 457 71 399 369 357 99 438 352 123 294 184 488 364 487 251 125 254 214 438 0 291 218 345 382 490 472 285 153 142 102 446 346 171 296 446 284 66 470 462 
183 234 396 205 228 307 98 334 86 422 161 308 135 183 413 210 490 218 148 98 291 0 396 217 65 496 147 387 102 496 62 447 404 140 95 238 97 195 162 376 
148 439 485 462 426 235 294 386 155 438 275 339 89 430 273 346 234 106 382 363 218 396 0 180 321 203 232 398 312 53 419 484 291 500 465 61 178 86 110 310 
448 107 309 364 303 477 218 107 475 72 497 459 241 178 194 485 270 299 178 495 345 217 180 0 122 208 473 213 276 452 98 120 172 276 76 436 325 62 118 264 
117 62 121 381 395 434 305 290 137 362 305 451 371 489 169 429 463 191 181 421 382 65 321 122 0 393 474 214 337 97 65 495 155 98 479 97 218 244 432 94 
285 327 457 486 171 173 165 445 393 443 325 494 376 336 490 219 197 295 170 68 490 496 203 208 393 0 457 369 198 71 370 255 252 74 469 399 198 202 147 340 
334 335 482 105 156 310 340 433 267 81 310 390 403 461 489 346 493 482 428 328 472 147 232 473 474 457 0 310 174 228 145 197 75 434 491 347 300 120 344 344 
462 469 159 376 117 199 210 98 254 72 115 300 211 332 331 227 428 233 188 417 285 387 398 213 214 369 310 0 500 385 293 347 452 297 359 91 173 162 318 122 
396 341 283 352 58 458 217 140 74 366 301 330 326 79 395 125 241 226 162 418 153 102 312 276 337 198 174 500 0 220 304 498 249 257 388 171 496 299 254 149 
119 249 309 221 297 298 280 61 255 447 152 487 69 159 316 345 188 210 177 379 142 496 53 452 97 71 228 385 220 0 236 451 477 174 205 313 343 393 299 404 
108 384 496 307 400 216 310 404 446 322 159 149 180 145 375 289 167 219 427 327 102 62 419 98 65 370 145 293 304 236 0 82 240 420 495 268 166 113 95 296 
219 362 120 214 376 226 137 185 129 82 213 445 388 343 296 262 338 169 188 265 446 447 484 120 495 255 197 347 498 451 82 0 416 459 66 249 352 87 219 167 
217 69 359 381 395 291 468 286 127 257 450 71 351 499 74 113 337 193 458 308 346 404 291 172 155 252 75 452 249 477 240 416 0 430 467 141 419 69 79 259 
252 99 53 146 340 227 382 173 190 87 402 492 293 426 311 336 325 268 143 377 171 140 500 276 98 74 434 297 257 174 420 459 430 0 471 93 147 179 130 480 
179 311 476 356 400 149 253 193 50 451 436 182 261 271 213 235 120 90 112 417 296 95 465 76 479 469 491 359 388 205 495 66 467 471 0 287 322 401 78 345 
128 122 119 331 265 326 488 201 458 455 178 170 189 456 417 459 372 212 53 93 446 238 61 436 97 399 347 91 171 313 268 249 141 93 287 0 451 456 103 191 
357 369 481 264 82 436 148 410 124 103 326 82 182 245 292 225 397 481 443 332 284 97 178 325 218 198 300 173 496 343 166 352 419 147 322 451 0 278 354 117 
82 421 360 363 230 393 152 118 344 394 293 240 130 442 278 364 489 162 396 206 66 195 86 62 244 202 120 162 299 393 113 87 69 179 401 456 278 0 468 390 
259 74 328 359 73 67 440 466 51 303 454 164 405 367 387 306 403 399 50 104 470 162 110 118 432 147 344 318 254 299 95 219 79 130 78 103 354 468 0 254 
68 356 477 472 226 138 94 112 394 447 218 394 51 187 263 111 462 194 415 61 462 376 310 264 94 340 344 122 149 404 296 167 259 480 345 191 117 390 254 0 

829.95 0 10
829.95 1 17
829.95 2 17
829.95 3 27
829.95 4 29
829.95 5 28
829.95 6 12
829.95 7 9
829.95 8 36
829.95 9 29
829.95 10 21
829.95 11 30
829.95 12 24
829.95 13 31
829.95 14 15
829.95 15 28
829.95 16 3
829.95 17 27
829.95 18 38
829.95 19 30
829.95 20 17
829.95 21 25
829.95 22 16
829.95 23 25
829.95 24 9
829.95 25 19
829.95 26 12
829.95 27 14
829.95 28 36
829.95 29 21
829.95 30 33
829.95 31 8
829.95 32 27
829.95 33 11
829.95 34 24
829.95 35 18
829.95 36 0
829.95 37 25
829.95 38 16
829.95 39 36
