10 10 4 9

0.3 0 4
0.3 1 7
0.3 1 9
0.3 3 6
0.3 5 7
0.3 5 9
0.3 6 7
0.3 6 8
0.3 7 9

0 481 435 327 95 378 176 232 157 340 
481 0 414 322 287 395 373 280 388 215 
435 414 0 361 61 351 77 227 360 344 
327 322 361 0 473 259 329 479 344 352 
95 287 61 473 0 488 187 170 322 395 
378 395 351 259 488 0 307 108 480 221 
176 373 77 329 187 307 0 456 170 453 
232 280 227 479 170 108 456 0 350 452 
157 388 360 344 322 480 170 350 0 186 
340 215 344 352 395 221 453 452 186 0 

438.24 0 2
438.24 1 0
438.24 2 1
438.24 3 0
438.24 4 6
438.24 5 2
438.24 6 1
438.24 7 2
438.24 8 3
438.24 9 5
