20 20 4 47

0.2 0 3
0.2 0 6
0.2 1 6
0.2 1 7
0.2 1 8
0.2 1 13
0.2 1 16
0.2 2 3
0.2 2 7
0.2 2 10
0.2 3 4
0.2 3 6
0.2 3 8
0.2 3 9
0.2 3 11
0.2 3 13
0.2 3 16
0.2 4 7
0.2 4 15
0.2 4 19
0.2 5 8
0.2 5 11
0.2 5 12
0.2 5 18
0.2 6 9
0.2 6 15
0.2 6 17
0.2 7 10
0.2 7 11
0.2 7 14
0.2 8 14
0.2 8 19
0.2 9 10
0.2 9 16
0.2 9 17
0.2 10 12
0.2 10 14
0.2 11 14
0.2 11 15
0.2 11 16
0.2 11 18
0.2 12 17
0.2 12 19
0.2 13 19
0.2 14 19
0.2 15 18
0.2 17 18

0 285 309 331 77 429 349 135 132 165 112 55 313 409 409 128 68 415 307 89 
285 0 484 432 397 367 316 209 244 187 369 146 406 261 482 235 60 120 64 116 
309 484 0 498 129 494 86 95 221 331 352 221 61 475 391 401 350 165 231 241 
331 432 498 0 183 364 59 373 123 451 149 246 350 76 288 468 500 383 394 92 
77 397 129 183 0 88 354 320 52 321 134 435 112 63 272 350 157 177 248 392 
429 367 494 364 88 0 241 374 411 466 412 171 88 401 265 368 137 239 66 76 
349 316 86 59 354 241 0 240 160 74 96 173 315 146 100 442 478 80 494 480 
135 209 95 373 320 374 240 0 434 70 427 57 136 361 384 376 128 52 72 164 
132 244 221 123 52 411 160 434 0 85 120 173 108 406 483 381 394 119 126 316 
165 187 331 451 321 466 74 70 85 0 348 291 351 449 157 98 117 129 251 93 
112 369 352 149 134 412 96 427 120 348 0 167 406 288 446 228 110 231 292 121 
55 146 221 246 435 171 173 57 173 291 167 0 183 358 70 448 50 66 207 330 
313 406 61 350 112 88 315 136 108 351 406 183 0 384 178 211 270 290 136 167 
409 261 475 76 63 401 146 361 406 449 288 358 384 0 289 177 130 358 56 134 
409 482 391 288 272 265 100 384 483 157 446 70 178 289 0 235 386 458 121 100 
128 235 401 468 350 368 442 376 381 98 228 448 211 177 235 0 265 308 413 104 
68 60 350 500 157 137 478 128 394 117 110 50 270 130 386 265 0 124 378 478 
415 120 165 383 177 239 80 52 119 129 231 66 290 358 458 308 124 0 210 55 
307 64 231 394 248 66 494 72 126 251 292 207 136 56 121 413 378 210 0 120 
89 116 241 92 392 76 480 164 316 93 121 330 167 134 100 104 478 55 120 0 

311 0 18
311 1 12
311 2 3
311 3 4
311 4 13
311 5 9
311 6 1
311 7 13
311 8 15
311 9 18
311 10 18
311 11 17
311 12 9
311 13 9
311 14 0
311 15 0
311 16 4
311 17 16
311 18 14
311 19 10
