10 10 4 4

0.3 3 8
0.3 4 8
0.3 5 6
0.3 5 8

0 179 61 486 421 119 217 63 235 310 
179 0 283 154 258 418 134 317 397 440 
61 283 0 290 277 257 245 294 80 233 
486 154 290 0 376 63 267 456 121 87 
421 258 277 376 0 68 144 64 408 315 
119 418 257 63 68 0 434 273 314 302 
217 134 245 267 144 434 0 344 313 211 
63 317 294 456 64 273 344 0 269 72 
235 397 80 121 408 314 313 269 0 71 
310 440 233 87 315 302 211 72 71 0 

244.2 0 7
244.2 1 4
244.2 2 6
244.2 3 6
244.2 4 0
244.2 5 4
244.2 6 2
244.2 7 6
244.2 8 1
244.2 9 1
