40 40 3 156

0.25 0 6
0.25 0 16
0.25 0 24
0.25 0 31
0.25 0 33
0.25 0 34
0.25 0 37
0.25 1 3
0.25 1 11
0.25 1 16
0.25 1 23
0.25 1 29
0.25 1 34
0.25 2 3
0.25 2 7
0.25 2 9
0.25 2 10
0.25 2 17
0.25 2 20
0.25 2 22
0.25 2 24
0.25 2 29
0.25 2 31
0.25 3 7
0.25 3 9
0.25 3 18
0.25 3 26
0.25 3 30
0.25 3 37
0.25 4 10
0.25 4 11
0.25 4 12
0.25 4 15
0.25 4 16
0.25 4 21
0.25 4 22
0.25 4 31
0.25 4 33
0.25 4 39
0.25 5 20
0.25 5 23
0.25 5 26
0.25 5 36
0.25 6 7
0.25 6 11
0.25 6 25
0.25 6 34
0.25 6 35
0.25 6 36
0.25 6 39
0.25 7 11
0.25 7 12
0.25 7 15
0.25 7 22
0.25 7 24
0.25 7 27
0.25 7 37
0.25 8 9
0.25 8 15
0.25 8 16
0.25 8 17
0.25 8 20
0.25 8 26
0.25 8 28
0.25 9 10
0.25 9 11
0.25 9 16
0.25 9 20
0.25 9 21
0.25 9 34
0.25 9 35
0.25 9 37
0.25 10 11
0.25 10 16
0.25 10 19
0.25 10 30
0.25 10 31
0.25 11 12
0.25 11 23
0.25 11 25
0.25 12 14
0.25 12 15
0.25 12 20
0.25 12 23
0.25 12 25
0.25 12 31
0.25 12 32
0.25 12 35
0.25 12 37
0.25 12 38
0.25 13 16
0.25 13 24
0.25 13 32
0.25 13 35
0.25 14 15
0.25 14 24
0.25 14 25
0.25 14 28
0.25 14 32
0.25 14 36
0.25 15 18
0.25 15 19
0.25 15 22
0.25 15 27
0.25 15 36
0.25 15 38
0.25 16 18
0.25 16 24
0.25 16 30
0.25 16 38
0.25 17 31
0.25 18 20
0.25 18 23
0.25 18 27
0.25 18 30
0.25 19 30
0.25 19 33
0.25 20 21
0.25 20 28
0.25 20 29
0.25 20 34
0.25 20 35
0.25 20 37
0.25 20 39
0.25 21 32
0.25 21 34
0.25 21 36
0.25 22 29
0.25 22 32
0.25 22 33
0.25 22 36
0.25 22 38
0.25 23 30
0.25 23 33
0.25 23 34
0.25 23 38
0.25 24 25
0.25 24 31
0.25 24 35
0.25 24 37
0.25 24 39
0.25 25 28
0.25 25 31
0.25 25 32
0.25 25 38
0.25 26 30
0.25 26 37
0.25 26 38
0.25 27 28
0.25 27 38
0.25 28 30
0.25 28 31
0.25 30 31
0.25 30 33
0.25 31 38
0.25 36 39

0 124 280 233 122 141 472 287 195 218 416 370 356 407 126 403 90 235 159 186 241 322 425 164 493 355 491 52 482 206 177 286 365 374 139 356 444 473 317 251 
124 0 342 245 350 464 136 208 181 280 195 404 131 308 419 64 303 474 458 180 385 343 429 84 97 238 449 278 441 289 491 458 379 314 75 212 122 460 382 465 
280 342 0 353 184 435 146 430 317 456 361 488 425 56 284 472 180 332 173 414 319 406 386 434 94 462 486 222 99 361 436 131 120 384 438 256 422 419 106 249 
233 245 353 0 96 266 367 158 269 108 269 76 67 90 119 397 216 338 321 209 345 51 261 53 260 250 436 461 245 188 172 429 293 88 437 192 425 123 461 385 
122 350 184 96 0 188 117 112 412 82 268 305 189 115 333 421 86 150 212 499 349 290 369 95 301 285 466 311 199 436 107 130 215 486 172 488 189 88 322 336 
141 464 435 266 188 0 89 301 158 96 428 375 213 268 222 279 456 318 138 237 263 419 381 91 168 470 316 212 327 166 330 395 221 347 418 50 58 73 233 180 
472 136 146 367 117 89 0 206 208 71 308 343 321 383 181 403 499 241 407 282 408 395 301 480 252 169 290 165 417 139 107 258 257 147 130 276 75 237 497 199 
287 208 430 158 112 301 206 0 156 224 55 280 417 302 414 217 465 317 330 218 380 360 252 204 241 277 204 296 159 134 223 187 108 481 119 275 331 327 399 253 
195 181 317 269 412 158 208 156 0 68 342 493 387 344 146 344 136 161 405 439 147 252 364 141 282 66 277 147 138 443 419 117 289 438 295 361 394 252 473 355 
218 280 456 108 82 96 71 224 68 0 237 207 339 493 198 377 168 324 398 360 444 450 59 404 286 213 490 130 336 55 192 384 140 241 134 137 128 438 477 248 
416 195 361 269 268 428 308 55 342 237 0 438 89 496 310 99 317 123 465 197 450 274 73 133 382 487 439 111 274 244 372 85 144 171 287 394 399 234 184 321 
370 404 488 76 305 375 343 280 493 207 438 0 288 370 65 352 284 220 237 230 320 443 206 478 493 317 246 143 140 287 181 440 435 54 361 192 164 177 372 200 
356 131 425 67 189 213 321 417 387 339 89 288 0 54 469 221 428 495 357 240 336 334 171 371 331 87 365 284 433 341 386 64 361 462 155 179 82 85 431 368 
407 308 56 90 115 268 383 302 344 493 496 370 54 0 226 299 333 372 325 307 336 92 74 208 423 238 422 94 355 224 159 421 271 116 169 347 473 371 315 97 
126 419 284 119 333 222 181 414 146 198 310 65 469 226 0 103 460 273 178 187 440 494 202 358 472 265 469 339 409 378 472 305 446 314 125 362 251 83 211 114 
403 64 472 397 421 279 403 217 344 377 99 352 221 299 103 0 361 292 86 120 495 390 89 172 242 75 284 429 283 481 109 242 310 176 91 63 201 274 225 109 
90 303 180 216 86 456 499 465 136 168 317 284 428 333 460 361 0 381 363 127 334 305 175 410 63 230 164 290 345 78 487 237 458 265 247 454 425 79 343 175 
235 474 332 338 150 318 241 317 161 324 123 220 495 372 273 292 381 0 223 349 177 401 61 428 131 353 492 203 453 286 208 498 443 230 220 123 392 193 117 427 
159 458 173 321 212 138 407 330 405 398 465 237 357 325 178 86 363 223 0 208 277 269 498 181 81 67 321 106 121 263 345 401 417 127 178 381 187 248 346 65 
186 180 414 209 499 237 282 218 439 360 197 230 240 307 187 120 127 349 208 0 258 159 124 189 247 268 109 258 481 130 479 288 452 145 157 413 407 180 414 63 
241 385 319 345 349 263 408 380 147 444 450 320 336 336 440 495 334 177 277 258 0 344 285 340 453 482 463 437 450 445 177 232 174 381 55 246 239 340 277 120 
322 343 406 51 290 419 395 360 252 450 274 443 334 92 494 390 305 401 269 159 344 0 441 302 239 245 102 221 482 90 181 284 200 204 367 191 209 295 207 345 
425 429 386 261 369 381 301 252 364 59 73 206 171 74 202 89 175 61 498 124 285 441 0 420 311 460 289 457 293 317 423 419 370 336 252 487 404 78 242 457 
164 84 434 53 95 91 480 204 141 404 133 478 371 208 358 172 410 428 181 189 340 302 420 0 124 251 315 464 207 394 218 361 241 239 173 482 474 200 372 324 
493 97 94 260 301 168 252 241 282 286 382 493 331 423 472 242 63 131 81 247 453 239 311 124 0 83 327 487 174 71 448 452 152 145 311 140 395 414 363 197 
355 238 462 250 285 470 169 277 66 213 487 317 87 238 265 75 230 353 67 268 482 245 460 251 83 0 56 419 220 109 73 366 442 411 368 316 197 365 249 488 
491 449 486 436 466 316 290 204 277 490 439 246 365 422 469 284 164 492 321 109 463 102 289 315 327 56 0 273 370 308 239 384 125 238 79 498 341 210 389 377 
52 278 222 461 311 212 165 296 147 130 111 143 284 94 339 429 290 203 106 258 437 221 457 464 487 419 273 0 138 196 56 191 500 165 243 285 191 362 193 217 
482 441 99 245 199 327 417 159 138 336 274 140 433 355 409 283 345 453 121 481 450 482 293 207 174 220 370 138 0 280 331 372 70 407 123 235 153 329 330 340 
206 289 361 188 436 166 139 134 443 55 244 287 341 224 378 481 78 286 263 130 445 90 317 394 71 109 308 196 280 0 141 214 289 432 65 87 169 144 444 369 
177 491 436 172 107 330 107 223 419 192 372 181 386 159 472 109 487 208 345 479 177 181 423 218 448 73 239 56 331 141 0 489 488 500 439 367 337 450 498 233 
286 458 131 429 130 395 258 187 117 384 85 440 64 421 305 242 237 498 401 288 232 284 419 361 452 366 384 191 372 214 489 0 385 280 420 297 304 301 353 297 
365 379 120 293 215 221 257 108 289 140 144 435 361 271 446 310 458 443 417 452 174 200 370 241 152 442 125 500 70 289 488 385 0 246 90 457 242 311 81 89 
374 314 384 88 486 347 147 481 438 241 171 54 462 116 314 176 265 230 127 145 381 204 336 239 145 411 238 165 407 432 500 280 246 0 132 122 258 124 103 189 
139 75 438 437 172 418 130 119 295 134 287 361 155 169 125 91 247 220 178 157 55 367 252 173 311 368 79 243 123 65 439 420 90 132 0 439 435 130 314 182 
356 212 256 192 488 50 276 275 361 137 394 192 179 347 362 63 454 123 381 413 246 191 487 482 140 316 498 285 235 87 367 297 457 122 439 0 137 105 353 375 
444 122 422 425 189 58 75 331 394 128 399 164 82 473 251 201 425 392 187 407 239 209 404 474 395 197 341 191 153 169 337 304 242 258 435 137 0 354 493 319 
473 460 419 123 88 73 237 327 252 438 234 177 85 371 83 274 79 193 248 180 340 295 78 200 414 365 210 362 329 144 450 301 311 124 130 105 354 0 66 87 
317 382 106 461 322 233 497 399 473 477 184 372 431 315 211 225 343 117 346 414 277 207 242 372 363 249 389 193 330 444 498 353 81 103 314 353 493 66 0 334 
251 465 249 385 336 180 199 253 355 248 321 200 368 97 114 109 175 427 65 63 120 345 457 324 197 488 377 217 340 369 233 297 89 189 182 375 319 87 334 0 

821.7 0 3
821.7 1 29
821.7 2 11
821.7 3 36
821.7 4 27
821.7 5 18
821.7 6 32
821.7 7 23
821.7 8 11
821.7 9 32
821.7 10 20
821.7 11 25
821.7 12 32
821.7 13 11
821.7 14 0
821.7 15 9
821.7 16 11
821.7 17 22
821.7 18 26
821.7 19 27
821.7 20 1
821.7 21 28
821.7 22 21
821.7 23 33
821.7 24 28
821.7 25 2
821.7 26 12
821.7 27 20
821.7 28 9
821.7 29 7
821.7 30 20
821.7 31 13
821.7 32 36
821.7 33 20
821.7 34 38
821.7 35 25
821.7 36 38
821.7 37 31
821.7 38 37
821.7 39 11
