10 10 3 4

0.4 0 7
0.4 1 2
0.4 3 7
0.4 5 7

0 438 340 290 253 330 383 366 462 107 
438 0 350 265 118 148 401 226 335 355 
340 350 0 188 271 292 354 162 363 421 
290 265 188 0 179 187 407 489 156 328 
253 118 271 179 0 494 113 431 174 241 
330 148 292 187 494 0 352 106 420 251 
383 401 354 407 113 352 0 359 152 182 
366 226 162 489 431 106 359 0 146 239 
462 335 363 156 174 420 152 146 0 388 
107 355 421 328 241 251 182 239 388 0 

619 0 1
619 1 5
619 2 8
619 3 4
619 4 3
619 5 1
619 6 8
619 7 8
619 8 4
619 9 1
