50 50 3 245

0.25 0 3
0.25 0 7
0.25 0 10
0.25 0 11
0.25 0 18
0.25 0 33
0.25 0 35
0.25 0 39
0.25 0 40
0.25 0 43
0.25 0 46
0.25 0 48
0.25 0 49
0.25 1 2
0.25 1 7
0.25 1 16
0.25 1 21
0.25 1 24
0.25 1 27
0.25 1 30
0.25 1 36
0.25 1 44
0.25 1 49
0.25 2 7
0.25 2 12
0.25 2 18
0.25 2 22
0.25 2 24
0.25 2 25
0.25 2 32
0.25 2 37
0.25 2 48
0.25 3 23
0.25 3 27
0.25 3 32
0.25 3 33
0.25 3 40
0.25 3 45
0.25 3 46
0.25 3 47
0.25 4 8
0.25 4 10
0.25 4 12
0.25 4 15
0.25 4 18
0.25 4 21
0.25 4 23
0.25 4 29
0.25 4 32
0.25 4 36
0.25 4 38
0.25 4 42
0.25 4 46
0.25 5 8
0.25 5 16
0.25 5 23
0.25 5 30
0.25 5 35
0.25 5 39
0.25 5 45
0.25 6 7
0.25 6 21
0.25 6 27
0.25 6 31
0.25 6 36
0.25 6 42
0.25 6 45
0.25 6 47
0.25 6 48
0.25 7 17
0.25 7 20
0.25 7 30
0.25 7 36
0.25 7 45
0.25 7 48
0.25 8 14
0.25 8 15
0.25 8 22
0.25 8 35
0.25 8 40
0.25 9 13
0.25 9 16
0.25 9 17
0.25 9 19
0.25 9 20
0.25 9 23
0.25 9 24
0.25 9 27
0.25 9 30
0.25 9 34
0.25 9 38
0.25 10 20
0.25 10 21
0.25 10 25
0.25 10 31
0.25 10 36
0.25 11 23
0.25 11 24
0.25 11 25
0.25 11 30
0.25 11 31
0.25 11 34
0.25 11 38
0.25 11 46
0.25 11 48
0.25 12 14
0.25 12 15
0.25 12 16
0.25 12 23
0.25 12 26
0.25 12 27
0.25 12 34
0.25 12 35
0.25 12 38
0.25 12 40
0.25 12 41
0.25 13 15
0.25 13 21
0.25 13 24
0.25 13 28
0.25 13 30
0.25 13 31
0.25 13 34
0.25 13 38
0.25 14 22
0.25 14 26
0.25 14 27
0.25 14 28
0.25 14 32
0.25 14 39
0.25 14 40
0.25 14 45
0.25 15 28
0.25 15 31
0.25 15 33
0.25 15 37
0.25 15 39
0.25 15 40
0.25 15 44
0.25 15 47
0.25 16 17
0.25 16 18
0.25 16 31
0.25 16 32
0.25 16 36
0.25 16 38
0.25 16 42
0.25 17 18
0.25 17 24
0.25 17 27
0.25 17 32
0.25 17 35
0.25 17 44
0.25 17 47
0.25 18 33
0.25 18 35
0.25 18 39
0.25 18 41
0.25 19 22
0.25 19 41
0.25 20 23
0.25 20 36
0.25 20 43
0.25 20 44
0.25 20 45
0.25 21 22
0.25 21 29
0.25 21 31
0.25 21 32
0.25 21 34
0.25 21 35
0.25 21 36
0.25 21 43
0.25 22 31
0.25 22 35
0.25 22 40
0.25 22 48
0.25 23 26
0.25 23 27
0.25 23 30
0.25 23 40
0.25 23 43
0.25 24 27
0.25 24 31
0.25 24 32
0.25 25 32
0.25 25 34
0.25 25 35
0.25 25 44
0.25 25 48
0.25 26 35
0.25 26 48
0.25 27 29
0.25 27 31
0.25 27 36
0.25 27 42
0.25 27 45
0.25 27 48
0.25 27 49
0.25 28 32
0.25 28 37
0.25 28 39
0.25 28 42
0.25 28 48
0.25 29 36
0.25 29 43
0.25 30 32
0.25 30 34
0.25 30 36
0.25 30 40
0.25 31 33
0.25 31 40
0.25 32 41
0.25 32 42
0.25 32 45
0.25 32 49
0.25 33 36
0.25 33 39
0.25 33 49
0.25 34 35
0.25 34 41
0.25 34 42
0.25 34 43
0.25 34 45
0.25 34 48
0.25 35 40
0.25 35 41
0.25 35 43
0.25 35 46
0.25 36 39
0.25 36 42
0.25 37 38
0.25 38 42
0.25 38 43
0.25 38 46
0.25 39 40
0.25 39 41
0.25 39 43
0.25 40 49
0.25 41 43
0.25 42 45
0.25 43 46
0.25 45 48
0.25 45 49
0.25 46 48

0 484 184 279 155 307 409 412 376 477 253 413 202 251 120 478 86 154 286 201 274 153 347 312 196 222 499 50 87 103 463 448 315 146 486 480 357 378 316 140 108 491 267 54 448 466 479 95 401 174 
484 0 259 356 497 188 95 276 364 206 336 125 86 348 440 157 387 180 53 428 237 349 475 81 282 71 53 51 345 224 279 134 416 293 423 204 416 467 145 251 328 54 497 182 287 368 253 223 405 109 
184 259 0 383 95 391 249 92 179 105 382 319 480 236 475 464 333 315 378 431 392 448 69 377 144 194 435 327 84 366 496 195 271 56 221 304 231 431 383 214 357 359 101 73 428 330 289 161 272 59 
279 356 383 0 174 305 380 337 115 72 208 130 465 144 420 499 476 360 488 311 490 276 365 71 379 233 234 50 484 347 394 199 464 453 164 397 485 179 448 184 54 258 173 87 215 364 450 262 87 167 
155 497 95 174 0 337 305 250 498 330 215 451 108 152 500 115 361 245 441 135 215 301 414 338 251 320 129 127 101 68 145 234 150 60 290 267 149 252 280 402 441 160 436 367 156 136 416 314 128 492 
307 188 391 305 337 0 391 472 388 119 186 389 309 69 298 67 252 332 486 361 352 254 422 328 117 418 404 325 85 400 98 497 268 179 404 407 135 313 263 444 359 278 82 197 222 321 114 177 132 149 
409 95 249 380 305 391 0 461 345 417 305 259 290 470 121 442 231 301 274 306 71 366 224 277 212 456 406 53 310 86 168 454 173 161 418 378 187 440 431 279 441 470 184 142 84 262 312 351 81 204 
412 276 92 337 250 472 461 0 109 220 126 66 475 206 85 209 158 404 207 118 496 129 421 266 404 466 151 61 102 120 251 353 453 232 357 178 200 296 294 156 441 328 89 325 314 388 487 363 222 168 
376 364 179 115 498 388 345 109 0 130 169 143 236 188 277 169 80 452 127 146 172 254 91 257 135 200 97 58 162 435 134 248 466 96 153 477 95 97 495 148 214 286 361 364 272 262 289 146 281 89 
477 206 105 72 330 119 417 220 130 0 348 353 370 94 292 217 266 224 59 436 478 396 151 123 451 100 345 340 342 103 445 294 418 116 275 405 79 426 354 390 423 462 296 179 466 403 238 212 327 168 
253 336 382 208 215 186 305 126 169 348 0 117 434 231 350 385 385 288 479 70 141 150 73 447 487 345 421 171 312 379 393 297 456 494 205 446 382 185 94 160 318 319 257 253 398 331 258 96 444 116 
413 125 319 130 451 389 259 66 143 353 117 0 71 475 85 326 78 484 254 173 303 234 391 483 157 401 222 171 381 304 394 140 312 358 364 101 310 173 200 240 435 473 272 335 496 94 422 421 152 289 
202 86 480 465 108 309 290 475 236 370 434 71 0 252 81 111 115 285 326 452 385 339 98 438 495 374 57 441 106 395 323 188 105 349 76 253 337 484 279 163 268 480 324 226 394 222 413 164 495 246 
251 348 236 144 152 69 470 206 188 94 231 475 252 0 324 429 177 424 124 306 68 248 56 116 314 263 143 426 151 190 403 120 75 53 318 393 78 308 145 296 399 407 318 360 404 449 144 252 436 439 
120 440 475 420 500 298 121 85 277 292 350 85 81 324 0 56 317 246 114 383 233 224 398 404 384 60 372 222 258 391 288 493 304 95 368 476 280 282 255 437 213 233 83 219 124 56 165 480 312 389 
478 157 464 499 115 67 442 209 169 217 385 326 111 429 56 0 145 77 456 329 402 53 58 161 467 216 314 117 227 451 464 426 237 407 142 58 390 424 449 294 54 481 479 61 114 469 381 361 464 471 
86 387 333 476 361 252 231 158 80 266 385 78 115 177 317 145 0 310 389 50 153 99 372 488 277 420 438 147 298 292 293 83 108 54 240 308 126 93 404 356 462 304 174 370 399 494 246 141 150 497 
154 180 315 360 245 332 301 404 452 224 288 484 285 424 246 77 310 0 424 324 301 245 233 446 458 497 479 229 183 148 446 492 295 116 425 196 351 450 298 276 302 153 349 295 269 265 80 291 133 282 
286 53 378 488 441 486 274 207 127 59 479 254 326 124 114 456 389 424 0 315 414 500 262 469 413 323 187 210 400 385 255 127 71 216 306 471 173 219 385 378 286 122 252 370 285 213 461 347 438 80 
201 428 431 311 135 361 306 118 146 436 70 173 452 306 383 329 50 324 315 0 428 222 474 60 260 414 407 225 366 89 147 288 102 351 209 346 402 101 274 64 492 162 217 452 191 325 384 187 336 430 
274 237 392 490 215 352 71 496 172 478 141 303 385 68 233 402 153 301 414 428 0 429 334 92 151 310 489 493 487 489 86 138 139 457 465 98 441 348 186 138 236 462 87 344 94 156 65 224 287 206 
153 349 448 276 301 254 366 129 254 396 150 234 339 248 224 53 99 245 500 222 429 0 203 274 235 413 109 354 335 491 294 163 184 470 255 121 79 220 247 131 68 411 222 432 235 121 139 153 226 313 
347 475 69 365 414 422 224 421 91 151 73 391 98 56 398 58 372 233 262 474 334 203 0 66 370 380 327 410 282 161 342 288 97 333 88 284 218 102 180 279 381 78 264 134 435 469 99 495 140 106 
312 81 377 71 338 328 277 266 257 123 447 483 438 116 404 161 488 446 469 60 92 274 66 0 470 294 241 387 211 475 76 187 483 243 403 119 296 337 110 287 54 110 341 66 444 427 263 388 87 408 
196 282 144 379 251 117 212 404 135 451 487 157 495 314 384 467 277 458 413 260 151 235 370 470 0 126 382 261 328 325 406 396 287 172 395 383 301 230 340 357 51 105 156 429 332 64 155 199 177 488 
222 71 194 233 320 418 456 466 200 100 345 401 374 263 60 216 420 497 323 414 310 413 380 294 126 0 240 398 343 394 73 400 203 232 438 407 399 164 378 382 191 449 385 56 320 426 478 296 441 336 
499 53 435 234 129 404 406 151 97 345 421 222 57 143 372 314 438 479 187 407 489 109 327 241 382 240 0 446 120 393 107 210 192 189 70 110 295 389 208 75 214 150 128 129 168 469 118 64 465 115 
50 51 327 50 127 325 53 61 58 340 171 171 441 426 222 117 147 229 210 225 493 354 410 387 261 398 446 0 421 359 55 454 240 193 312 356 51 155 156 79 386 315 60 465 256 387 452 165 241 148 
87 345 84 484 101 85 310 102 162 342 312 381 106 151 258 227 298 183 400 366 487 335 282 211 328 343 120 421 0 443 416 161 315 412 417 65 489 407 254 228 151 273 126 289 90 244 205 461 494 133 
103 224 366 347 68 400 86 120 435 103 379 304 395 190 391 451 292 148 385 89 489 491 161 475 325 394 393 359 443 0 417 332 230 211 492 230 304 218 58 75 359 337 152 438 95 262 109 493 371 481 
463 279 496 394 145 98 168 251 134 445 393 394 323 403 288 464 293 446 255 147 86 294 342 76 406 73 107 55 416 417 0 370 316 480 266 500 355 387 199 390 132 239 376 220 258 152 247 454 373 322 
448 134 195 199 234 497 454 353 248 294 297 140 188 120 493 426 83 492 127 288 138 163 288 187 396 400 210 454 161 332 370 0 336 264 158 251 346 491 276 319 417 264 343 293 488 209 390 263 150 464 
315 416 271 464 150 268 173 453 466 418 456 312 105 75 304 237 108 295 71 102 139 184 97 483 287 203 192 240 315 230 316 336 0 455 414 384 426 392 153 277 393 97 355 326 332 129 312 215 275 296 
146 293 56 453 60 179 161 232 96 116 494 358 349 53 95 407 54 116 216 351 457 470 333 243 172 232 189 193 412 211 480 264 455 0 194 303 86 317 81 104 195 304 427 244 185 188 487 321 352 331 
486 423 221 164 290 404 418 357 153 275 205 364 76 318 368 142 240 425 306 209 465 255 88 403 395 438 70 312 417 492 266 158 414 194 0 147 330 170 223 453 421 228 223 86 409 279 339 475 187 130 
480 204 304 397 267 407 378 178 477 405 446 101 253 393 476 58 308 196 471 346 98 121 284 119 383 407 110 356 65 230 500 251 384 303 147 0 74 350 140 385 89 414 291 193 194 423 227 479 354 287 
357 416 231 485 149 135 187 200 95 79 382 310 337 78 280 390 126 351 173 402 441 79 218 296 301 399 295 51 489 304 355 346 426 86 330 74 0 336 50 254 53 81 215 147 113 460 100 448 434 430 
378 467 431 179 252 313 440 296 97 426 185 173 484 308 282 424 93 450 219 101 348 220 102 337 230 164 389 155 407 218 387 491 392 317 170 350 336 0 154 439 118 404 357 179 444 247 358 82 218 285 
316 145 383 448 280 263 431 294 495 354 94 200 279 145 255 449 404 298 385 274 186 247 180 110 340 378 208 156 254 58 199 276 153 81 223 140 50 154 0 247 237 242 86 468 458 310 213 98 75 162 
140 251 214 184 402 444 279 156 148 390 160 240 163 296 437 294 356 276 378 64 138 131 279 287 357 382 75 79 228 75 390 319 277 104 453 385 254 439 247 0 424 74 283 218 92 221 95 300 421 225 
108 328 357 54 441 359 441 441 214 423 318 435 268 399 213 54 462 302 286 492 236 68 381 54 51 191 214 386 151 359 132 417 393 195 421 89 53 118 237 424 0 366 152 64 165 356 95 244 251 159 
491 54 359 258 160 278 470 328 286 462 319 473 480 407 233 481 304 153 122 162 462 411 78 110 105 449 150 315 273 337 239 264 97 304 228 414 81 404 242 74 366 0 500 428 111 140 421 351 225 228 
267 497 101 173 436 82 184 89 361 296 257 272 324 318 83 479 174 349 252 217 87 222 264 341 156 385 128 60 126 152 376 343 355 427 223 291 215 357 86 283 152 500 0 52 87 472 467 221 279 221 
54 182 73 87 367 197 142 325 364 179 253 335 226 360 219 61 370 295 370 452 344 432 134 66 429 56 129 465 289 438 220 293 326 244 86 193 147 179 468 218 64 428 52 0 266 284 215 114 452 355 
448 287 428 215 156 222 84 314 272 466 398 496 394 404 124 114 399 269 285 191 94 235 435 444 332 320 168 256 90 95 258 488 332 185 409 194 113 444 458 92 165 111 87 266 0 296 271 102 160 373 
466 368 330 364 136 321 262 388 262 403 331 94 222 449 56 469 494 265 213 325 156 121 469 427 64 426 469 387 244 262 152 209 129 188 279 423 460 247 310 221 356 140 472 284 296 0 131 407 91 316 
479 253 289 450 416 114 312 487 289 238 258 422 413 144 165 381 246 80 461 384 65 139 99 263 155 478 118 452 205 109 247 390 312 487 339 227 100 358 213 95 95 421 467 215 271 131 0 426 415 326 
95 223 161 262 314 177 351 363 146 212 96 421 164 252 480 361 141 291 347 187 224 153 495 388 199 296 64 165 461 493 454 263 215 321 475 479 448 82 98 300 244 351 221 114 102 407 426 0 468 370 
401 405 272 87 128 132 81 222 281 327 444 152 495 436 312 464 150 133 438 336 287 226 140 87 177 441 465 241 494 371 373 150 275 352 187 354 434 218 75 421 251 225 279 452 160 91 415 468 0 98 
174 109 59 167 492 149 204 168 89 168 116 289 246 439 389 471 497 282 80 430 206 313 106 408 488 336 115 148 133 481 322 464 296 331 130 287 430 285 162 225 159 228 221 355 373 316 326 370 98 0 

965.91 0 35
965.91 1 7
965.91 2 31
965.91 3 41
965.91 4 33
965.91 5 6
965.91 6 30
965.91 7 14
965.91 8 29
965.91 9 19
965.91 10 32
965.91 11 37
965.91 12 15
965.91 13 46
965.91 14 45
965.91 15 27
965.91 16 11
965.91 17 26
965.91 18 13
965.91 19 29
965.91 20 5
965.91 21 1
965.91 22 42
965.91 23 35
965.91 24 25
965.91 25 4
965.91 26 28
965.91 27 32
965.91 28 42
965.91 29 42
965.91 30 28
965.91 31 29
965.91 32 0
965.91 33 10
965.91 34 26
965.91 35 38
965.91 36 17
965.91 37 7
965.91 38 3
965.91 39 46
965.91 40 26
965.91 41 35
965.91 42 39
965.91 43 46
965.91 44 32
965.91 45 35
965.91 46 24
965.91 47 0
965.91 48 17
965.91 49 37
