20 20 3 19

0.2 0 13
0.2 0 19
0.2 1 17
0.2 3 8
0.2 3 12
0.2 4 11
0.2 4 15
0.2 5 12
0.2 5 18
0.2 6 12
0.2 6 19
0.2 10 11
0.2 10 16
0.2 10 18
0.2 11 19
0.2 13 16
0.2 14 17
0.2 16 17
0.2 16 19

0 125 462 371 391 314 436 110 313 352 229 438 120 290 66 120 459 201 156 498 
125 0 382 336 452 154 136 195 348 111 193 401 156 469 334 100 443 395 448 375 
462 382 0 286 382 218 266 289 478 59 281 444 52 188 301 196 317 353 123 296 
371 336 286 0 65 166 309 219 144 233 201 300 129 325 78 62 292 214 207 66 
391 452 382 65 0 185 304 259 309 333 453 213 95 92 138 97 450 442 328 181 
314 154 218 166 185 0 423 375 115 323 84 498 335 407 241 372 345 431 471 179 
436 136 266 309 304 423 0 362 221 337 124 484 158 260 148 200 380 120 113 130 
110 195 289 219 259 375 362 0 351 51 62 63 383 162 245 372 397 69 158 464 
313 348 478 144 309 115 221 351 0 195 436 62 92 345 243 170 200 100 317 378 
352 111 59 233 333 323 337 51 195 0 119 98 303 368 434 107 124 384 404 106 
229 193 281 201 453 84 124 62 436 119 0 234 318 312 290 338 140 114 436 59 
438 401 444 300 213 498 484 63 62 98 234 0 236 144 78 282 340 333 191 83 
120 156 52 129 95 335 158 383 92 303 318 236 0 287 298 158 121 492 248 230 
290 469 188 325 92 407 260 162 345 368 312 144 287 0 379 205 375 269 386 165 
66 334 301 78 138 241 148 245 243 434 290 78 298 379 0 301 138 340 98 482 
120 100 196 62 97 372 200 372 170 107 338 282 158 205 301 0 450 450 349 304 
459 443 317 292 450 345 380 397 200 124 140 340 121 375 138 450 0 418 445 79 
201 395 353 214 442 431 120 69 100 384 114 333 492 269 340 450 418 0 469 65 
156 448 123 207 328 471 113 158 317 404 436 191 248 386 98 349 445 469 0 274 
498 375 296 66 181 179 130 464 378 106 59 83 230 165 482 304 79 65 274 0 

344 0 12
344 1 17
344 2 1
344 3 7
344 4 0
344 5 2
344 6 11
344 7 12
344 8 4
344 9 3
344 10 8
344 11 16
344 12 2
344 13 5
344 14 9
344 15 16
344 16 17
344 17 18
344 18 16
344 19 1
