10 10 3 4

0.4 0 6
0.4 0 8
0.4 3 4
0.4 5 6

0 466 88 409 389 222 487 82 426 407 
466 0 465 295 105 227 349 334 338 150 
88 465 0 480 479 449 458 183 256 189 
409 295 480 0 408 188 387 407 147 385 
389 105 479 408 0 435 185 356 377 57 
222 227 449 188 435 0 492 139 427 361 
487 349 458 387 185 492 0 146 262 318 
82 334 183 407 356 139 146 0 378 213 
426 338 256 147 377 427 262 378 0 499 
407 150 189 385 57 361 318 213 499 0 

568.5 0 4
568.5 1 3
568.5 2 5
568.5 3 6
568.5 4 2
568.5 5 6
568.5 6 7
568.5 7 6
568.5 8 9
568.5 9 6
