10 10 4 11

0.4 0 3
0.4 0 8
0.4 1 2
0.4 1 4
0.4 1 9
0.4 3 4
0.4 3 6
0.4 4 7
0.4 4 9
0.4 5 8
0.4 5 9

0 319 92 119 389 102 314 116 98 125 
319 0 282 111 152 99 500 57 306 80 
92 282 0 265 320 274 310 146 373 268 
119 111 265 0 268 308 248 307 367 152 
389 152 320 268 0 385 291 242 104 299 
102 99 274 308 385 0 422 412 361 320 
314 500 310 248 291 422 0 102 436 201 
116 57 146 307 242 412 102 0 166 279 
98 306 373 367 104 361 436 166 0 335 
125 80 268 152 299 320 201 279 335 0 

422.5 0 5
422.5 1 4
422.5 2 7
422.5 3 7
422.5 4 5
422.5 5 6
422.5 6 1
422.5 7 1
422.5 8 1
422.5 9 6
