10 10 4 9

0.4 1 3
0.4 1 4
0.4 1 6
0.4 1 7
0.4 2 4
0.4 3 5
0.4 4 6
0.4 5 7
0.4 6 8

0 144 341 111 190 478 306 121 205 191 
144 0 203 132 375 185 354 488 364 257 
341 203 0 233 390 101 425 316 99 367 
111 132 233 0 473 266 489 59 300 80 
190 375 390 473 0 175 348 492 204 437 
478 185 101 266 175 0 340 93 252 100 
306 354 425 489 348 340 0 436 117 215 
121 488 316 59 492 93 436 0 493 488 
205 364 99 300 204 252 117 493 0 317 
191 257 367 80 437 100 215 488 317 0 

483.5 0 1
483.5 1 4
483.5 2 1
483.5 3 4
483.5 4 1
483.5 5 1
483.5 6 5
483.5 7 8
483.5 8 7
483.5 9 3
