10 10 3 9

0.25 0 4
0.25 0 5
0.25 0 6
0.25 0 7
0.25 2 4
0.25 2 8
0.25 4 8
0.25 6 9
0.25 7 9

0 463 493 441 383 244 488 154 344 61 
463 0 105 258 472 406 475 71 104 335 
493 105 0 345 492 473 56 344 405 239 
441 258 345 0 494 480 240 55 306 52 
383 472 492 494 0 93 127 74 303 84 
244 406 473 480 93 0 126 416 460 433 
488 475 56 240 127 126 0 179 246 408 
154 71 344 55 74 416 179 0 61 263 
344 104 405 306 303 460 246 61 0 412 
61 335 239 52 84 433 408 263 412 0 

207.24 0 4
207.24 1 3
207.24 2 6
207.24 3 4
207.24 4 8
207.24 5 1
207.24 6 7
207.24 7 8
207.24 8 5
207.24 9 8
