50 50 3 245

0.2 0 2
0.2 0 4
0.2 0 6
0.2 0 19
0.2 0 23
0.2 0 26
0.2 0 28
0.2 0 29
0.2 0 34
0.2 0 35
0.2 0 37
0.2 0 39
0.2 0 43
0.2 0 45
0.2 0 48
0.2 1 2
0.2 1 5
0.2 1 7
0.2 1 15
0.2 1 16
0.2 1 21
0.2 1 22
0.2 1 25
0.2 1 31
0.2 1 40
0.2 1 41
0.2 1 43
0.2 1 45
0.2 1 49
0.2 2 7
0.2 2 16
0.2 2 27
0.2 2 31
0.2 2 36
0.2 3 6
0.2 3 9
0.2 3 22
0.2 3 29
0.2 3 31
0.2 3 36
0.2 3 38
0.2 3 42
0.2 3 43
0.2 4 11
0.2 4 14
0.2 4 22
0.2 4 29
0.2 4 30
0.2 4 32
0.2 4 34
0.2 4 43
0.2 5 6
0.2 5 9
0.2 5 14
0.2 5 15
0.2 5 22
0.2 5 23
0.2 5 33
0.2 5 35
0.2 5 37
0.2 6 10
0.2 6 14
0.2 6 15
0.2 6 19
0.2 6 20
0.2 6 23
0.2 6 24
0.2 6 26
0.2 6 31
0.2 6 32
0.2 6 36
0.2 6 40
0.2 6 41
0.2 6 42
0.2 7 11
0.2 7 25
0.2 7 27
0.2 7 32
0.2 7 36
0.2 7 37
0.2 7 49
0.2 8 9
0.2 8 10
0.2 8 16
0.2 8 29
0.2 8 39
0.2 8 42
0.2 8 47
0.2 9 20
0.2 9 22
0.2 9 23
0.2 9 27
0.2 9 29
0.2 9 36
0.2 9 38
0.2 9 42
0.2 9 47
0.2 10 14
0.2 10 16
0.2 10 18
0.2 10 21
0.2 10 22
0.2 10 25
0.2 10 27
0.2 10 33
0.2 10 34
0.2 10 40
0.2 10 42
0.2 10 48
0.2 11 13
0.2 11 15
0.2 11 21
0.2 11 26
0.2 11 27
0.2 11 30
0.2 11 33
0.2 11 38
0.2 11 42
0.2 12 24
0.2 12 41
0.2 13 19
0.2 13 23
0.2 13 28
0.2 13 35
0.2 13 36
0.2 14 15
0.2 14 18
0.2 14 19
0.2 14 20
0.2 14 26
0.2 14 30
0.2 14 34
0.2 14 47
0.2 14 48
0.2 14 49
0.2 15 17
0.2 15 18
0.2 15 23
0.2 15 26
0.2 15 31
0.2 15 37
0.2 15 38
0.2 15 40
0.2 15 45
0.2 16 24
0.2 16 26
0.2 16 31
0.2 16 42
0.2 16 45
0.2 17 19
0.2 17 28
0.2 17 37
0.2 17 47
0.2 17 48
0.2 18 21
0.2 18 26
0.2 18 27
0.2 18 38
0.2 18 39
0.2 18 40
0.2 19 22
0.2 19 26
0.2 19 41
0.2 19 47
0.2 20 27
0.2 20 28
0.2 20 48
0.2 20 49
0.2 21 38
0.2 21 39
0.2 22 28
0.2 22 31
0.2 22 32
0.2 22 35
0.2 22 36
0.2 22 37
0.2 22 43
0.2 23 30
0.2 23 34
0.2 24 41
0.2 25 26
0.2 25 29
0.2 25 32
0.2 25 34
0.2 25 46
0.2 26 35
0.2 26 40
0.2 26 42
0.2 26 44
0.2 26 47
0.2 27 30
0.2 27 31
0.2 27 39
0.2 27 40
0.2 27 41
0.2 27 42
0.2 27 47
0.2 27 49
0.2 28 30
0.2 28 33
0.2 28 39
0.2 29 31
0.2 29 44
0.2 29 49
0.2 30 32
0.2 30 37
0.2 30 46
0.2 30 47
0.2 31 42
0.2 31 49
0.2 32 42
0.2 32 44
0.2 32 46
0.2 33 36
0.2 33 39
0.2 33 46
0.2 34 40
0.2 34 41
0.2 34 42
0.2 34 43
0.2 34 44
0.2 35 41
0.2 35 42
0.2 35 44
0.2 35 46
0.2 35 47
0.2 35 49
0.2 36 41
0.2 36 42
0.2 37 38
0.2 37 44
0.2 37 49
0.2 38 40
0.2 38 41
0.2 38 44
0.2 39 41
0.2 39 47
0.2 39 48
0.2 40 42
0.2 40 47
0.2 40 48
0.2 40 49
0.2 41 47
0.2 44 46
0.2 46 48

0 299 367 114 169 398 466 224 444 233 488 127 380 66 132 122 304 293 151 494 419 102 355 204 97 262 496 431 237 451 338 183 219 164 298 467 459 123 113 187 146 453 86 79 293 246 311 279 232 411 
299 0 200 50 397 382 100 398 241 144 63 269 429 122 282 101 306 154 213 322 61 187 108 109 216 377 195 420 72 181 92 77 443 236 478 161 272 160 335 214 352 231 403 51 164 62 443 187 206 308 
367 200 0 461 193 357 417 291 366 418 71 111 438 460 207 279 159 63 440 68 366 98 132 103 323 497 126 329 76 117 219 452 63 71 422 467 470 289 362 419 59 422 496 441 479 153 366 343 476 247 
114 50 461 0 184 451 464 220 449 376 404 402 53 82 198 105 86 104 164 240 327 485 286 211 174 285 459 179 236 187 225 108 485 65 387 493 286 289 291 293 142 192 500 142 410 110 226 283 246 61 
169 397 193 184 0 73 289 356 314 279 477 419 60 422 478 324 463 184 433 334 465 74 461 141 90 405 488 112 453 203 367 252 194 273 473 97 458 374 53 75 195 313 179 219 445 303 248 476 172 74 
398 382 357 451 73 0 484 265 65 315 310 302 216 367 500 107 307 120 157 189 54 441 169 448 397 455 188 80 447 144 112 318 87 139 180 494 72 142 85 102 230 291 93 169 107 50 145 213 405 234 
466 100 417 464 289 484 0 324 269 465 143 474 318 239 284 272 270 326 412 239 82 335 500 370 413 64 427 80 272 129 378 378 362 496 76 402 436 482 226 471 458 316 463 171 186 161 80 71 323 141 
224 398 291 220 356 265 324 0 314 342 408 368 475 62 162 357 218 491 278 92 446 108 258 316 488 453 120 188 338 362 217 129 481 51 229 328 106 451 434 194 315 238 242 343 234 402 368 184 193 422 
444 241 366 449 314 65 269 314 0 472 207 116 264 201 437 479 297 306 469 305 192 204 395 232 307 377 391 245 58 297 399 485 72 433 321 480 460 222 210 497 422 86 336 191 301 174 133 459 290 465 
233 144 418 376 279 315 465 342 472 0 140 246 289 214 288 138 139 171 202 204 391 118 62 224 473 93 211 274 58 107 239 276 344 257 203 103 57 227 431 323 487 307 491 150 387 78 175 409 344 396 
488 63 71 404 477 310 143 408 207 140 0 136 218 123 380 302 155 293 246 85 403 456 67 374 297 333 231 82 124 407 464 75 55 191 74 200 353 219 155 100 348 304 171 375 428 76 244 130 426 124 
127 269 111 402 419 302 474 368 116 246 136 0 277 309 359 247 84 259 189 432 385 329 288 314 468 418 346 172 404 61 212 204 433 177 486 392 243 468 155 290 438 499 490 445 123 400 308 451 351 200 
380 429 438 53 60 216 318 475 264 289 218 277 0 133 312 496 469 166 255 388 140 337 317 216 113 440 433 100 254 323 145 194 488 138 202 230 126 229 184 136 484 411 472 450 449 189 311 420 327 126 
66 122 460 82 422 367 239 62 201 214 123 309 133 0 110 467 464 466 482 393 224 321 258 91 244 246 390 424 104 481 475 377 382 459 373 366 374 431 472 221 376 257 61 213 376 70 214 420 171 157 
132 282 207 198 478 500 284 162 437 288 380 359 312 110 0 77 347 286 432 144 403 156 313 433 337 161 222 89 192 171 485 386 318 500 206 297 246 175 413 158 370 276 357 292 192 418 109 290 197 80 
122 101 279 105 324 107 272 357 479 138 302 247 496 467 77 0 78 421 359 327 87 301 465 216 135 453 232 281 132 76 333 179 166 142 421 77 62 254 444 414 174 341 462 411 355 351 73 124 87 256 
304 306 159 86 463 307 270 218 297 139 155 84 469 464 347 78 0 478 251 57 264 82 92 299 183 425 223 269 154 85 353 209 298 221 459 119 295 222 352 486 218 464 472 331 364 465 225 69 261 372 
293 154 63 104 184 120 326 491 306 171 293 259 166 466 286 421 478 0 486 284 91 188 127 84 267 409 139 472 115 314 267 238 55 268 199 71 52 238 200 79 89 357 323 372 291 416 107 279 92 400 
151 213 440 164 433 157 412 278 469 202 246 189 255 482 432 359 251 486 0 191 276 453 168 435 216 420 379 171 171 365 124 396 269 136 347 297 261 498 294 83 284 293 418 276 398 306 298 352 288 264 
494 322 68 240 334 189 239 92 305 204 85 432 388 393 144 327 57 284 191 0 63 224 368 72 447 244 175 197 386 396 166 490 287 286 498 437 452 160 314 66 116 321 72 83 345 280 339 308 82 247 
419 61 366 327 465 54 82 446 192 391 403 385 140 224 403 87 264 91 276 63 0 285 82 78 190 359 458 411 90 379 131 354 115 220 67 215 319 308 170 291 462 223 272 244 392 148 164 467 150 299 
102 187 98 485 74 441 335 108 204 118 456 329 337 321 156 301 82 188 453 224 285 0 448 252 257 463 331 100 350 486 470 478 246 88 270 307 85 310 162 78 398 448 82 251 174 170 289 223 60 171 
355 108 132 286 461 169 500 258 395 62 67 288 317 258 313 465 92 127 168 368 82 448 0 280 136 330 306 287 263 281 495 460 453 162 368 493 113 174 120 226 453 482 97 488 418 282 453 127 488 363 
204 109 103 211 141 448 370 316 232 224 374 314 216 91 433 216 299 84 435 72 78 252 280 0 356 248 122 289 238 420 117 104 170 423 194 207 294 81 315 191 71 391 143 322 419 389 89 71 374 249 
97 216 323 174 90 397 413 488 307 473 297 468 113 244 337 135 183 267 216 447 190 257 136 356 0 437 251 432 260 335 458 301 497 164 304 317 439 350 214 136 431 367 339 355 69 170 180 385 397 454 
262 377 497 285 405 455 64 453 377 93 333 418 440 246 161 453 425 409 420 244 359 463 330 248 437 0 500 451 69 250 170 173 125 420 350 324 363 256 414 219 50 491 348 242 161 225 240 71 73 328 
496 195 126 459 488 188 427 120 391 211 231 346 433 390 222 232 223 139 379 175 458 331 306 122 251 500 0 119 231 157 402 225 101 328 286 161 105 471 325 404 130 461 462 363 495 186 492 76 304 475 
431 420 329 179 112 80 80 188 245 274 82 172 100 424 89 281 269 472 171 197 411 100 287 289 432 451 119 0 499 94 414 202 405 483 60 476 64 369 55 192 246 467 411 407 312 263 305 355 203 408 
237 72 76 236 453 447 272 338 58 58 124 404 254 104 192 132 154 115 171 386 90 350 263 238 260 69 231 499 0 269 484 86 162 142 125 404 274 307 496 216 358 250 130 489 456 95 340 276 236 197 
451 181 117 187 203 144 129 362 297 107 407 61 323 481 171 76 85 314 365 396 379 486 281 420 335 250 157 94 269 0 203 415 222 257 455 93 90 438 209 407 160 344 366 393 445 56 133 246 475 495 
338 92 219 225 367 112 378 217 399 239 464 212 145 475 485 333 353 267 124 166 131 470 495 117 458 170 402 414 484 203 0 111 223 69 209 312 376 102 194 180 204 243 253 336 499 61 205 347 83 329 
183 77 452 108 252 318 378 129 485 276 75 204 194 377 386 179 209 238 396 490 354 478 460 104 301 173 225 202 86 415 111 0 87 463 373 370 232 136 108 354 454 409 373 274 455 291 150 261 174 314 
219 443 63 485 194 87 362 481 72 344 55 433 488 382 318 166 298 55 269 287 115 246 453 170 497 125 101 405 162 222 223 87 0 443 433 205 69 304 494 327 218 75 269 151 108 275 283 383 180 59 
164 236 71 65 273 139 496 51 433 257 191 177 138 459 500 142 221 268 136 286 220 88 162 423 164 420 328 483 142 257 69 463 443 0 130 279 101 341 262 98 213 371 455 277 477 164 70 189 265 75 
298 478 422 387 473 180 76 229 321 203 74 486 202 373 206 421 459 199 347 498 67 270 368 194 304 350 286 60 125 455 209 373 433 130 0 362 468 376 105 353 303 100 372 367 365 107 82 495 370 325 
467 161 467 493 97 494 402 328 480 103 200 392 230 366 297 77 119 71 297 437 215 307 493 207 317 324 161 476 404 93 312 370 205 279 362 0 477 178 498 108 363 94 154 76 52 284 481 115 302 83 
459 272 470 286 458 72 436 106 460 57 353 243 126 374 246 62 295 52 261 452 319 85 113 294 439 363 105 64 274 90 376 232 69 101 468 477 0 433 53 150 149 162 498 396 83 164 372 108 169 467 
123 160 289 289 374 142 482 451 222 227 219 468 229 431 175 254 222 238 498 160 308 310 174 81 350 256 471 369 307 438 102 136 304 341 376 178 433 0 282 79 260 122 90 244 50 218 319 272 193 173 
113 335 362 291 53 85 226 434 210 431 155 155 184 472 413 444 352 200 294 314 170 162 120 315 214 414 325 55 496 209 194 108 494 262 105 498 53 282 0 459 384 282 102 370 236 392 105 456 201 211 
187 214 419 293 75 102 471 194 497 323 100 290 136 221 158 414 486 79 83 66 291 78 226 191 136 219 404 192 216 407 180 354 327 98 353 108 150 79 459 0 277 198 90 86 91 288 456 67 165 187 
146 352 59 142 195 230 458 315 422 487 348 438 484 376 370 174 218 89 284 116 462 398 453 71 431 50 130 246 358 160 204 454 218 213 303 363 149 260 384 277 0 135 80 344 143 246 445 180 243 68 
453 231 422 192 313 291 316 238 86 307 304 499 411 257 276 341 464 357 293 321 223 448 482 391 367 491 461 467 250 344 243 409 75 371 100 94 162 122 282 198 135 0 223 244 371 418 299 86 333 285 
86 403 496 500 179 93 463 242 336 491 171 490 472 61 357 462 472 323 418 72 272 82 97 143 339 348 462 411 130 366 253 373 269 455 372 154 498 90 102 90 80 223 0 481 371 394 470 224 466 93 
79 51 441 142 219 169 171 343 191 150 375 445 450 213 292 411 331 372 276 83 244 251 488 322 355 242 363 407 489 393 336 274 151 277 367 76 396 244 370 86 344 244 481 0 91 142 255 99 276 144 
293 164 479 410 445 107 186 234 301 387 428 123 449 376 192 355 364 291 398 345 392 174 418 419 69 161 495 312 456 445 499 455 108 477 365 52 83 50 236 91 143 371 371 91 0 194 463 456 455 148 
246 62 153 110 303 50 161 402 174 78 76 400 189 70 418 351 465 416 306 280 148 170 282 389 170 225 186 263 95 56 61 291 275 164 107 284 164 218 392 288 246 418 394 142 194 0 286 220 162 123 
311 443 366 226 248 145 80 368 133 175 244 308 311 214 109 73 225 107 298 339 164 289 453 89 180 240 492 305 340 133 205 150 283 70 82 481 372 319 105 456 445 299 470 255 463 286 0 174 70 106 
279 187 343 283 476 213 71 184 459 409 130 451 420 420 290 124 69 279 352 308 467 223 127 71 385 71 76 355 276 246 347 261 383 189 495 115 108 272 456 67 180 86 224 99 456 220 174 0 215 226 
232 206 476 246 172 405 323 193 290 344 426 351 327 171 197 87 261 92 288 82 150 60 488 374 397 73 304 203 236 475 83 174 180 265 370 302 169 193 201 165 243 333 466 276 455 162 70 215 0 473 
411 308 247 61 74 234 141 422 465 396 124 200 126 157 80 256 372 400 264 247 299 171 363 249 454 328 475 408 197 495 329 314 59 75 325 83 467 173 211 187 68 285 93 144 148 123 106 226 473 0 

747.25 0 7
747.25 1 34
747.25 2 45
747.25 3 44
747.25 4 43
747.25 5 28
747.25 6 33
747.25 7 36
747.25 8 2
747.25 9 7
747.25 10 24
747.25 11 31
747.25 12 42
747.25 13 40
747.25 14 18
747.25 15 42
747.25 16 45
747.25 17 13
747.25 18 10
747.25 19 23
747.25 20 19
747.25 21 27
747.25 22 6
747.25 23 8
747.25 24 39
747.25 25 24
747.25 26 27
747.25 27 9
747.25 28 13
747.25 29 9
747.25 30 36
747.25 31 25
747.25 32 43
747.25 33 32
747.25 34 25
747.25 35 37
747.25 36 11
747.25 37 10
747.25 38 30
747.25 39 19
747.25 40 17
747.25 41 5
747.25 42 1
747.25 43 15
747.25 44 45
747.25 45 19
747.25 46 8
747.25 47 42
747.25 48 37
747.25 49 23

