30 30 3 108

0.25 0 3
0.25 0 8
0.25 0 15
0.25 0 17
0.25 0 26
0.25 1 4
0.25 1 7
0.25 1 8
0.25 1 14
0.25 1 18
0.25 1 20
0.25 1 26
0.25 1 27
0.25 2 6
0.25 2 15
0.25 2 21
0.25 3 10
0.25 3 11
0.25 3 22
0.25 3 25
0.25 3 26
0.25 3 27
0.25 4 9
0.25 4 11
0.25 4 13
0.25 4 17
0.25 4 19
0.25 4 21
0.25 4 24
0.25 4 28
0.25 4 29
0.25 5 7
0.25 5 8
0.25 5 11
0.25 5 18
0.25 5 20
0.25 5 23
0.25 5 24
0.25 5 26
0.25 6 19
0.25 6 22
0.25 6 24
0.25 7 8
0.25 7 9
0.25 7 17
0.25 7 18
0.25 7 26
0.25 8 12
0.25 8 16
0.25 8 29
0.25 9 16
0.25 9 22
0.25 9 23
0.25 9 25
0.25 9 26
0.25 9 27
0.25 9 28
0.25 10 20
0.25 10 21
0.25 11 21
0.25 11 22
0.25 11 23
0.25 11 27
0.25 12 14
0.25 12 15
0.25 12 18
0.25 12 22
0.25 12 25
0.25 12 27
0.25 13 16
0.25 13 17
0.25 13 26
0.25 14 18
0.25 14 25
0.25 14 26
0.25 15 18
0.25 15 20
0.25 15 22
0.25 15 24
0.25 15 27
0.25 15 28
0.25 16 18
0.25 16 20
0.25 16 22
0.25 16 23
0.25 16 28
0.25 17 18
0.25 17 28
0.25 18 19
0.25 18 22
0.25 18 23
0.25 18 26
0.25 18 27
0.25 20 22
0.25 20 23
0.25 20 26
0.25 20 27
0.25 21 22
0.25 21 24
0.25 21 25
0.25 21 29
0.25 22 24
0.25 25 28
0.25 26 27
0.25 26 28
0.25 26 29
0.25 27 28
0.25 27 29

0 81 97 415 435 231 199 417 433 449 458 289 189 137 416 313 135 369 330 263 192 470 482 218 218 212 68 231 445 125 
81 0 284 448 268 461 123 277 425 275 208 459 274 371 321 105 482 265 112 422 314 176 383 420 493 432 215 264 53 455 
97 284 0 338 59 421 187 381 170 394 216 410 383 382 204 352 162 70 144 250 300 495 278 488 499 401 388 480 145 112 
415 448 338 0 157 312 123 385 220 214 145 132 290 139 185 207 406 75 334 364 123 296 303 299 333 171 221 84 117 276 
435 268 59 157 0 127 129 474 473 382 488 147 438 271 146 399 392 164 321 71 305 384 427 266 340 182 479 417 234 214 
231 461 421 312 127 0 99 423 160 125 52 91 471 285 67 223 54 243 260 306 338 484 373 186 147 72 466 254 115 207 
199 123 187 123 129 99 0 137 134 174 401 252 121 368 81 88 52 113 369 284 457 391 145 344 244 83 383 249 303 99 
417 277 381 385 474 423 137 0 176 59 404 317 112 259 370 488 410 151 399 493 465 235 275 62 342 107 166 304 475 398 
433 425 170 220 473 160 134 176 0 143 279 63 480 280 156 200 85 149 483 170 450 63 251 146 315 272 122 426 482 480 
449 275 394 214 382 125 174 59 143 0 488 119 214 83 321 79 128 349 224 298 105 306 186 81 370 289 54 435 56 352 
458 208 216 145 488 52 401 404 279 488 0 157 276 375 308 112 272 213 285 454 437 52 244 151 86 390 299 269 431 372 
289 459 410 132 147 91 252 317 63 119 157 0 187 363 127 165 356 265 87 327 137 206 134 130 320 111 144 308 492 461 
189 274 383 290 438 471 121 112 480 214 276 187 0 180 392 66 386 365 384 50 74 119 387 335 136 386 294 307 432 359 
137 371 382 139 271 285 368 259 280 83 375 363 180 0 126 145 349 64 453 490 115 303 246 284 429 340 112 341 121 58 
416 321 204 185 146 67 81 370 156 321 308 127 392 126 0 491 454 462 406 389 337 486 468 454 163 159 366 68 260 209 
313 105 352 207 399 223 88 488 200 79 112 165 66 145 491 0 462 450 149 352 389 375 127 186 355 407 82 105 447 497 
135 482 162 406 392 54 52 410 85 128 272 356 386 349 454 462 0 253 473 324 343 347 136 59 74 210 452 435 378 129 
369 265 70 75 164 243 113 151 149 349 213 265 365 64 462 450 253 0 431 416 142 442 409 411 194 402 183 69 307 419 
330 112 144 334 321 260 369 399 483 224 285 87 384 453 406 149 473 431 0 111 379 95 140 79 212 226 174 167 221 199 
263 422 250 364 71 306 284 493 170 298 454 327 50 490 389 352 324 416 111 0 335 296 392 460 154 52 499 57 434 458 
192 314 300 123 305 338 457 465 450 105 437 137 74 115 337 389 343 142 379 335 0 254 411 251 235 330 500 101 242 226 
470 176 495 296 384 484 391 235 63 306 52 206 119 303 486 375 347 442 95 296 254 0 52 416 447 95 287 326 240 371 
482 383 278 303 427 373 145 275 251 186 244 134 387 246 468 127 136 409 140 392 411 52 0 413 314 357 415 397 307 147 
218 420 488 299 266 186 344 62 146 81 151 130 335 284 454 186 59 411 79 460 251 416 413 0 372 354 401 433 456 174 
218 493 499 333 340 147 244 342 315 370 86 320 136 429 163 355 74 194 212 154 235 447 314 372 0 446 219 80 499 110 
212 432 401 171 182 72 83 107 272 289 390 111 386 340 159 407 210 402 226 52 330 95 357 354 446 0 417 396 339 160 
68 215 388 221 479 466 383 166 122 54 299 144 294 112 366 82 452 183 174 499 500 287 415 401 219 417 0 426 108 336 
231 264 480 84 417 254 249 304 426 435 269 308 307 341 68 105 435 69 167 57 101 326 397 433 80 396 426 0 431 108 
445 53 145 117 234 115 303 475 482 56 431 492 432 121 260 447 378 307 221 434 242 240 307 456 499 339 108 431 0 450 
125 455 112 276 214 207 99 398 480 352 372 461 359 58 209 497 129 419 199 458 226 371 147 174 110 160 336 108 450 0 

587.73 0 3
587.73 1 27
587.73 2 28
587.73 3 7
587.73 4 10
587.73 5 24
587.73 6 9
587.73 7 20
587.73 8 4
587.73 9 1
587.73 10 17
587.73 11 4
587.73 12 6
587.73 13 10
587.73 14 2
587.73 15 24
587.73 16 3
587.73 17 27
587.73 18 19
587.73 19 0
587.73 20 18
587.73 21 14
587.73 22 4
587.73 23 14
587.73 24 5
587.73 25 9
587.73 26 25
587.73 27 13
587.73 28 29
587.73 29 7
