40 40 3 195

0.25 0 5
0.25 0 16
0.25 0 18
0.25 0 20
0.25 0 22
0.25 0 23
0.25 0 25
0.25 0 26
0.25 0 28
0.25 0 29
0.25 1 6
0.25 1 8
0.25 1 12
0.25 1 15
0.25 1 17
0.25 1 18
0.25 1 20
0.25 1 22
0.25 1 32
0.25 1 35
0.25 1 37
0.25 1 39
0.25 2 5
0.25 2 9
0.25 2 10
0.25 2 15
0.25 2 18
0.25 2 21
0.25 2 25
0.25 2 27
0.25 2 31
0.25 2 39
0.25 3 9
0.25 3 12
0.25 3 14
0.25 3 15
0.25 3 18
0.25 3 21
0.25 3 28
0.25 3 31
0.25 3 34
0.25 3 35
0.25 3 37
0.25 4 5
0.25 4 12
0.25 4 14
0.25 4 18
0.25 4 26
0.25 4 32
0.25 4 36
0.25 4 37
0.25 5 14
0.25 5 22
0.25 5 24
0.25 5 31
0.25 5 35
0.25 5 36
0.25 5 37
0.25 6 7
0.25 6 9
0.25 6 20
0.25 6 23
0.25 6 25
0.25 6 26
0.25 6 30
0.25 6 33
0.25 6 35
0.25 6 36
0.25 6 38
0.25 7 17
0.25 7 23
0.25 7 26
0.25 7 32
0.25 7 33
0.25 7 36
0.25 7 37
0.25 8 16
0.25 8 21
0.25 8 23
0.25 8 24
0.25 8 25
0.25 8 33
0.25 8 35
0.25 8 38
0.25 8 39
0.25 9 13
0.25 9 16
0.25 9 24
0.25 10 17
0.25 10 19
0.25 10 22
0.25 10 25
0.25 10 31
0.25 10 35
0.25 11 12
0.25 11 13
0.25 11 22
0.25 11 25
0.25 11 28
0.25 11 29
0.25 11 30
0.25 11 31
0.25 11 37
0.25 11 39
0.25 12 16
0.25 12 18
0.25 12 23
0.25 12 25
0.25 12 26
0.25 12 31
0.25 13 15
0.25 13 17
0.25 13 18
0.25 13 24
0.25 13 28
0.25 13 29
0.25 13 33
0.25 13 34
0.25 14 18
0.25 14 20
0.25 14 32
0.25 14 35
0.25 14 37
0.25 14 39
0.25 15 18
0.25 15 20
0.25 15 31
0.25 15 39
0.25 16 18
0.25 16 21
0.25 16 29
0.25 16 37
0.25 17 23
0.25 17 28
0.25 17 29
0.25 17 33
0.25 17 34
0.25 18 20
0.25 18 32
0.25 18 35
0.25 18 38
0.25 19 24
0.25 19 25
0.25 19 28
0.25 19 29
0.25 19 32
0.25 19 34
0.25 19 38
0.25 20 21
0.25 20 33
0.25 20 36
0.25 21 23
0.25 21 26
0.25 21 30
0.25 21 31
0.25 22 25
0.25 22 29
0.25 22 32
0.25 22 35
0.25 23 25
0.25 23 27
0.25 23 28
0.25 23 30
0.25 23 33
0.25 23 35
0.25 23 37
0.25 24 28
0.25 24 30
0.25 25 26
0.25 25 30
0.25 25 37
0.25 26 28
0.25 26 39
0.25 27 31
0.25 27 35
0.25 27 37
0.25 28 39
0.25 29 32
0.25 29 37
0.25 30 38
0.25 31 34
0.25 31 36
0.25 31 38
0.25 32 34
0.25 32 38
0.25 32 39
0.25 33 34
0.25 33 36
0.25 33 37
0.25 33 38
0.25 35 38
0.25 35 39
0.25 36 38
0.25 37 38
0.25 38 39

0 61 482 464 498 480 111 96 250 123 274 464 365 217 80 229 132 245 375 456 364 113 109 313 236 442 290 115 125 393 318 441 425 434 406 236 320 259 209 415 
61 0 357 156 199 184 376 221 62 186 134 192 488 127 359 482 185 473 174 282 352 466 54 323 77 494 252 473 86 306 442 264 131 201 242 108 267 336 464 56 
482 357 0 421 281 479 132 260 383 262 407 89 391 72 68 323 63 482 451 379 257 54 198 498 256 459 79 312 213 305 223 108 191 415 461 55 84 225 341 125 
464 156 421 0 203 134 432 195 469 354 112 173 333 354 88 236 197 431 183 297 478 184 221 475 289 454 403 56 99 224 124 370 294 108 50 361 321 83 296 285 
498 199 281 203 0 286 317 336 494 95 65 393 342 423 273 405 203 378 301 154 355 347 237 149 265 61 98 233 359 343 453 338 175 108 104 270 387 162 248 154 
480 184 479 134 286 0 76 485 447 241 430 308 437 97 273 400 101 138 133 287 114 430 110 333 419 454 144 308 186 225 153 267 408 389 284 172 129 68 200 461 
111 376 132 432 317 76 0 454 188 488 138 262 280 210 159 259 421 396 99 471 132 134 437 166 348 295 100 259 117 480 173 474 267 156 419 131 291 216 209 403 
96 221 260 195 336 485 454 0 357 73 319 361 85 477 261 465 182 342 395 483 274 179 170 55 265 247 299 262 121 408 177 217 342 324 456 51 220 74 134 432 
250 62 383 469 494 447 188 357 0 81 150 58 216 267 371 78 417 166 135 388 166 450 199 121 232 481 102 417 125 361 133 395 58 418 167 170 118 68 114 400 
123 186 262 354 95 241 488 73 81 0 348 415 311 353 442 62 388 409 164 377 454 92 392 225 170 51 53 63 376 97 80 106 79 401 271 95 119 136 214 461 
274 134 407 112 65 430 138 319 150 348 0 255 65 272 309 175 52 223 53 100 174 300 233 266 469 242 310 113 330 479 244 247 295 384 75 470 137 284 370 188 
464 192 89 173 393 308 262 361 58 415 255 0 301 146 307 55 358 378 151 120 148 313 371 476 206 245 56 467 93 436 387 345 354 146 291 126 183 360 391 500 
365 488 391 333 342 437 280 85 216 311 65 301 0 452 221 280 403 395 399 175 409 150 396 152 477 420 54 312 292 423 265 443 472 364 258 282 206 414 179 384 
217 127 72 354 423 97 210 477 267 353 272 146 452 0 100 234 65 407 212 425 406 263 123 453 57 90 57 165 100 65 386 462 463 418 262 329 500 180 168 342 
80 359 68 88 273 273 159 261 371 442 309 307 221 100 0 277 285 362 102 451 233 497 218 85 79 217 487 226 156 235 309 231 84 488 457 418 421 208 328 52 
229 482 323 236 405 400 259 465 78 62 175 55 280 234 277 0 209 477 372 332 413 212 81 296 238 358 262 329 259 421 280 458 185 481 237 359 260 299 439 266 
132 185 63 197 203 101 421 182 417 388 52 358 403 65 285 209 0 91 194 314 266 327 415 329 129 417 456 171 118 115 121 449 411 460 153 380 135 286 352 487 
245 473 482 431 378 138 396 342 166 409 223 378 395 407 362 477 91 0 483 251 226 129 103 441 461 392 439 231 272 342 436 302 92 272 134 206 120 327 257 135 
375 174 451 183 301 133 99 395 135 164 53 151 399 212 102 372 194 483 0 415 383 436 482 394 454 271 389 92 435 179 345 393 285 391 371 287 397 259 394 351 
456 282 379 297 154 287 471 483 388 377 100 120 175 425 451 332 314 251 415 0 248 199 457 62 311 149 252 365 397 183 413 293 411 178 101 348 349 91 424 253 
364 352 257 478 355 114 132 274 166 454 174 148 409 406 233 413 266 226 383 248 0 289 353 312 113 156 362 199 149 320 115 421 463 184 82 135 386 231 447 58 
113 466 54 184 347 430 134 179 450 92 300 313 150 263 497 212 327 129 436 199 289 0 50 289 162 300 246 498 372 321 235 214 205 242 429 200 155 310 53 186 
109 54 198 221 237 110 437 170 199 392 233 371 396 123 218 81 415 103 482 457 353 50 0 135 347 337 169 59 439 287 232 234 144 449 469 430 168 234 175 166 
313 323 498 475 149 333 166 55 121 225 266 476 152 453 85 296 329 441 394 62 312 289 135 0 115 442 460 87 464 419 142 359 321 352 430 57 254 429 439 254 
236 77 256 289 265 419 348 265 232 170 469 206 477 57 79 238 129 461 454 311 113 162 347 115 0 260 467 250 71 399 228 62 218 211 414 108 99 248 376 180 
442 494 459 454 61 454 295 247 481 51 242 245 420 90 217 358 417 392 271 149 156 300 337 442 260 0 475 127 193 432 357 412 263 190 132 259 198 122 135 249 
290 252 79 403 98 144 100 299 102 53 310 56 54 57 487 262 456 439 389 252 362 246 169 460 467 475 0 491 229 139 491 215 486 486 423 320 344 240 267 497 
115 473 312 56 233 308 259 262 417 63 113 467 312 165 226 329 171 231 92 365 199 498 59 87 250 127 491 0 315 420 159 53 428 164 409 369 436 160 424 420 
125 86 213 99 359 186 117 121 125 376 330 93 292 100 156 259 118 272 435 397 149 372 439 464 71 193 229 315 0 124 446 278 247 494 123 445 492 496 128 79 
393 306 305 224 343 225 480 408 361 97 479 436 423 65 235 421 115 342 179 183 320 321 287 419 399 432 139 420 124 0 167 161 353 496 105 79 439 286 206 195 
318 442 223 124 453 153 173 177 133 80 244 387 265 386 309 280 121 436 345 413 115 235 232 142 228 357 491 159 446 167 0 377 304 285 104 384 389 166 246 331 
441 264 108 370 338 267 474 217 395 106 247 345 443 462 231 458 449 302 393 293 421 214 234 359 62 412 215 53 278 161 377 0 171 183 235 180 312 461 288 444 
425 131 191 294 175 408 267 342 58 79 295 354 472 463 84 185 411 92 285 411 463 205 144 321 218 263 486 428 247 353 304 171 0 196 53 344 206 121 377 408 
434 201 415 108 108 389 156 324 418 401 384 146 364 418 488 481 460 272 391 178 184 242 449 352 211 190 486 164 494 496 285 183 196 0 64 389 423 97 86 406 
406 242 461 50 104 284 419 456 167 271 75 291 258 262 457 237 153 134 371 101 82 429 469 430 414 132 423 409 123 105 104 235 53 64 0 247 339 494 290 435 
236 108 55 361 270 172 131 51 170 95 470 126 282 329 418 359 380 206 287 348 135 200 430 57 108 259 320 369 445 79 384 180 344 389 247 0 299 440 331 268 
320 267 84 321 387 129 291 220 118 119 137 183 206 500 421 260 135 120 397 349 386 155 168 254 99 198 344 436 492 439 389 312 206 423 339 299 0 116 443 366 
259 336 225 83 162 68 216 74 68 136 284 360 414 180 208 299 286 327 259 91 231 310 234 429 248 122 240 160 496 286 166 461 121 97 494 440 116 0 205 93 
209 464 341 296 248 200 209 134 114 214 370 391 179 168 328 439 352 257 394 424 447 53 175 439 376 135 267 424 128 206 246 288 377 86 290 331 443 205 0 200 
415 56 125 285 154 461 403 432 400 461 188 500 384 342 52 266 487 135 351 253 58 186 166 254 180 249 497 420 79 195 331 444 408 406 435 268 366 93 200 0 

767.91 0 24
767.91 1 36
767.91 2 22
767.91 3 19
767.91 4 20
767.91 5 26
767.91 6 33
767.91 7 21
767.91 8 33
767.91 9 34
767.91 10 19
767.91 11 30
767.91 12 10
767.91 13 20
767.91 14 27
767.91 15 12
767.91 16 23
767.91 17 23
767.91 18 4
767.91 19 32
767.91 20 35
767.91 21 4
767.91 22 0
767.91 23 33
767.91 24 20
767.91 25 7
767.91 26 20
767.91 27 36
767.91 28 22
767.91 29 23
767.91 30 21
767.91 31 7
767.91 32 20
767.91 33 32
767.91 34 16
767.91 35 29
767.91 36 9
767.91 37 10
767.91 38 11
767.91 39 3
