50 50 4 122

0.25 0 29
0.25 0 35
0.25 0 36
0.25 0 42
0.25 1 2
0.25 1 38
0.25 2 4
0.25 2 13
0.25 2 27
0.25 2 44
0.25 3 9
0.25 3 34
0.25 4 5
0.25 4 10
0.25 4 12
0.25 4 14
0.25 4 22
0.25 4 29
0.25 4 36
0.25 4 37
0.25 4 49
0.25 5 7
0.25 5 10
0.25 5 22
0.25 5 39
0.25 6 7
0.25 6 9
0.25 6 22
0.25 6 23
0.25 6 24
0.25 6 40
0.25 6 42
0.25 7 15
0.25 7 17
0.25 7 18
0.25 7 44
0.25 8 15
0.25 8 32
0.25 8 38
0.25 8 47
0.25 9 12
0.25 9 20
0.25 9 23
0.25 9 25
0.25 9 49
0.25 10 29
0.25 10 35
0.25 10 41
0.25 11 22
0.25 11 36
0.25 11 44
0.25 11 45
0.25 12 20
0.25 12 22
0.25 12 29
0.25 12 33
0.25 12 40
0.25 13 31
0.25 13 34
0.25 13 35
0.25 13 41
0.25 13 45
0.25 14 19
0.25 14 39
0.25 14 41
0.25 14 49
0.25 15 17
0.25 15 22
0.25 15 30
0.25 15 45
0.25 17 40
0.25 17 41
0.25 17 47
0.25 19 24
0.25 19 34
0.25 19 39
0.25 20 38
0.25 21 23
0.25 21 32
0.25 21 41
0.25 22 29
0.25 22 38
0.25 22 48
0.25 23 39
0.25 23 40
0.25 23 47
0.25 24 33
0.25 24 37
0.25 24 41
0.25 24 49
0.25 25 37
0.25 27 31
0.25 27 34
0.25 27 42
0.25 27 44
0.25 27 46
0.25 27 48
0.25 28 34
0.25 29 33
0.25 29 39
0.25 30 43
0.25 31 48
0.25 32 44
0.25 32 46
0.25 33 39
0.25 33 41
0.25 33 47
0.25 34 46
0.25 35 42
0.25 35 45
0.25 35 46
0.25 36 43
0.25 36 47
0.25 37 41
0.25 37 47
0.25 38 41
0.25 39 42
0.25 43 44
0.25 44 45
0.25 44 47
0.25 46 47
0.25 46 48

0 284 483 198 436 174 119 310 235 367 287 51 437 464 263 354 412 99 491 395 333 153 342 314 127 245 266 184 326 419 132 325 235 446 378 357 326 198 385 323 268 277 127 370 344 297 487 325 68 78 
284 0 144 339 345 401 98 145 292 309 81 468 416 61 273 437 220 50 213 157 172 234 77 334 300 422 483 489 230 78 447 171 418 377 63 58 192 149 438 303 482 280 273 123 235 449 108 350 51 52 
483 144 0 139 251 321 404 244 183 163 156 152 473 330 196 417 417 459 266 433 493 444 270 441 383 69 485 478 267 443 83 392 285 146 94 228 317 479 113 91 224 140 482 171 217 87 393 374 122 341 
198 339 139 0 420 114 190 107 469 324 398 226 99 199 136 462 184 268 456 270 56 218 449 133 183 401 233 194 139 244 160 358 300 106 114 320 122 117 272 188 59 464 450 398 439 403 475 109 320 231 
436 345 251 420 0 112 374 187 274 436 222 409 239 433 115 156 366 157 169 487 186 366 53 439 342 412 392 443 364 258 390 488 405 355 498 380 455 420 310 435 384 78 155 325 53 389 301 296 492 265 
174 401 321 114 112 0 318 280 277 288 480 394 408 274 153 184 259 350 441 383 185 171 172 496 476 287 404 244 255 210 277 488 272 237 376 81 167 444 467 258 340 291 282 218 428 270 243 245 288 81 
119 98 404 190 374 318 0 225 374 225 215 115 93 480 279 499 457 473 444 344 294 447 54 182 254 448 184 384 324 90 124 135 141 278 257 414 342 498 85 241 445 489 57 263 73 110 324 420 389 328 
310 145 244 107 187 280 225 0 112 463 238 378 170 305 237 62 225 376 275 407 486 263 119 422 433 489 69 183 264 328 306 111 222 125 372 297 230 184 197 279 471 254 344 90 355 457 411 441 319 460 
235 292 183 469 274 277 374 112 0 108 331 374 371 275 125 324 489 380 448 87 378 60 332 132 496 86 179 183 404 171 317 293 271 437 354 313 420 272 433 343 454 267 475 271 105 253 467 163 87 340 
367 309 163 324 436 288 225 463 108 0 165 343 358 203 85 479 400 451 223 74 81 99 261 230 88 86 292 275 67 364 402 158 249 375 144 144 114 181 96 172 238 499 472 316 129 180 412 68 357 332 
287 81 156 398 222 480 215 238 331 165 0 458 164 163 183 248 300 123 308 481 293 64 222 449 129 171 431 294 147 91 427 219 391 479 418 62 258 373 365 441 317 353 248 303 182 477 423 124 150 274 
51 468 152 226 409 394 115 378 374 343 458 0 402 208 484 335 73 214 437 359 338 343 65 352 128 134 416 74 87 75 180 426 196 180 75 69 431 404 426 85 241 438 430 109 308 448 431 463 314 285 
437 416 473 99 239 408 93 170 371 358 164 402 0 112 128 254 82 204 81 426 183 428 205 385 477 268 446 295 407 381 199 289 488 95 230 95 58 313 216 196 236 121 314 196 53 167 344 384 66 311 
464 61 330 199 433 274 480 305 275 203 163 208 112 0 303 402 490 475 143 227 157 263 391 208 332 132 175 423 129 396 208 124 221 465 59 273 329 181 347 166 299 372 298 477 425 246 209 363 144 283 
263 273 196 136 115 153 279 237 125 85 183 484 128 303 0 204 358 368 243 71 477 105 137 231 260 273 208 316 331 319 267 134 487 136 256 78 428 260 138 436 201 176 78 420 141 137 60 362 77 249 
354 437 417 462 156 184 499 62 324 479 248 335 254 402 204 0 336 322 81 398 403 113 82 389 154 263 238 432 431 494 301 55 250 142 245 61 238 305 379 136 75 301 496 145 103 58 340 210 50 292 
412 220 417 184 366 259 457 225 489 400 300 73 82 490 358 336 0 401 308 183 350 399 337 278 414 170 53 95 130 475 477 376 96 231 261 237 426 218 432 407 469 352 341 112 156 224 431 138 195 363 
99 50 459 268 157 350 473 376 380 451 123 214 204 475 368 322 401 0 461 397 360 349 106 62 440 109 499 468 460 356 261 317 60 65 303 120 426 493 211 293 270 483 366 53 440 282 387 75 164 239 
491 213 266 456 169 441 444 275 448 223 308 437 81 143 243 81 308 461 0 95 453 98 92 150 309 98 457 314 453 181 275 473 429 496 466 498 102 170 243 140 60 487 266 135 477 487 77 135 94 470 
395 157 433 270 487 383 344 407 87 74 481 359 426 227 71 398 183 397 95 0 257 483 386 450 473 353 135 460 61 104 332 150 404 96 258 230 356 482 318 81 393 464 347 351 208 351 447 95 492 231 
333 172 493 56 186 185 294 486 378 81 293 338 183 157 477 403 350 360 453 257 0 137 121 284 324 391 479 205 54 315 392 356 366 64 92 391 492 457 470 292 221 197 347 422 362 143 165 491 446 324 
153 234 444 218 366 171 447 263 60 99 64 343 428 263 105 113 399 349 98 483 137 0 385 61 468 308 426 73 420 133 329 364 293 291 280 498 87 212 194 482 366 249 56 349 277 159 361 460 56 467 
342 77 270 449 53 172 54 119 332 261 222 65 205 391 137 82 337 106 92 386 121 385 0 96 203 458 462 459 81 322 354 186 89 83 494 364 76 379 234 253 69 343 132 328 363 274 439 119 485 98 
314 334 441 133 439 496 182 422 132 230 449 352 385 208 231 389 278 62 150 450 284 61 96 0 213 60 87 161 221 76 231 416 281 315 321 224 159 367 291 132 238 100 174 496 70 138 418 121 391 266 
127 300 383 183 342 476 254 433 496 88 129 128 477 332 260 154 414 440 309 473 324 468 203 213 0 455 474 158 332 260 358 302 301 286 50 360 107 158 358 464 230 392 224 425 245 306 149 300 244 321 
245 422 69 401 412 287 448 489 86 86 171 134 268 132 273 263 170 109 98 353 391 308 458 60 455 0 314 193 104 354 136 494 289 71 428 279 465 386 54 119 481 231 360 86 488 258 183 261 309 230 
266 483 485 233 392 404 184 69 179 292 431 416 446 175 208 238 53 499 457 135 479 426 462 87 474 314 0 294 179 247 441 51 489 63 126 221 336 308 419 486 150 337 449 334 270 432 143 125 54 430 
184 489 478 194 443 244 384 183 183 275 294 74 295 423 316 432 95 468 314 460 205 73 459 161 158 193 294 0 199 298 211 449 249 435 363 168 398 452 500 425 479 131 379 100 190 287 365 277 315 476 
326 230 267 139 364 255 324 264 404 67 147 87 407 129 331 431 130 460 453 61 54 420 81 221 332 104 179 199 0 408 333 411 199 306 415 70 410 417 392 245 406 64 134 476 185 130 82 454 239 144 
419 78 443 244 258 210 90 328 171 364 91 75 381 396 319 494 475 356 181 104 315 133 322 76 260 354 247 298 408 0 238 90 78 156 291 231 446 115 222 356 459 56 284 142 479 290 400 495 273 388 
132 447 83 160 390 277 124 306 317 402 427 180 199 208 267 301 477 261 275 332 392 329 354 231 358 136 441 211 333 238 0 394 142 281 101 470 301 457 134 420 263 481 289 424 438 272 327 57 302 325 
325 171 392 358 488 488 135 111 293 158 219 426 289 124 134 55 376 317 473 150 356 364 186 416 302 494 51 449 411 90 394 0 140 458 292 133 235 114 483 67 173 291 419 101 479 377 276 278 464 380 
235 418 285 300 405 272 141 222 271 249 391 196 488 221 487 250 96 60 429 404 366 293 89 281 301 289 489 249 199 78 142 140 0 239 60 239 344 421 159 158 196 286 264 422 420 238 214 344 274 146 
446 377 146 106 355 237 278 125 437 375 479 180 95 465 136 142 231 65 496 96 64 291 83 315 286 71 63 435 306 156 281 458 239 0 352 404 324 192 197 462 437 121 270 94 362 65 219 137 130 165 
378 63 94 114 498 376 257 372 354 144 418 75 230 59 256 245 261 303 466 258 92 280 494 321 50 428 126 363 415 291 101 292 60 352 0 404 308 181 254 412 182 461 124 205 417 279 250 93 284 110 
357 58 228 320 380 81 414 297 313 144 62 69 95 273 78 61 237 120 498 230 391 498 364 224 360 279 221 168 70 231 470 133 239 404 404 0 299 97 176 299 287 71 125 453 424 126 465 347 472 118 
326 192 317 122 455 167 342 230 420 114 258 431 58 329 428 238 426 426 102 356 492 87 76 159 107 465 336 398 410 446 301 235 344 324 308 299 0 135 370 426 484 118 259 469 289 286 168 332 368 403 
198 149 479 117 420 444 498 184 272 181 373 404 313 181 260 305 218 493 170 482 457 212 379 367 158 386 308 452 417 115 457 114 421 192 181 97 135 0 496 152 333 205 131 419 196 96 74 463 379 144 
385 438 113 272 310 467 85 197 433 96 365 426 216 347 138 379 432 211 243 318 470 194 234 291 358 54 419 500 392 222 134 483 159 197 254 176 370 496 0 77 464 275 420 249 278 82 375 287 498 77 
323 303 91 188 435 258 241 279 343 172 441 85 196 166 436 136 407 293 140 81 292 482 253 132 464 119 486 425 245 356 420 67 158 462 412 299 426 152 77 0 193 336 440 239 344 245 341 445 161 243 
268 482 224 59 384 340 445 471 454 238 317 241 236 299 201 75 469 270 60 393 221 366 69 238 230 481 150 479 406 459 263 173 196 437 182 287 484 333 464 193 0 411 309 441 275 226 436 482 442 426 
277 280 140 464 78 291 489 254 267 499 353 438 121 372 176 301 352 483 487 464 197 249 343 100 392 231 337 131 64 56 481 291 286 121 461 71 118 205 275 336 411 0 167 52 166 266 53 117 147 57 
127 273 482 450 155 282 57 344 475 472 248 430 314 298 78 496 341 366 266 347 347 56 132 174 224 360 449 379 134 284 289 419 264 270 124 125 259 131 420 440 309 167 0 298 151 193 271 408 181 478 
370 123 171 398 325 218 263 90 271 316 303 109 196 477 420 145 112 53 135 351 422 349 328 496 425 86 334 100 476 142 424 101 422 94 205 453 469 419 249 239 441 52 298 0 485 99 486 121 458 443 
344 235 217 439 53 428 73 355 105 129 182 308 53 425 141 103 156 440 477 208 362 277 363 70 245 488 270 190 185 479 438 479 420 362 417 424 289 196 278 344 275 166 151 485 0 462 213 431 449 290 
297 449 87 403 389 270 110 457 253 180 477 448 167 246 137 58 224 282 487 351 143 159 274 138 306 258 432 287 130 290 272 377 238 65 279 126 286 96 82 245 226 266 193 99 462 0 281 269 208 433 
487 108 393 475 301 243 324 411 467 412 423 431 344 209 60 340 431 387 77 447 165 361 439 418 149 183 143 365 82 400 327 276 214 219 250 465 168 74 375 341 436 53 271 486 213 281 0 488 459 234 
325 350 374 109 296 245 420 441 163 68 124 463 384 363 362 210 138 75 135 95 491 460 119 121 300 261 125 277 454 495 57 278 344 137 93 347 332 463 287 445 482 117 408 121 431 269 488 0 143 360 
68 51 122 320 492 288 389 319 87 357 150 314 66 144 77 50 195 164 94 492 446 56 485 391 244 309 54 315 239 273 302 464 274 130 284 472 368 379 498 161 442 147 181 458 449 208 459 143 0 378 
78 52 341 231 265 81 328 460 340 332 274 285 311 283 249 292 363 239 470 231 324 467 98 266 321 230 430 476 144 388 325 380 146 165 110 118 403 144 77 243 426 57 478 443 290 433 234 360 378 0 

717 0 48
717 1 6
717 2 26
717 3 29
717 4 6
717 5 43
717 6 5
717 7 9
717 8 34
717 9 3
717 10 12
717 11 28
717 12 33
717 13 35
717 14 43
717 15 39
717 16 3
717 17 47
717 18 37
717 19 42
717 20 11
717 21 44
717 22 8
717 23 12
717 24 36
717 25 41
717 26 7
717 27 8
717 28 41
717 29 43
717 30 5
717 31 45
717 32 5
717 33 36
717 34 30
717 35 12
717 36 35
717 37 36
717 38 26
717 39 21
717 40 39
717 41 38
717 42 5
717 43 29
717 44 24
717 45 48
717 46 19
717 47 32
717 48 3
717 49 12
