30 30 3 43

0.2 0 5
0.2 0 12
0.2 0 25
0.2 1 11
0.2 1 18
0.2 2 3
0.2 2 9
0.2 2 15
0.2 2 16
0.2 3 4
0.2 4 6
0.2 4 7
0.2 4 8
0.2 5 15
0.2 5 22
0.2 6 10
0.2 6 11
0.2 6 19
0.2 6 23
0.2 7 13
0.2 8 20
0.2 9 23
0.2 10 17
0.2 10 21
0.2 10 22
0.2 11 26
0.2 12 17
0.2 12 19
0.2 13 14
0.2 13 25
0.2 13 27
0.2 14 19
0.2 15 24
0.2 16 24
0.2 19 25
0.2 19 26
0.2 19 29
0.2 21 22
0.2 21 26
0.2 23 28
0.2 24 25
0.2 24 28
0.2 27 28

0 285 55 305 76 479 296 262 131 291 393 142 124 377 363 91 191 370 174 199 57 332 215 277 243 209 174 148 451 171 
285 0 433 449 321 236 226 339 327 160 255 388 293 487 221 359 275 280 319 86 356 355 376 160 120 402 243 463 250 317 
55 433 0 395 387 183 334 223 258 308 261 272 284 422 143 113 424 423 146 249 439 51 191 207 66 347 290 388 458 175 
305 449 395 0 460 91 482 231 366 385 434 435 382 412 450 71 362 391 498 430 335 288 427 117 159 329 470 471 209 328 
76 321 387 460 0 116 362 64 332 119 443 469 177 203 467 442 369 221 109 432 226 346 475 357 99 162 316 248 104 273 
479 236 183 91 116 0 321 382 397 287 329 98 109 333 474 307 373 229 195 440 180 205 72 143 384 257 195 268 421 132 
296 226 334 482 362 321 0 343 377 327 461 399 375 285 73 199 84 297 150 260 326 63 327 69 202 80 385 420 303 243 
262 339 223 231 64 382 343 0 488 460 411 90 455 337 466 353 342 281 315 122 405 433 62 295 353 355 218 488 281 327 
131 327 258 366 332 397 377 488 0 84 374 137 68 181 257 460 153 188 207 500 486 112 371 332 160 328 249 444 375 259 
291 160 308 385 119 287 327 460 84 0 183 296 166 379 162 238 500 485 121 56 97 103 298 234 312 96 213 236 70 497 
393 255 261 434 443 329 461 411 374 183 0 174 103 108 143 344 306 124 371 79 263 422 344 170 267 220 86 390 200 314 
142 388 272 435 469 98 399 90 137 296 174 0 480 322 317 296 265 191 486 250 194 119 432 474 435 133 456 329 118 133 
124 293 284 382 177 109 375 455 68 166 103 480 0 347 243 369 349 110 492 285 453 409 55 161 168 430 450 160 221 273 
377 487 422 412 203 333 285 337 181 379 108 322 347 0 304 222 329 297 229 204 55 116 339 351 360 373 391 138 142 220 
363 221 143 450 467 474 73 466 257 162 143 317 243 304 0 354 214 251 355 275 393 404 277 252 454 192 283 248 458 202 
91 359 113 71 442 307 199 353 460 238 344 296 369 222 354 0 359 251 271 137 382 134 417 194 413 297 252 196 500 200 
191 275 424 362 369 373 84 342 153 500 306 265 349 329 214 359 0 71 358 201 193 247 108 363 191 391 318 93 252 313 
370 280 423 391 221 229 297 281 188 485 124 191 110 297 251 251 71 0 453 334 332 229 416 122 188 409 122 198 95 366 
174 319 146 498 109 195 150 315 207 121 371 486 492 229 355 271 358 453 0 282 141 246 479 442 289 231 389 293 247 199 
199 86 249 430 432 440 260 122 500 56 79 250 285 204 275 137 201 334 282 0 472 232 161 414 371 266 397 83 398 271 
57 356 439 335 226 180 326 405 486 97 263 194 453 55 393 382 193 332 141 472 0 483 337 260 55 475 265 400 346 168 
332 355 51 288 346 205 63 433 112 103 422 119 409 116 404 134 247 229 246 232 483 0 97 204 346 184 185 110 151 153 
215 376 191 427 475 72 327 62 371 298 344 432 55 339 277 417 108 416 479 161 337 97 0 252 123 178 287 155 398 169 
277 160 207 117 357 143 69 295 332 234 170 474 161 351 252 194 363 122 442 414 260 204 252 0 199 373 173 288 135 464 
243 120 66 159 99 384 202 353 160 312 267 435 168 360 454 413 191 188 289 371 55 346 123 199 0 78 122 213 51 461 
209 402 347 329 162 257 80 355 328 96 220 133 430 373 192 297 391 409 231 266 475 184 178 373 78 0 52 370 458 273 
174 243 290 470 316 195 385 218 249 213 86 456 450 391 283 252 318 122 389 397 265 185 287 173 122 52 0 179 240 98 
148 463 388 471 248 268 420 488 444 236 390 329 160 138 248 196 93 198 293 83 400 110 155 288 213 370 179 0 496 462 
451 250 458 209 104 421 303 281 375 70 200 118 221 142 458 500 252 95 247 398 346 151 398 135 51 458 240 496 0 230 
171 317 175 328 273 132 243 327 259 497 314 133 273 220 202 200 313 366 199 271 168 153 169 464 461 273 98 462 230 0 

511 0 25
511 1 18
511 2 28
511 3 4
511 4 20
511 5 28
511 6 0
511 7 15
511 8 5
511 9 18
511 10 21
511 11 2
511 12 10
511 13 17
511 14 16
511 15 2
511 16 3
511 17 5
511 18 24
511 19 14
511 20 2
511 21 4
511 22 26
511 23 9
511 24 14
511 25 5
511 26 28
511 27 16
511 28 20
511 29 17
