30 30 3 87

0.2 0 3
0.2 0 11
0.2 0 17
0.2 1 4
0.2 1 5
0.2 1 10
0.2 1 11
0.2 1 21
0.2 1 28
0.2 2 3
0.2 2 4
0.2 2 11
0.2 2 19
0.2 2 22
0.2 3 5
0.2 3 8
0.2 3 11
0.2 3 13
0.2 3 23
0.2 3 25
0.2 3 26
0.2 4 7
0.2 4 8
0.2 4 11
0.2 4 14
0.2 4 17
0.2 4 22
0.2 5 13
0.2 5 24
0.2 5 29
0.2 6 20
0.2 6 24
0.2 7 18
0.2 7 19
0.2 7 21
0.2 7 22
0.2 7 25
0.2 8 9
0.2 8 12
0.2 8 13
0.2 8 24
0.2 9 12
0.2 9 22
0.2 9 23
0.2 9 26
0.2 10 11
0.2 10 23
0.2 11 17
0.2 11 20
0.2 11 21
0.2 12 15
0.2 12 17
0.2 12 21
0.2 12 22
0.2 12 27
0.2 12 28
0.2 13 20
0.2 14 16
0.2 14 26
0.2 14 28
0.2 15 17
0.2 15 18
0.2 15 26
0.2 15 28
0.2 16 17
0.2 16 18
0.2 16 22
0.2 16 25
0.2 16 27
0.2 17 24
0.2 18 20
0.2 19 22
0.2 20 22
0.2 20 28
0.2 20 29
0.2 22 24
0.2 22 26
0.2 22 29
0.2 23 24
0.2 23 27
0.2 23 28
0.2 23 29
0.2 24 26
0.2 24 29
0.2 25 26
0.2 26 27
0.2 27 28

0 141 434 54 74 112 443 417 311 334 197 238 463 266 324 299 198 156 288 72 159 427 284 85 263 198 364 95 312 336 
141 0 101 397 263 336 184 470 457 393 127 216 491 183 168 123 470 134 405 266 144 394 235 294 190 101 428 172 56 185 
434 101 0 207 333 201 356 191 162 256 476 416 347 121 256 85 249 118 467 269 274 428 122 106 208 383 89 313 370 489 
54 397 207 0 177 74 455 84 402 166 259 212 425 181 500 339 72 201 243 341 445 457 476 386 73 420 234 228 396 147 
74 263 333 177 0 489 233 124 391 70 81 477 363 308 81 95 225 179 458 405 304 64 328 438 52 398 122 278 308 191 
112 336 201 74 489 0 209 395 420 318 209 373 123 275 416 426 455 494 314 429 418 272 80 379 196 470 167 176 492 114 
443 184 356 455 233 209 0 475 162 208 418 80 242 272 218 411 103 111 365 107 497 148 328 195 335 335 382 155 208 250 
417 470 191 84 124 395 475 0 494 428 204 135 71 329 71 226 141 112 289 68 252 395 349 54 491 160 380 318 486 449 
311 457 162 402 391 420 162 494 0 342 385 470 257 219 262 440 172 189 374 406 217 310 95 89 439 159 50 360 477 313 
334 393 256 166 70 318 208 428 342 0 315 207 83 438 142 392 331 210 336 379 390 247 405 185 129 493 57 434 90 164 
197 127 476 259 81 209 418 204 385 315 0 454 425 452 384 449 109 267 210 351 476 295 482 446 303 390 485 191 348 191 
238 216 416 212 477 373 80 135 470 207 454 0 334 137 91 268 471 407 438 80 168 419 196 369 324 368 226 448 50 496 
463 491 347 425 363 123 242 71 257 83 425 334 0 171 334 111 215 271 346 414 412 341 332 160 273 189 342 314 156 205 
266 183 121 181 308 275 272 329 219 438 452 137 171 0 161 142 358 115 242 138 241 276 194 480 181 432 351 398 488 489 
324 168 256 500 81 416 218 71 262 142 384 91 334 161 0 219 304 333 300 435 387 119 210 399 225 114 91 211 191 496 
299 123 85 339 95 426 411 226 440 392 449 268 111 142 219 0 82 175 186 381 252 351 103 194 484 334 335 298 103 311 
198 470 249 72 225 455 103 141 172 331 109 471 215 358 304 82 0 85 66 87 353 193 292 84 221 60 241 123 301 232 
156 134 118 201 179 494 111 112 189 210 267 407 271 115 333 175 85 0 451 149 71 322 311 201 361 368 409 52 296 393 
288 405 467 243 458 314 365 289 374 336 210 438 346 242 300 186 66 451 0 194 65 309 363 98 185 157 230 148 471 121 
72 266 269 341 405 429 107 68 406 379 351 80 414 138 435 381 87 149 194 0 371 117 489 65 296 490 172 164 305 484 
159 144 274 445 304 418 497 252 217 390 476 168 412 241 387 252 353 71 65 371 0 211 312 347 227 499 474 93 369 188 
427 394 428 457 64 272 148 395 310 247 295 419 341 276 119 351 193 322 309 117 211 0 281 136 164 89 63 95 474 91 
284 235 122 476 328 80 328 349 95 405 482 196 332 194 210 103 292 311 363 489 312 281 0 209 194 229 389 280 160 495 
85 294 106 386 438 379 195 54 89 185 446 369 160 480 399 194 84 201 98 65 347 136 209 0 128 426 97 273 240 264 
263 190 208 73 52 196 335 491 439 129 303 324 273 181 225 484 221 361 185 296 227 164 194 128 0 156 377 424 273 271 
198 101 383 420 398 470 335 160 159 493 390 368 189 432 114 334 60 368 157 490 499 89 229 426 156 0 378 460 412 361 
364 428 89 234 122 167 382 380 50 57 485 226 342 351 91 335 241 409 230 172 474 63 389 97 377 378 0 493 470 454 
95 172 313 228 278 176 155 318 360 434 191 448 314 398 211 298 123 52 148 164 93 95 280 273 424 460 493 0 497 495 
312 56 370 396 308 492 208 486 477 90 348 50 156 488 191 103 301 296 471 305 369 474 160 240 273 412 470 497 0 273 
336 185 489 147 191 114 250 449 313 164 191 496 205 489 496 311 232 393 121 484 188 91 495 264 271 361 454 495 273 0 

501.5 0 13
501.5 1 14
501.5 2 22
501.5 3 18
501.5 4 22
501.5 5 18
501.5 6 4
501.5 7 24
501.5 8 22
501.5 9 26
501.5 10 9
501.5 11 24
501.5 12 25
501.5 13 10
501.5 14 1
501.5 15 9
501.5 16 17
501.5 17 28
501.5 18 12
501.5 19 2
501.5 20 14
501.5 21 14
501.5 22 10
501.5 23 10
501.5 24 19
501.5 25 27
501.5 26 12
501.5 27 21
501.5 28 15
501.5 29 28
