30 30 4 108

0.2 0 3
0.2 0 5
0.2 0 10
0.2 0 12
0.2 0 13
0.2 0 20
0.2 0 25
0.2 1 4
0.2 1 7
0.2 1 15
0.2 1 18
0.2 1 19
0.2 1 25
0.2 1 27
0.2 1 28
0.2 2 4
0.2 2 8
0.2 2 9
0.2 2 10
0.2 2 13
0.2 2 14
0.2 3 8
0.2 3 10
0.2 3 11
0.2 3 20
0.2 4 6
0.2 4 11
0.2 4 16
0.2 4 17
0.2 4 19
0.2 4 23
0.2 4 25
0.2 5 7
0.2 5 8
0.2 5 13
0.2 5 16
0.2 5 18
0.2 5 19
0.2 5 23
0.2 6 13
0.2 6 14
0.2 6 25
0.2 6 26
0.2 6 27
0.2 6 29
0.2 7 18
0.2 7 24
0.2 7 25
0.2 7 26
0.2 7 29
0.2 8 10
0.2 8 14
0.2 8 16
0.2 8 17
0.2 8 23
0.2 8 26
0.2 9 14
0.2 9 15
0.2 9 19
0.2 10 11
0.2 10 13
0.2 10 15
0.2 10 16
0.2 10 21
0.2 10 29
0.2 11 12
0.2 11 15
0.2 11 18
0.2 11 20
0.2 11 26
0.2 11 28
0.2 12 17
0.2 12 20
0.2 12 22
0.2 12 23
0.2 12 24
0.2 13 22
0.2 13 25
0.2 14 16
0.2 14 18
0.2 14 20
0.2 14 22
0.2 15 16
0.2 15 18
0.2 15 24
0.2 16 22
0.2 16 24
0.2 16 26
0.2 16 27
0.2 17 24
0.2 18 20
0.2 18 25
0.2 19 22
0.2 19 26
0.2 20 21
0.2 20 24
0.2 20 28
0.2 21 26
0.2 21 28
0.2 21 29
0.2 22 23
0.2 22 25
0.2 23 27
0.2 23 29
0.2 24 28
0.2 25 27
0.2 27 28
0.2 28 29

0 428 245 399 372 118 499 152 248 334 320 254 251 109 86 163 235 302 364 483 66 464 488 185 385 289 261 297 98 143 
428 0 152 117 69 193 162 127 267 359 260 212 417 250 438 94 495 247 158 211 175 239 244 208 71 487 154 475 172 311 
245 152 0 455 481 436 378 277 278 305 319 81 137 396 465 452 98 155 66 217 342 260 85 265 437 79 275 85 149 418 
399 117 455 0 55 372 300 180 175 70 404 61 55 232 258 292 173 300 377 338 300 217 368 149 474 372 303 164 105 191 
372 69 481 55 0 400 147 464 462 364 266 167 193 159 70 154 460 107 57 447 272 269 472 61 369 59 417 74 419 434 
118 193 436 372 400 0 299 189 380 373 172 298 207 470 243 408 307 62 426 468 107 308 187 169 342 192 292 296 123 66 
499 162 378 300 147 299 0 101 280 421 410 290 134 431 459 187 400 438 142 166 236 78 195 380 348 471 299 475 140 246 
152 127 277 180 464 189 101 0 78 55 368 292 320 51 193 92 409 149 306 456 109 315 424 195 171 394 160 56 82 108 
248 267 278 175 462 380 280 78 0 451 249 466 213 431 86 66 265 286 371 268 331 233 404 392 233 213 78 306 355 346 
334 359 305 70 364 373 421 55 451 0 186 376 291 350 220 157 92 301 284 473 368 154 428 367 262 164 377 147 143 93 
320 260 319 404 266 172 410 368 249 186 0 279 139 82 336 473 446 121 391 478 257 286 387 145 387 367 169 54 56 141 
254 212 81 61 167 298 290 292 466 376 279 0 179 442 244 67 436 303 266 498 354 456 143 183 89 81 427 104 361 200 
251 417 137 55 193 207 134 320 213 291 139 179 0 467 304 87 134 94 229 323 107 487 394 234 273 212 348 257 155 393 
109 250 396 232 159 470 431 51 431 350 82 442 467 0 363 78 189 357 337 342 174 334 310 117 55 214 270 82 154 354 
86 438 465 258 70 243 459 193 86 220 336 244 304 363 0 306 446 316 67 362 71 463 362 320 419 203 140 431 121 267 
163 94 452 292 154 408 187 92 66 157 473 67 87 78 306 0 447 279 426 96 395 258 409 379 174 396 218 377 209 498 
235 495 98 173 460 307 400 409 265 92 446 436 134 189 446 447 0 351 198 218 327 147 338 491 153 182 136 460 117 214 
302 247 155 300 107 62 438 149 286 301 121 303 94 357 316 279 351 0 73 370 245 198 383 224 492 296 378 485 361 95 
364 158 66 377 57 426 142 306 371 284 391 266 229 337 67 426 198 73 0 472 267 73 141 62 269 435 380 146 346 413 
483 211 217 338 447 468 166 456 268 473 478 498 323 342 362 96 218 370 472 0 283 184 199 133 287 405 57 306 444 282 
66 175 342 300 272 107 236 109 331 368 257 354 107 174 71 395 327 245 267 283 0 272 375 317 225 57 287 409 76 406 
464 239 260 217 269 308 78 315 233 154 286 456 487 334 463 258 147 198 73 184 272 0 303 163 92 353 482 439 87 258 
488 244 85 368 472 187 195 424 404 428 387 143 394 310 362 409 338 383 141 199 375 303 0 393 106 285 189 390 296 432 
185 208 265 149 61 169 380 195 392 367 145 183 234 117 320 379 491 224 62 133 317 163 393 0 311 368 289 496 332 432 
385 71 437 474 369 342 348 171 233 262 387 89 273 55 419 174 153 492 269 287 225 92 106 311 0 344 416 202 446 295 
289 487 79 372 59 192 471 394 213 164 367 81 212 214 203 396 182 296 435 405 57 353 285 368 344 0 301 384 235 228 
261 154 275 303 417 292 299 160 78 377 169 427 348 270 140 218 136 378 380 57 287 482 189 289 416 301 0 477 428 470 
297 475 85 164 74 296 475 56 306 147 54 104 257 82 431 377 460 485 146 306 409 439 390 496 202 384 477 0 441 448 
98 172 149 105 419 123 140 82 355 143 56 361 155 154 121 209 117 361 346 444 76 87 296 332 446 235 428 441 0 169 
143 311 418 191 434 66 246 108 346 93 141 200 393 354 267 498 214 95 413 282 406 258 432 432 295 228 470 448 169 0 

466.75 0 12
466.75 1 2
466.75 2 21
466.75 3 18
466.75 4 27
466.75 5 20
466.75 6 4
466.75 7 10
466.75 8 9
466.75 9 27
466.75 10 11
466.75 11 21
466.75 12 3
466.75 13 10
466.75 14 4
466.75 15 20
466.75 16 17
466.75 17 28
466.75 18 6
466.75 19 20
466.75 20 9
466.75 21 6
466.75 22 13
466.75 23 6
466.75 24 19
466.75 25 24
466.75 26 20
466.75 27 4
466.75 28 3
466.75 29 5
