20 20 4 38

0.4 0 2
0.4 0 12
0.4 0 14
0.4 0 18
0.4 1 3
0.4 1 6
0.4 1 7
0.4 1 12
0.4 1 13
0.4 1 17
0.4 3 10
0.4 3 11
0.4 3 13
0.4 3 19
0.4 4 12
0.4 4 17
0.4 5 9
0.4 5 10
0.4 5 14
0.4 5 15
0.4 5 19
0.4 6 7
0.4 6 9
0.4 6 13
0.4 6 18
0.4 9 12
0.4 9 16
0.4 9 19
0.4 10 14
0.4 10 16
0.4 10 18
0.4 11 12
0.4 11 15
0.4 11 16
0.4 12 16
0.4 15 18
0.4 16 18
0.4 17 18

0 216 405 287 489 142 458 295 260 197 217 420 403 448 262 430 193 321 420 270 
216 0 64 460 428 431 125 365 205 408 316 240 258 171 308 192 363 178 117 418 
405 64 0 258 210 385 303 172 218 410 380 242 407 409 491 82 435 59 358 297 
287 460 258 0 361 340 175 272 426 113 470 247 313 220 182 190 208 217 243 467 
489 428 210 361 0 468 394 396 317 268 197 450 77 251 369 139 109 268 107 448 
142 431 385 340 468 0 405 491 440 51 273 154 381 313 490 203 323 420 162 300 
458 125 303 175 394 405 0 328 419 494 130 172 70 64 85 305 283 229 307 243 
295 365 172 272 396 491 328 0 276 359 198 375 278 454 333 66 98 491 173 54 
260 205 218 426 317 440 419 276 0 97 344 421 239 233 153 161 114 80 70 310 
197 408 410 113 268 51 494 359 97 0 252 111 118 461 348 118 116 53 426 423 
217 316 380 470 197 273 130 198 344 252 0 293 445 402 361 287 408 277 306 284 
420 240 242 247 450 154 172 375 421 111 293 0 261 186 484 321 412 351 412 427 
403 258 407 313 77 381 70 278 239 118 445 261 0 166 368 57 183 60 168 221 
448 171 409 220 251 313 64 454 233 461 402 186 166 0 138 247 392 230 283 410 
262 308 491 182 369 490 85 333 153 348 361 484 368 138 0 222 487 279 439 250 
430 192 82 190 139 203 305 66 161 118 287 321 57 247 222 0 271 410 296 78 
193 363 435 208 109 323 283 98 114 116 408 412 183 392 487 271 0 92 292 359 
321 178 59 217 268 420 229 491 80 53 277 351 60 230 279 410 92 0 362 307 
420 117 358 243 107 162 307 173 70 426 306 412 168 283 439 296 292 362 0 398 
270 418 297 467 448 300 243 54 310 423 284 427 221 410 250 78 359 307 398 0 

749 0 2
749 1 9
749 2 15
749 3 7
749 4 17
749 5 7
749 6 9
749 7 12
749 8 12
749 9 4
749 10 14
749 11 7
749 12 4
749 13 16
749 14 18
749 15 6
749 16 11
749 17 18
749 18 3
749 19 15
