50 50 3 122

0.4 0 6
0.4 0 18
0.4 0 43
0.4 0 49
0.4 1 27
0.4 1 29
0.4 1 46
0.4 2 6
0.4 2 15
0.4 2 31
0.4 3 4
0.4 3 12
0.4 3 16
0.4 3 18
0.4 3 27
0.4 3 35
0.4 3 45
0.4 3 47
0.4 3 48
0.4 3 49
0.4 4 7
0.4 4 8
0.4 4 11
0.4 4 23
0.4 4 38
0.4 4 42
0.4 5 6
0.4 5 19
0.4 5 29
0.4 6 27
0.4 7 20
0.4 7 40
0.4 7 48
0.4 8 21
0.4 8 29
0.4 8 31
0.4 8 39
0.4 8 46
0.4 9 18
0.4 9 40
0.4 9 42
0.4 9 43
0.4 10 32
0.4 10 44
0.4 11 18
0.4 11 27
0.4 12 15
0.4 12 21
0.4 12 23
0.4 13 15
0.4 13 24
0.4 13 38
0.4 13 46
0.4 13 47
0.4 13 48
0.4 14 25
0.4 14 26
0.4 14 35
0.4 14 38
0.4 14 41
0.4 15 23
0.4 15 33
0.4 15 39
0.4 16 18
0.4 16 19
0.4 16 20
0.4 16 22
0.4 16 36
0.4 16 37
0.4 17 33
0.4 17 48
0.4 18 26
0.4 18 31
0.4 18 35
0.4 18 38
0.4 18 39
0.4 18 42
0.4 19 21
0.4 19 34
0.4 19 40
0.4 20 23
0.4 20 42
0.4 21 23
0.4 21 45
0.4 22 39
0.4 22 40
0.4 22 49
0.4 23 24
0.4 23 30
0.4 23 31
0.4 23 38
0.4 24 26
0.4 24 38
0.4 24 46
0.4 24 47
0.4 26 33
0.4 26 44
0.4 27 30
0.4 27 37
0.4 29 37
0.4 29 40
0.4 29 41
0.4 30 48
0.4 31 38
0.4 33 35
0.4 34 38
0.4 34 44
0.4 35 37
0.4 36 40
0.4 37 41
0.4 37 43
0.4 38 48
0.4 40 46
0.4 40 47
0.4 41 44
0.4 41 47
0.4 41 48
0.4 42 43
0.4 44 45
0.4 45 47
0.4 47 48
0.4 48 49

0 156 302 103 187 178 336 431 356 200 422 288 430 225 65 416 375 431 397 441 295 96 306 416 431 68 383 469 52 143 431 417 68 365 340 59 371 59 466 240 134 480 159 159 375 262 200 326 392 300 
156 0 484 210 73 394 356 477 105 409 274 234 488 140 335 385 168 205 496 378 338 251 318 457 101 123 51 405 212 474 55 119 401 74 348 261 142 96 387 125 444 459 172 213 455 50 346 377 193 255 
302 484 0 126 476 278 485 96 384 53 400 125 181 204 404 233 446 283 221 417 347 178 238 414 370 331 164 311 87 317 265 468 286 354 114 182 213 401 468 387 205 209 184 363 462 216 386 290 399 497 
103 210 126 0 96 206 426 246 462 382 406 381 433 458 465 421 210 351 307 148 325 417 361 383 124 187 265 218 394 145 404 181 406 444 261 231 63 238 482 179 112 124 387 388 162 92 398 69 362 247 
187 73 476 96 0 440 177 269 113 455 199 89 125 220 172 316 71 228 84 390 328 312 463 467 218 404 132 166 180 185 78 473 129 62 101 400 346 460 76 320 299 311 427 96 256 196 426 419 373 354 
178 394 278 206 440 0 261 450 367 388 283 180 135 490 176 323 411 312 124 367 352 386 371 436 352 335 116 400 198 110 361 496 489 421 162 440 97 134 139 100 205 160 318 419 344 214 98 181 332 123 
336 356 485 426 177 261 0 386 65 482 374 264 76 423 150 124 332 181 74 415 176 282 268 254 373 169 283 426 411 245 89 248 361 498 465 123 287 86 451 172 196 240 58 317 135 169 120 162 151 163 
431 477 96 246 269 450 386 0 480 232 336 51 107 347 366 481 197 208 439 410 161 93 231 469 199 90 205 487 105 316 138 268 348 97 188 193 461 118 430 310 104 256 288 301 190 474 291 369 92 90 
356 105 384 462 113 367 65 480 0 93 259 450 74 485 307 250 60 61 491 328 80 156 175 101 267 386 154 164 70 466 312 341 329 498 101 254 473 385 198 118 463 241 135 347 484 167 374 107 101 324 
200 409 53 382 455 388 482 232 93 0 176 338 119 156 289 320 198 451 80 204 389 389 84 59 85 489 176 58 66 362 111 267 127 137 393 178 413 66 418 135 277 422 371 463 211 382 320 334 405 119 
422 274 400 406 199 283 374 336 259 176 0 273 479 178 442 403 210 317 284 361 227 155 484 287 319 164 315 102 237 127 103 329 383 233 87 67 478 190 233 300 296 105 273 394 148 442 64 101 59 148 
288 234 125 381 89 180 264 51 450 338 273 0 298 365 392 303 300 314 299 164 72 158 132 290 149 310 439 153 56 486 174 150 429 428 315 409 141 171 245 479 387 226 233 349 72 236 208 158 71 363 
430 488 181 433 125 135 76 107 74 119 479 298 0 196 315 304 346 255 144 354 329 433 212 126 258 340 295 420 388 379 188 391 224 193 105 425 403 470 214 355 389 391 227 254 72 96 286 77 288 480 
225 140 204 458 220 490 423 347 485 156 178 365 196 0 499 266 308 82 334 258 105 208 400 456 254 243 356 413 245 314 296 467 106 264 374 176 94 196 494 50 353 278 361 412 398 353 75 252 261 132 
65 335 404 465 172 176 150 366 307 289 442 392 315 499 0 431 114 245 229 366 439 189 394 367 110 459 80 280 109 493 259 396 81 457 205 66 274 353 283 134 245 304 72 236 263 232 358 172 306 500 
416 385 233 421 316 323 124 481 250 320 403 303 304 266 431 0 344 336 56 282 183 261 304 344 227 314 490 442 491 473 452 356 79 337 90 169 121 261 311 99 166 428 384 287 406 176 283 106 204 82 
375 168 446 210 71 411 332 197 60 198 210 300 346 308 114 344 0 200 116 271 201 59 388 186 306 279 226 351 372 266 288 175 438 184 403 284 287 304 257 101 239 416 106 302 330 306 348 310 96 222 
431 205 283 351 228 312 181 208 61 451 317 314 255 82 245 336 200 0 286 400 61 315 193 248 326 277 340 281 472 308 231 183 421 485 402 117 453 341 491 374 131 362 223 383 439 247 476 482 330 499 
397 496 221 307 84 124 74 439 491 80 284 299 144 334 229 56 116 286 0 356 97 372 167 379 464 169 86 297 477 463 424 86 322 78 245 183 56 297 411 486 476 110 499 267 499 130 487 472 346 214 
441 378 417 148 390 367 415 410 328 204 361 164 354 258 366 282 271 400 356 0 110 296 483 169 302 487 420 381 313 137 302 305 242 246 158 463 231 104 270 217 143 363 222 435 371 457 336 264 299 350 
295 338 347 325 328 352 176 161 80 389 227 72 329 105 439 183 201 61 97 110 0 410 299 331 403 238 298 271 79 486 400 191 112 449 344 487 85 88 495 406 278 278 196 189 328 223 392 230 241 354 
96 251 178 417 312 386 282 93 156 389 155 158 433 208 189 261 59 315 372 296 410 0 275 297 175 229 350 473 465 196 267 192 464 500 307 473 401 147 399 106 469 148 143 126 246 159 143 434 393 145 
306 318 238 361 463 371 268 231 175 84 484 132 212 400 394 304 388 193 167 483 299 275 0 275 375 213 198 427 316 156 287 72 264 443 229 436 282 264 245 152 222 150 296 252 56 326 451 289 371 285 
416 457 414 383 467 436 254 469 101 59 287 290 126 456 367 344 186 248 379 169 331 297 275 0 453 250 281 63 166 64 95 429 491 112 420 445 330 258 100 277 128 138 84 333 469 250 427 464 417 114 
431 101 370 124 218 352 373 199 267 85 319 149 258 254 110 227 306 326 464 302 403 175 375 453 0 55 225 148 235 160 373 238 408 365 340 132 94 394 290 387 331 340 68 154 119 273 466 270 481 85 
68 123 331 187 404 335 169 90 386 489 164 310 340 243 459 314 279 277 169 487 238 229 213 250 55 0 391 224 495 422 302 395 366 369 267 395 492 307 436 387 432 206 387 300 459 335 477 97 251 242 
383 51 164 265 132 116 283 205 154 176 315 439 295 356 80 490 226 340 86 420 298 350 198 281 225 391 0 363 93 181 412 437 427 326 252 100 144 297 410 360 352 246 83 241 204 259 344 467 249 112 
469 405 311 218 166 400 426 487 164 58 102 153 420 413 280 442 351 281 297 381 271 473 427 63 148 224 363 0 455 101 50 149 264 88 160 88 454 489 82 405 427 444 183 384 290 305 243 264 107 237 
52 212 87 394 180 198 411 105 70 66 237 56 388 245 109 491 372 472 477 313 79 465 316 166 235 495 93 455 0 416 189 152 468 333 253 193 463 476 365 197 448 409 441 226 129 199 201 384 333 212 
143 474 317 145 185 110 245 316 466 362 127 486 379 314 493 473 266 308 463 137 486 196 156 64 160 422 181 101 416 0 463 125 258 114 156 260 297 106 435 287 210 409 481 470 247 498 64 252 411 227 
431 55 265 404 78 361 89 138 312 111 103 174 188 296 259 452 288 231 424 302 400 267 287 95 373 302 412 50 189 463 0 319 82 487 456 315 93 185 165 373 331 474 427 386 309 115 323 78 485 190 
417 119 468 181 473 496 248 268 341 267 329 150 391 467 396 356 175 183 86 305 191 192 72 429 238 395 437 149 152 125 319 0 242 197 299 203 89 485 330 144 81 144 100 91 455 412 351 417 431 218 
68 401 286 406 129 489 361 348 329 127 383 429 224 106 81 79 438 421 322 242 112 464 264 491 408 366 427 264 468 258 82 242 0 346 454 472 389 153 78 363 153 124 152 182 201 254 360 128 103 432 
365 74 354 444 62 421 498 97 498 137 233 428 193 264 457 337 184 485 78 246 449 500 443 112 365 369 326 88 333 114 487 197 346 0 70 203 463 292 132 259 242 182 317 248 477 489 208 74 139 393 
340 348 114 261 101 162 465 188 101 393 87 315 105 374 205 90 403 402 245 158 344 307 229 420 340 267 252 160 253 156 456 299 454 70 0 384 310 223 312 273 350 219 193 429 323 210 248 436 292 171 
59 261 182 231 400 440 123 193 254 178 67 409 425 176 66 169 284 117 183 463 487 473 436 445 132 395 100 88 193 260 315 203 472 203 384 0 441 319 311 389 158 141 78 435 163 400 493 497 182 493 
371 142 213 63 346 97 287 461 473 413 478 141 403 94 274 121 287 453 56 231 85 401 282 330 94 492 144 454 463 297 93 89 389 463 310 441 0 377 221 66 154 293 342 167 320 409 256 205 422 467 
59 96 401 238 460 134 86 118 385 66 190 171 470 196 353 261 304 341 297 104 88 147 264 258 394 307 297 489 476 106 185 485 153 292 223 319 377 0 469 152 253 165 202 246 164 85 75 97 149 285 
466 387 468 482 76 139 451 430 198 418 233 245 214 494 283 311 257 491 411 270 495 399 245 100 290 436 410 82 365 435 165 330 78 132 312 311 221 469 0 198 213 348 73 236 59 373 283 122 225 82 
240 125 387 179 320 100 172 310 118 135 300 479 355 50 134 99 101 374 486 217 406 106 152 277 387 387 360 405 197 287 373 144 363 259 273 389 66 152 198 0 323 240 427 220 59 75 336 469 229 497 
134 444 205 112 299 205 196 104 463 277 296 387 389 353 245 166 239 131 476 143 278 469 222 128 331 432 352 427 448 210 331 81 153 242 350 158 154 253 213 323 0 294 279 415 82 418 101 137 53 354 
480 459 209 124 311 160 240 256 241 422 105 226 391 278 304 428 416 362 110 363 278 148 150 138 340 206 246 444 409 409 474 144 124 182 219 141 293 165 348 240 294 0 296 336 158 71 53 173 234 387 
159 172 184 387 427 318 58 288 135 371 273 233 227 361 72 384 106 223 499 222 196 143 296 84 68 387 83 183 441 481 427 100 152 317 193 78 342 202 73 427 279 296 0 69 81 469 495 333 458 116 
159 213 363 388 96 419 317 301 347 463 394 349 254 412 236 287 302 383 267 435 189 126 252 333 154 300 241 384 226 470 386 91 182 248 429 435 167 246 236 220 415 336 69 0 104 464 337 371 499 333 
375 455 462 162 256 344 135 190 484 211 148 72 72 398 263 406 330 439 499 371 328 246 56 469 119 459 204 290 129 247 309 455 201 477 323 163 320 164 59 59 82 158 81 104 0 130 79 132 201 470 
262 50 216 92 196 214 169 474 167 382 442 236 96 353 232 176 306 247 130 457 223 159 326 250 273 335 259 305 199 498 115 412 254 489 210 400 409 85 373 75 418 71 469 464 130 0 108 455 263 322 
200 346 386 398 426 98 120 291 374 320 64 208 286 75 358 283 348 476 487 336 392 143 451 427 466 477 344 243 201 64 323 351 360 208 248 493 256 75 283 336 101 53 495 337 79 108 0 428 409 121 
326 377 290 69 419 181 162 369 107 334 101 158 77 252 172 106 310 482 472 264 230 434 289 464 270 97 467 264 384 252 78 417 128 74 436 497 205 97 122 469 137 173 333 371 132 455 428 0 247 398 
392 193 399 362 373 332 151 92 101 405 59 71 288 261 306 204 96 330 346 299 241 393 371 417 481 251 249 107 333 411 485 431 103 139 292 182 422 149 225 229 53 234 458 499 201 263 409 247 0 320 
300 255 497 247 354 123 163 90 324 119 148 363 480 132 500 82 222 499 214 350 354 145 285 114 85 242 112 237 212 227 190 218 432 393 171 493 467 285 82 497 354 387 116 333 470 322 121 398 320 0 

1534.5 0 30
1534.5 1 33
1534.5 2 0
1534.5 3 28
1534.5 4 21
1534.5 5 44
1534.5 6 47
1534.5 7 36
1534.5 8 9
1534.5 9 27
1534.5 10 8
1534.5 11 8
1534.5 12 31
1534.5 13 44
1534.5 14 41
1534.5 15 11
1534.5 16 34
1534.5 17 47
1534.5 18 3
1534.5 19 36
1534.5 20 32
1534.5 21 17
1534.5 22 23
1534.5 23 33
1534.5 24 29
1534.5 25 7
1534.5 26 44
1534.5 27 47
1534.5 28 15
1534.5 29 22
1534.5 30 8
1534.5 31 46
1534.5 32 11
1534.5 33 13
1534.5 34 30
1534.5 35 32
1534.5 36 8
1534.5 37 33
1534.5 38 19
1534.5 39 17
1534.5 40 12
1534.5 41 27
1534.5 42 30
1534.5 43 48
1534.5 44 27
1534.5 45 27
1534.5 46 10
1534.5 47 18
1534.5 48 25
1534.5 49 14
