20 20 4 19

0.25 0 4
0.25 0 17
0.25 1 6
0.25 2 3
0.25 2 10
0.25 2 12
0.25 3 18
0.25 4 5
0.25 4 12
0.25 5 16
0.25 5 17
0.25 5 19
0.25 6 16
0.25 7 9
0.25 12 18
0.25 13 17
0.25 15 18
0.25 17 18
0.25 17 19

0 300 493 129 387 247 200 346 51 407 386 129 254 232 383 162 392 370 207 258 
300 0 63 366 177 57 173 72 224 229 358 325 115 386 165 263 471 256 212 70 
493 63 0 147 331 175 449 304 297 416 349 407 355 199 247 409 335 54 447 363 
129 366 147 0 148 357 438 283 301 237 335 190 376 55 142 66 263 386 341 284 
387 177 331 148 0 436 268 274 423 327 295 326 58 58 325 201 217 407 249 85 
247 57 175 357 436 0 131 274 310 369 323 130 182 253 373 295 183 299 242 257 
200 173 449 438 268 131 0 355 136 451 172 437 452 106 346 422 87 64 76 279 
346 72 304 283 274 274 355 0 289 452 347 333 460 190 390 206 296 320 383 456 
51 224 297 301 423 310 136 289 0 226 345 259 340 332 434 59 236 64 178 108 
407 229 416 237 327 369 451 452 226 0 426 453 177 382 429 174 428 188 190 331 
386 358 349 335 295 323 172 347 345 426 0 176 345 96 399 470 230 496 415 121 
129 325 407 190 326 130 437 333 259 453 176 0 405 229 115 199 164 214 387 56 
254 115 355 376 58 182 452 460 340 177 345 405 0 414 380 213 82 351 390 110 
232 386 199 55 58 253 106 190 332 382 96 229 414 0 358 351 51 102 60 278 
383 165 247 142 325 373 346 390 434 429 399 115 380 358 0 453 494 166 256 425 
162 263 409 66 201 295 422 206 59 174 470 199 213 351 453 0 390 242 352 56 
392 471 335 263 217 183 87 296 236 428 230 164 82 51 494 390 0 72 65 325 
370 256 54 386 407 299 64 320 64 188 496 214 351 102 166 242 72 0 349 174 
207 212 447 341 249 242 76 383 178 190 415 387 390 60 256 352 65 349 0 455 
258 70 363 284 85 257 279 456 108 331 121 56 110 278 425 56 325 174 455 0 

332.25 0 1
332.25 1 2
332.25 2 10
332.25 3 17
332.25 4 14
332.25 5 3
332.25 6 0
332.25 7 8
332.25 8 10
332.25 9 15
332.25 10 14
332.25 11 15
332.25 12 2
332.25 13 2
332.25 14 10
332.25 15 10
332.25 16 7
332.25 17 7
332.25 18 9
332.25 19 4
