10 10 3 4

0.2 0 2
0.2 1 9
0.2 2 7
0.2 6 7

0 249 346 481 292 382 256 378 383 51 
249 0 317 95 115 154 487 124 228 316 
346 317 0 448 61 427 57 444 287 391 
481 95 448 0 307 464 104 301 338 269 
292 115 61 307 0 477 379 123 73 122 
382 154 427 464 477 0 129 122 104 272 
256 487 57 104 379 129 0 151 74 374 
378 124 444 301 123 122 151 0 118 256 
383 228 287 338 73 104 74 118 0 442 
51 316 391 269 122 272 374 256 442 0 

196.25 0 7
196.25 1 6
196.25 2 1
196.25 3 7
196.25 4 8
196.25 5 6
196.25 6 8
196.25 7 2
196.25 8 6
196.25 9 2
