20 20 4 47

0.4 0 1
0.4 0 4
0.4 0 5
0.4 0 15
0.4 1 4
0.4 1 6
0.4 1 9
0.4 1 13
0.4 1 16
0.4 1 18
0.4 2 5
0.4 2 9
0.4 2 12
0.4 2 15
0.4 2 16
0.4 2 19
0.4 3 10
0.4 3 12
0.4 3 15
0.4 3 17
0.4 4 5
0.4 4 7
0.4 4 8
0.4 4 15
0.4 4 16
0.4 5 8
0.4 5 12
0.4 5 13
0.4 5 15
0.4 6 9
0.4 6 11
0.4 6 16
0.4 7 8
0.4 7 9
0.4 7 15
0.4 9 10
0.4 9 15
0.4 10 12
0.4 10 14
0.4 10 15
0.4 11 12
0.4 11 17
0.4 12 13
0.4 13 18
0.4 14 17
0.4 14 19
0.4 16 18

0 108 474 352 409 97 193 321 396 500 63 138 327 364 258 442 119 233 460 321 
108 0 359 378 338 475 308 485 203 177 106 88 60 254 400 190 405 200 408 139 
474 359 0 102 198 438 265 75 175 305 266 117 491 255 330 66 472 289 215 467 
352 378 102 0 142 400 301 499 455 197 486 440 339 444 324 340 469 72 218 348 
409 338 198 142 0 185 158 267 383 270 113 434 415 343 167 260 442 411 250 382 
97 475 438 400 185 0 191 454 241 352 374 478 467 345 193 271 51 266 55 347 
193 308 265 301 158 191 0 351 62 379 383 321 190 57 358 301 135 79 283 291 
321 485 75 499 267 454 351 0 468 414 384 144 293 457 178 203 134 320 219 400 
396 203 175 455 383 241 62 468 0 251 114 360 380 433 390 320 115 85 235 218 
500 177 305 197 270 352 379 414 251 0 164 61 148 95 196 352 470 381 251 160 
63 106 266 486 113 374 383 384 114 164 0 363 62 281 299 418 474 444 401 389 
138 88 117 440 434 478 321 144 360 61 363 0 192 128 356 277 261 68 270 157 
327 60 491 339 415 467 190 293 380 148 62 192 0 236 92 284 475 371 54 385 
364 254 255 444 343 345 57 457 433 95 281 128 236 0 298 219 85 163 172 348 
258 400 330 324 167 193 358 178 390 196 299 356 92 298 0 264 304 282 209 65 
442 190 66 340 260 271 301 203 320 352 418 277 284 219 264 0 272 440 411 306 
119 405 472 469 442 51 135 134 115 470 474 261 475 85 304 272 0 274 167 65 
233 200 289 72 411 266 79 320 85 381 444 68 371 163 282 440 274 0 231 472 
460 408 215 218 250 55 283 219 235 251 401 270 54 172 209 411 167 231 0 312 
321 139 467 348 382 347 291 400 218 160 389 157 385 348 65 306 65 472 312 0 

657.5 0 6
657.5 1 7
657.5 2 15
657.5 3 1
657.5 4 2
657.5 5 0
657.5 6 1
657.5 7 3
657.5 8 15
657.5 9 3
657.5 10 6
657.5 11 4
657.5 12 13
657.5 13 6
657.5 14 18
657.5 15 7
657.5 16 4
657.5 17 10
657.5 18 16
657.5 19 14
