20 20 3 19

0.4 0 1
0.4 0 2
0.4 0 14
0.4 2 14
0.4 2 15
0.4 3 8
0.4 3 18
0.4 4 7
0.4 4 11
0.4 4 17
0.4 5 11
0.4 5 18
0.4 6 7
0.4 6 17
0.4 8 16
0.4 8 17
0.4 9 18
0.4 14 15
0.4 14 19

0 170 419 184 331 441 471 481 412 338 174 111 477 249 274 252 402 197 308 233 
170 0 455 165 336 234 134 129 155 252 496 295 366 317 377 460 364 84 185 262 
419 455 0 325 114 182 81 146 109 231 277 246 81 302 272 378 328 408 379 355 
184 165 325 0 473 108 361 312 288 159 413 493 208 310 112 198 278 345 197 76 
331 336 114 473 0 332 334 155 74 431 112 414 475 346 197 415 135 206 317 266 
441 234 182 108 332 0 411 120 63 171 111 351 219 101 101 401 390 308 271 76 
471 134 81 361 334 411 0 432 422 343 323 308 85 206 88 206 426 51 332 456 
481 129 146 312 155 120 432 0 189 319 93 201 73 472 269 431 393 136 217 400 
412 155 109 288 74 63 422 189 0 437 190 131 488 370 339 246 428 53 453 81 
338 252 231 159 431 171 343 319 437 0 175 321 472 451 246 258 401 466 212 385 
174 496 277 413 112 111 323 93 190 175 0 330 405 424 243 136 232 430 67 136 
111 295 246 493 414 351 308 201 131 321 330 0 240 118 57 424 381 184 399 438 
477 366 81 208 475 219 85 73 488 472 405 240 0 364 489 334 351 299 287 177 
249 317 302 310 346 101 206 472 370 451 424 118 364 0 474 294 239 223 341 395 
274 377 272 112 197 101 88 269 339 246 243 57 489 474 0 347 369 481 302 122 
252 460 378 198 415 401 206 431 246 258 136 424 334 294 347 0 324 200 77 262 
402 364 328 278 135 390 426 393 428 401 232 381 351 239 369 324 0 293 248 91 
197 84 408 345 206 308 51 136 53 466 430 184 299 223 481 200 293 0 354 389 
308 185 379 197 317 271 332 217 453 212 67 399 287 341 302 77 248 354 0 240 
233 262 355 76 266 76 456 400 81 385 136 438 177 395 122 262 91 389 240 0 

778 0 1
778 1 7
778 2 7
778 3 0
778 4 15
778 5 9
778 6 11
778 7 10
778 8 7
778 9 4
778 10 8
778 11 9
778 12 15
778 13 5
778 14 11
778 15 7
778 16 12
778 17 0
778 18 3
778 19 2
