10 10 4 4

0.25 0 3
0.25 2 8
0.25 7 8
0.25 7 9

0 436 68 381 409 318 145 459 363 436 
436 0 280 485 151 85 355 115 444 500 
68 280 0 239 90 91 341 144 260 59 
381 485 239 0 166 287 278 97 54 233 
409 151 90 166 0 320 101 446 218 372 
318 85 91 287 320 0 80 291 247 84 
145 355 341 278 101 80 0 343 385 268 
459 115 144 97 446 291 343 0 409 413 
363 444 260 54 218 247 385 409 0 321 
436 500 59 233 372 84 268 413 321 0 

183 0 7
183 1 6
183 2 3
183 3 5
183 4 7
183 5 8
183 6 4
183 7 6
183 8 0
183 9 3
