20 20 3 19

0.4 0 9
0.4 1 3
0.4 1 14
0.4 1 16
0.4 1 17
0.4 3 7
0.4 3 13
0.4 3 14
0.4 4 10
0.4 4 11
0.4 4 12
0.4 6 7
0.4 7 18
0.4 9 19
0.4 10 14
0.4 11 15
0.4 15 16
0.4 16 17
0.4 17 19

0 484 79 421 250 365 438 353 303 358 385 480 491 240 315 274 451 416 203 80 
484 0 258 414 175 236 267 181 122 407 52 416 416 193 90 472 170 389 69 302 
79 258 0 152 401 157 224 444 291 397 449 340 274 78 485 266 97 356 369 153 
421 414 152 0 138 264 71 397 286 465 315 148 387 174 84 72 247 438 492 341 
250 175 401 138 0 234 72 351 151 251 73 219 381 200 392 418 361 306 364 296 
365 236 157 264 234 0 242 427 500 261 227 412 232 404 108 410 339 472 288 471 
438 267 224 71 72 242 0 169 207 201 57 146 355 239 75 307 138 244 111 174 
353 181 444 397 351 427 169 0 64 359 376 455 288 357 307 91 420 104 222 412 
303 122 291 286 151 500 207 64 0 231 359 270 297 139 89 316 120 287 453 343 
358 407 397 465 251 261 201 359 231 0 207 352 292 154 168 210 151 160 55 306 
385 52 449 315 73 227 57 376 359 207 0 368 379 197 394 280 459 334 424 67 
480 416 340 148 219 412 146 455 270 352 368 0 299 445 271 380 238 166 144 373 
491 416 274 387 381 232 355 288 297 292 379 299 0 79 229 56 252 373 179 314 
240 193 78 174 200 404 239 357 139 154 197 445 79 0 388 141 436 425 269 427 
315 90 485 84 392 108 75 307 89 168 394 271 229 388 0 283 418 399 59 148 
274 472 266 72 418 410 307 91 316 210 280 380 56 141 283 0 139 323 274 182 
451 170 97 247 361 339 138 420 120 151 459 238 252 436 418 139 0 302 331 174 
416 389 356 438 306 472 244 104 287 160 334 166 373 425 399 323 302 0 203 219 
203 69 369 492 364 288 111 222 453 55 424 144 179 269 59 274 331 203 0 177 
80 302 153 341 296 471 174 412 343 306 67 373 314 427 148 182 174 219 177 0 

736 0 10
736 1 15
736 2 11
736 3 5
736 4 11
736 5 16
736 6 18
736 7 8
736 8 2
736 9 2
736 10 15
736 11 4
736 12 15
736 13 4
736 14 6
736 15 7
736 16 9
736 17 18
736 18 12
736 19 16
