40 40 4 195

0.4 0 13
0.4 0 29
0.4 0 36
0.4 1 5
0.4 1 11
0.4 1 33
0.4 1 34
0.4 1 35
0.4 2 6
0.4 2 19
0.4 2 20
0.4 2 27
0.4 2 28
0.4 2 31
0.4 2 32
0.4 2 36
0.4 2 39
0.4 3 4
0.4 3 7
0.4 3 10
0.4 3 13
0.4 3 15
0.4 3 17
0.4 3 26
0.4 3 27
0.4 3 31
0.4 3 33
0.4 3 38
0.4 4 7
0.4 4 11
0.4 4 12
0.4 4 16
0.4 4 24
0.4 4 28
0.4 4 32
0.4 4 36
0.4 4 37
0.4 5 15
0.4 5 23
0.4 5 26
0.4 5 28
0.4 5 30
0.4 5 32
0.4 5 34
0.4 5 35
0.4 6 14
0.4 6 22
0.4 6 30
0.4 6 31
0.4 7 8
0.4 7 10
0.4 7 13
0.4 7 15
0.4 7 21
0.4 7 33
0.4 7 36
0.4 7 37
0.4 8 12
0.4 8 13
0.4 8 14
0.4 8 21
0.4 8 23
0.4 8 32
0.4 8 37
0.4 8 38
0.4 9 11
0.4 9 20
0.4 9 21
0.4 9 24
0.4 9 28
0.4 9 35
0.4 9 37
0.4 9 38
0.4 10 11
0.4 10 18
0.4 10 24
0.4 10 26
0.4 10 27
0.4 10 32
0.4 10 38
0.4 11 12
0.4 11 20
0.4 11 25
0.4 11 27
0.4 11 33
0.4 11 34
0.4 11 36
0.4 11 38
0.4 11 39
0.4 12 14
0.4 12 18
0.4 12 19
0.4 12 22
0.4 12 23
0.4 12 31
0.4 12 36
0.4 13 14
0.4 13 18
0.4 13 29
0.4 13 30
0.4 13 32
0.4 13 33
0.4 13 36
0.4 14 22
0.4 14 27
0.4 14 35
0.4 15 16
0.4 15 19
0.4 15 20
0.4 15 21
0.4 15 24
0.4 15 29
0.4 15 31
0.4 16 28
0.4 16 30
0.4 16 35
0.4 16 38
0.4 17 19
0.4 17 20
0.4 17 25
0.4 17 32
0.4 17 33
0.4 17 38
0.4 18 20
0.4 18 21
0.4 18 22
0.4 18 26
0.4 18 29
0.4 18 37
0.4 18 39
0.4 19 20
0.4 19 23
0.4 19 28
0.4 19 29
0.4 19 33
0.4 19 36
0.4 19 37
0.4 20 21
0.4 20 24
0.4 20 30
0.4 20 31
0.4 21 27
0.4 21 28
0.4 21 31
0.4 21 32
0.4 21 33
0.4 21 34
0.4 21 36
0.4 21 39
0.4 22 27
0.4 22 30
0.4 22 33
0.4 22 35
0.4 22 39
0.4 23 28
0.4 23 32
0.4 23 34
0.4 23 35
0.4 23 38
0.4 23 39
0.4 24 25
0.4 24 30
0.4 24 35
0.4 24 36
0.4 25 26
0.4 25 27
0.4 25 29
0.4 25 31
0.4 25 37
0.4 26 32
0.4 26 35
0.4 26 36
0.4 26 37
0.4 26 39
0.4 27 28
0.4 27 29
0.4 28 30
0.4 28 31
0.4 28 35
0.4 28 36
0.4 28 38
0.4 29 36
0.4 30 31
0.4 30 32
0.4 30 37
0.4 31 32
0.4 31 33
0.4 31 37
0.4 32 33
0.4 33 36
0.4 33 39
0.4 34 36
0.4 35 38
0.4 36 38
0.4 37 38

0 75 96 178 359 446 163 257 223 448 474 269 163 387 185 474 300 404 445 279 494 371 463 274 180 434 359 111 411 375 205 261 287 172 268 162 482 160 464 101 
75 0 120 459 409 281 428 359 405 198 165 421 300 373 187 238 445 206 127 120 120 472 414 304 164 394 348 278 493 388 387 102 62 186 65 228 144 387 120 483 
96 120 0 478 348 336 186 328 194 281 166 474 498 303 373 131 470 167 375 224 376 52 55 432 225 127 69 114 151 291 359 485 304 242 161 164 309 279 215 232 
178 459 478 0 312 306 431 52 455 295 159 275 394 232 427 267 437 377 303 486 404 231 162 76 205 337 406 428 265 285 92 326 319 486 404 117 135 484 427 466 
359 409 348 312 0 241 474 59 207 216 303 143 302 459 283 124 73 488 52 65 211 284 288 363 199 140 402 85 310 380 177 144 157 308 343 440 442 440 266 440 
446 281 336 306 241 0 271 110 471 226 346 134 420 68 222 454 152 327 327 328 216 334 462 198 114 295 55 179 380 392 143 161 171 186 389 339 88 254 262 173 
163 428 186 431 474 271 0 56 339 283 136 419 327 143 297 276 426 153 409 104 282 169 83 410 78 195 339 275 329 500 423 419 237 328 456 348 136 336 265 434 
257 359 328 52 59 110 56 0 165 52 59 304 84 372 289 63 246 257 424 450 130 178 440 333 352 477 296 105 238 190 275 273 136 71 55 154 291 284 356 220 
223 405 194 455 207 471 339 165 0 238 204 292 422 287 426 412 399 446 205 219 167 419 473 194 338 409 340 84 171 478 349 386 264 346 469 348 166 472 118 60 
448 198 281 295 216 226 283 52 238 0 414 146 64 63 190 295 214 398 204 462 280 316 161 128 88 371 175 177 214 84 319 267 210 212 280 72 103 257 229 100 
474 165 166 159 303 346 136 59 204 414 0 350 57 345 90 363 378 119 385 425 374 349 67 453 283 182 142 317 463 134 253 91 385 129 215 294 476 440 208 459 
269 421 474 275 143 134 419 304 292 146 350 0 294 61 346 283 296 435 134 154 238 168 200 406 121 107 341 129 226 149 383 345 108 118 58 143 146 341 458 331 
163 300 498 394 302 420 327 84 422 64 57 294 0 363 467 81 255 185 379 313 58 386 163 241 402 191 77 179 456 248 159 356 65 454 225 372 138 131 442 179 
387 373 303 232 459 68 143 372 287 63 345 61 363 0 124 132 430 201 420 125 200 431 248 241 431 417 118 363 346 303 352 407 291 334 434 468 268 384 469 250 
185 187 373 427 283 222 297 289 426 190 90 346 467 124 0 334 469 476 244 438 168 278 191 368 237 165 249 462 250 81 337 196 255 446 296 478 421 357 281 376 
474 238 131 267 124 454 276 63 412 295 363 283 81 132 334 0 85 435 292 187 250 96 203 274 441 479 154 271 84 410 412 399 171 269 350 481 205 465 180 86 
300 445 470 437 73 152 426 246 399 214 378 296 255 430 469 85 0 352 293 135 215 353 367 387 125 456 250 203 475 149 383 319 316 80 468 84 162 353 167 465 
404 206 167 377 488 327 153 257 446 398 119 435 185 201 476 435 352 0 121 441 202 267 319 340 315 399 62 489 319 281 247 286 491 418 178 293 375 183 82 425 
445 127 375 303 52 327 409 424 205 204 385 134 379 420 244 292 293 121 0 221 60 383 329 141 149 306 295 339 496 445 267 352 473 83 402 118 238 56 321 137 
279 120 224 486 65 328 104 450 219 462 425 154 313 125 438 187 135 441 221 0 371 470 182 404 481 113 374 158 452 330 371 292 108 383 117 361 310 103 373 369 
494 120 376 404 211 216 282 130 167 280 374 238 58 200 168 250 215 202 60 371 0 497 374 490 55 329 177 142 229 307 398 156 353 102 316 395 176 324 292 219 
371 472 52 231 284 334 169 178 419 316 349 168 386 431 278 96 353 267 383 470 497 0 203 461 340 493 273 296 484 440 304 249 429 394 138 248 262 239 338 317 
463 414 55 162 288 462 83 440 473 161 67 200 163 248 191 203 367 319 329 182 374 203 0 152 348 260 85 377 498 489 177 95 360 431 327 83 327 199 200 72 
274 304 432 76 363 198 410 333 194 128 453 406 241 241 368 274 387 340 141 404 490 461 152 0 487 160 282 387 337 486 93 490 342 480 395 441 92 301 58 451 
180 164 225 205 199 114 78 352 338 88 283 121 402 431 237 441 125 315 149 481 55 340 348 487 0 308 79 376 332 180 292 293 428 53 180 302 495 435 99 423 
434 394 127 337 140 295 195 477 409 371 182 107 191 417 165 479 456 399 306 113 329 493 260 160 308 0 355 261 293 486 369 93 404 129 466 74 435 256 345 295 
359 348 69 406 402 55 339 296 340 175 142 341 77 118 249 154 250 62 295 374 177 273 85 282 79 355 0 366 421 78 223 358 199 336 96 67 233 260 405 153 
111 278 114 428 85 179 275 105 84 177 317 129 179 363 462 271 203 489 339 158 142 296 377 387 376 261 366 0 218 462 277 222 356 189 348 209 389 67 88 455 
411 493 151 265 310 380 329 238 171 214 463 226 456 346 250 84 475 319 496 452 229 484 498 337 332 293 421 218 0 485 397 76 430 446 285 76 478 328 229 491 
375 388 291 285 380 392 500 190 478 84 134 149 248 303 81 410 149 281 445 330 307 440 489 486 180 486 78 462 485 0 392 254 159 218 370 402 489 60 447 67 
205 387 359 92 177 143 423 275 349 319 253 383 159 352 337 412 383 247 267 371 398 304 177 93 292 369 223 277 397 392 0 320 176 319 408 435 107 54 282 252 
261 102 485 326 144 161 419 273 386 267 91 345 356 407 196 399 319 286 352 292 156 249 95 490 293 93 358 222 76 254 320 0 424 324 52 188 459 195 400 298 
287 62 304 319 157 171 237 136 264 210 385 108 65 291 255 171 316 491 473 108 353 429 360 342 428 404 199 356 430 159 176 424 0 354 385 336 133 397 273 500 
172 186 242 486 308 186 328 71 346 212 129 118 454 334 446 269 80 418 83 383 102 394 431 480 53 129 336 189 446 218 319 324 354 0 276 306 122 283 447 190 
268 65 161 404 343 389 456 55 469 280 215 58 225 434 296 350 468 178 402 117 316 138 327 395 180 466 96 348 285 370 408 52 385 276 0 462 301 178 82 263 
162 228 164 117 440 339 348 154 348 72 294 143 372 468 478 481 84 293 118 361 395 248 83 441 302 74 67 209 76 402 435 188 336 306 462 0 281 336 245 195 
482 144 309 135 442 88 136 291 166 103 476 146 138 268 421 205 162 375 238 310 176 262 327 92 495 435 233 389 478 489 107 459 133 122 301 281 0 487 415 314 
160 387 279 484 440 254 336 284 472 257 440 341 131 384 357 465 353 183 56 103 324 239 199 301 435 256 260 67 328 60 54 195 397 283 178 336 487 0 297 404 
464 120 215 427 266 262 265 356 118 229 208 458 442 469 281 180 167 82 321 373 292 338 200 58 99 345 405 88 229 447 282 400 273 447 82 245 415 297 0 122 
101 483 232 466 440 173 434 220 60 100 459 331 179 250 376 86 465 425 137 369 219 317 72 451 423 295 153 455 491 67 252 298 500 190 263 195 314 404 122 0 

1212.5 0 17
1212.5 1 0
1212.5 2 17
1212.5 3 1
1212.5 4 11
1212.5 5 17
1212.5 6 14
1212.5 7 13
1212.5 8 13
1212.5 9 24
1212.5 10 11
1212.5 11 29
1212.5 12 4
1212.5 13 10
1212.5 14 25
1212.5 15 18
1212.5 16 5
1212.5 17 29
1212.5 18 31
1212.5 19 3
1212.5 20 36
1212.5 21 33
1212.5 22 10
1212.5 23 18
1212.5 24 33
1212.5 25 3
1212.5 26 24
1212.5 27 25
1212.5 28 37
1212.5 29 37
1212.5 30 26
1212.5 31 15
1212.5 32 26
1212.5 33 34
1212.5 34 6
1212.5 35 37
1212.5 36 0
1212.5 37 20
1212.5 38 0
1212.5 39 13
