40 40 4 156

0.3 0 1
0.3 0 4
0.3 0 5
0.3 0 6
0.3 0 7
0.3 0 14
0.3 0 18
0.3 1 11
0.3 1 18
0.3 1 25
0.3 1 30
0.3 2 15
0.3 2 17
0.3 2 19
0.3 2 22
0.3 2 23
0.3 2 26
0.3 2 27
0.3 2 35
0.3 3 9
0.3 3 12
0.3 3 15
0.3 3 20
0.3 3 21
0.3 3 34
0.3 3 38
0.3 3 39
0.3 4 8
0.3 4 11
0.3 4 16
0.3 4 17
0.3 4 19
0.3 4 25
0.3 5 16
0.3 5 17
0.3 5 19
0.3 5 22
0.3 5 26
0.3 5 27
0.3 5 34
0.3 6 10
0.3 6 11
0.3 6 25
0.3 6 26
0.3 6 34
0.3 6 39
0.3 7 10
0.3 7 13
0.3 7 14
0.3 7 23
0.3 7 26
0.3 7 33
0.3 7 39
0.3 8 12
0.3 8 18
0.3 8 19
0.3 8 27
0.3 8 31
0.3 8 32
0.3 8 39
0.3 9 16
0.3 9 20
0.3 9 28
0.3 9 34
0.3 9 38
0.3 10 11
0.3 10 23
0.3 10 24
0.3 10 29
0.3 10 33
0.3 10 36
0.3 10 39
0.3 11 17
0.3 11 20
0.3 11 22
0.3 11 25
0.3 11 30
0.3 11 34
0.3 11 35
0.3 11 36
0.3 11 37
0.3 12 14
0.3 12 21
0.3 12 22
0.3 12 24
0.3 12 26
0.3 12 27
0.3 12 31
0.3 13 23
0.3 13 34
0.3 13 39
0.3 14 19
0.3 14 21
0.3 14 25
0.3 14 27
0.3 14 36
0.3 15 21
0.3 15 22
0.3 15 23
0.3 15 34
0.3 15 37
0.3 15 38
0.3 16 28
0.3 16 29
0.3 16 38
0.3 17 20
0.3 17 27
0.3 17 31
0.3 17 35
0.3 18 22
0.3 18 27
0.3 18 31
0.3 19 26
0.3 19 29
0.3 19 35
0.3 20 26
0.3 20 29
0.3 21 22
0.3 21 23
0.3 21 24
0.3 21 25
0.3 21 33
0.3 21 38
0.3 22 31
0.3 23 29
0.3 23 31
0.3 23 32
0.3 23 33
0.3 23 38
0.3 24 25
0.3 24 32
0.3 24 35
0.3 24 36
0.3 24 37
0.3 25 27
0.3 25 32
0.3 25 35
0.3 25 38
0.3 26 30
0.3 26 32
0.3 27 28
0.3 27 34
0.3 27 35
0.3 28 33
0.3 29 30
0.3 30 33
0.3 31 35
0.3 31 36
0.3 32 36
0.3 32 39
0.3 33 35
0.3 33 38
0.3 33 39
0.3 34 35
0.3 34 38
0.3 37 39

0 494 115 56 262 346 158 284 442 479 210 348 295 236 411 485 436 248 263 339 290 331 111 241 466 140 450 343 388 178 371 257 279 419 238 406 455 386 371 233 
494 0 383 469 221 222 461 128 323 410 143 405 201 308 143 389 227 94 286 207 93 486 145 410 109 296 411 77 181 404 63 392 338 76 367 197 458 351 357 164 
115 383 0 83 354 493 490 202 149 283 88 316 263 471 471 224 191 107 58 51 139 244 155 84 172 75 428 250 494 352 80 267 126 327 282 442 363 191 496 425 
56 469 83 0 378 293 129 429 191 332 200 179 78 380 143 283 285 481 253 93 91 428 292 411 188 113 378 284 421 65 481 494 479 90 496 135 384 349 217 345 
262 221 354 378 0 207 155 182 388 494 429 102 239 228 72 331 197 131 299 125 308 54 90 434 113 496 180 230 474 84 365 128 416 441 378 94 212 291 52 155 
346 222 493 293 207 0 307 244 238 335 194 138 256 182 324 483 491 296 443 82 58 443 205 429 453 476 427 406 70 345 302 131 415 308 341 443 210 228 246 235 
158 461 490 129 155 307 0 332 198 53 213 485 363 358 388 253 63 440 338 72 499 67 303 449 81 481 469 402 377 192 271 296 481 304 230 260 452 313 171 323 
284 128 202 429 182 244 332 0 112 486 212 243 242 300 430 417 227 499 449 209 162 495 274 97 215 217 182 365 465 264 209 349 264 108 191 430 249 255 207 144 
442 323 149 191 388 238 198 112 0 128 272 233 242 480 87 417 379 212 206 147 383 395 276 284 193 85 452 284 458 365 445 498 412 234 50 254 257 325 401 276 
479 410 283 332 494 335 53 486 128 0 366 223 197 469 172 141 443 81 302 207 462 162 267 59 197 152 288 288 282 275 485 447 427 314 175 347 441 346 130 172 
210 143 88 200 429 194 213 212 272 366 0 147 402 115 168 275 264 480 265 73 73 221 104 192 457 355 385 291 366 228 281 333 303 454 179 362 330 440 162 472 
348 405 316 179 102 138 485 243 233 223 147 0 91 158 293 216 257 134 420 147 238 392 261 389 310 355 428 459 322 78 219 278 396 239 105 331 465 494 492 410 
295 201 263 78 239 256 363 242 242 197 402 91 0 70 242 121 317 359 457 69 300 412 217 57 337 104 268 177 272 264 420 372 299 282 381 341 464 248 310 169 
236 308 471 380 228 182 358 300 480 469 115 158 70 0 116 450 57 429 148 493 230 310 238 439 385 142 101 242 153 300 309 459 469 105 226 282 147 449 272 460 
411 143 471 143 72 324 388 430 87 172 168 293 242 116 0 281 205 365 168 139 239 433 472 300 258 70 463 453 319 106 433 293 395 255 126 131 327 449 282 209 
485 389 224 283 331 483 253 417 417 141 275 216 121 450 281 0 383 50 257 284 343 219 159 311 385 455 126 61 230 486 426 61 66 97 494 258 479 253 91 75 
436 227 191 285 197 491 63 227 379 443 264 257 317 57 205 383 0 155 412 453 305 74 462 212 375 289 407 169 280 160 122 141 109 71 421 73 219 455 350 251 
248 94 107 481 131 296 440 499 212 81 480 134 359 429 365 50 155 0 355 389 478 187 467 76 475 477 317 427 267 375 175 121 467 163 94 110 402 141 378 104 
263 286 58 253 299 443 338 449 206 302 265 420 457 148 168 257 412 355 0 226 121 332 54 77 283 264 388 112 389 423 292 186 202 489 211 156 303 230 183 191 
339 207 51 93 125 82 72 209 147 207 73 147 69 493 139 284 453 389 226 0 464 408 123 473 470 333 255 338 498 146 203 383 442 262 85 64 455 160 290 109 
290 93 139 91 308 58 499 162 383 462 73 238 300 230 239 343 305 478 121 464 0 149 394 494 482 117 93 52 143 142 304 275 241 217 480 366 55 84 282 199 
331 486 244 428 54 443 67 495 395 162 221 392 412 310 433 219 74 187 332 408 149 0 396 244 222 473 342 225 315 311 389 196 348 408 399 125 300 75 93 365 
111 145 155 292 90 205 303 274 276 267 104 261 217 238 472 159 462 467 54 123 394 396 0 211 270 217 251 362 110 144 51 271 420 435 492 118 437 371 407 314 
241 410 84 411 434 429 449 97 284 59 192 389 57 439 300 311 212 76 77 473 494 244 211 0 292 442 69 390 431 442 114 276 467 482 306 286 271 389 292 259 
466 109 172 188 113 453 81 215 193 197 457 310 337 385 258 385 375 475 283 470 482 222 270 292 0 447 105 431 318 126 239 260 314 250 263 397 206 386 396 410 
140 296 75 113 496 476 481 217 85 152 355 355 104 142 70 455 289 477 264 333 117 473 217 442 447 0 83 405 492 411 443 216 135 120 104 290 444 234 410 130 
450 411 428 378 180 427 469 182 452 288 385 428 268 101 463 126 407 317 388 255 93 342 251 69 105 83 0 231 292 372 397 219 185 365 213 482 345 405 152 278 
343 77 250 284 230 406 402 365 284 288 291 459 177 242 453 61 169 427 112 338 52 225 362 390 431 405 231 0 414 150 149 364 177 113 322 266 261 410 389 133 
388 181 494 421 474 70 377 465 458 282 366 322 272 153 319 230 280 267 389 498 143 315 110 431 318 492 292 414 0 402 71 71 157 408 466 200 355 411 468 156 
178 404 352 65 84 345 192 264 365 275 228 78 264 300 106 486 160 375 423 146 142 311 144 442 126 411 372 150 402 0 497 240 131 108 246 301 361 304 254 492 
371 63 80 481 365 302 271 209 445 485 281 219 420 309 433 426 122 175 292 203 304 389 51 114 239 443 397 149 71 497 0 360 244 412 163 368 157 146 110 429 
257 392 267 494 128 131 296 349 498 447 333 278 372 459 293 61 141 121 186 383 275 196 271 276 260 216 219 364 71 240 360 0 142 327 203 105 309 52 94 339 
279 338 126 479 416 415 481 264 412 427 303 396 299 469 395 66 109 467 202 442 241 348 420 467 314 135 185 177 157 131 244 142 0 135 320 204 318 154 317 156 
419 76 327 90 441 308 304 108 234 314 454 239 282 105 255 97 71 163 489 262 217 408 435 482 250 120 365 113 408 108 412 327 135 0 395 309 226 494 312 353 
238 367 282 496 378 341 230 191 50 175 179 105 381 226 126 494 421 94 211 85 480 399 492 306 263 104 213 322 466 246 163 203 320 395 0 397 400 352 468 390 
406 197 442 135 94 443 260 430 254 347 362 331 341 282 131 258 73 110 156 64 366 125 118 286 397 290 482 266 200 301 368 105 204 309 397 0 236 152 319 468 
455 458 363 384 212 210 452 249 257 441 330 465 464 147 327 479 219 402 303 455 55 300 437 271 206 444 345 261 355 361 157 309 318 226 400 236 0 221 264 294 
386 351 191 349 291 228 313 255 325 346 440 494 248 449 449 253 455 141 230 160 84 75 371 389 386 234 405 410 411 304 146 52 154 494 352 152 221 0 345 212 
371 357 496 217 52 246 171 207 401 130 162 492 310 272 282 91 350 378 183 290 282 93 407 292 396 410 152 389 468 254 110 94 317 312 468 319 264 345 0 111 
233 164 425 345 155 235 323 144 276 172 472 410 169 460 209 75 251 104 191 109 199 365 314 259 410 130 278 133 156 492 429 339 156 353 390 468 294 212 111 0 

821.04 0 27
821.04 1 17
821.04 2 1
821.04 3 4
821.04 4 2
821.04 5 10
821.04 6 23
821.04 7 18
821.04 8 24
821.04 9 25
821.04 10 3
821.04 11 23
821.04 12 18
821.04 13 30
821.04 14 17
821.04 15 16
821.04 16 21
821.04 17 7
821.04 18 9
821.04 19 15
821.04 20 17
821.04 21 1
821.04 22 23
821.04 23 3
821.04 24 20
821.04 25 8
821.04 26 30
821.04 27 29
821.04 28 35
821.04 29 8
821.04 30 38
821.04 31 23
821.04 32 14
821.04 33 1
821.04 34 16
821.04 35 5
821.04 36 0
821.04 37 0
821.04 38 23
821.04 39 14
