10 10 4 9

0.3 0 4
0.3 1 2
0.3 2 7
0.3 3 6
0.3 4 7
0.3 4 9
0.3 5 9
0.3 6 8
0.3 7 9

0 206 459 475 422 383 405 406 282 243 
206 0 331 375 221 110 495 411 85 296 
459 331 0 398 377 96 216 493 101 295 
475 375 398 0 425 465 391 355 194 119 
422 221 377 425 0 336 114 125 250 221 
383 110 96 465 336 0 71 68 139 384 
405 495 216 391 114 71 0 182 168 180 
406 411 493 355 125 68 182 0 124 474 
282 85 101 194 250 139 168 124 0 104 
243 296 295 119 221 384 180 474 104 0 

318.12 0 2
318.12 1 8
318.12 2 0
318.12 3 4
318.12 4 8
318.12 5 6
318.12 6 1
318.12 7 6
318.12 8 6
318.12 9 8
