50 50 3 122

0.2 0 3
0.2 0 8
0.2 0 14
0.2 0 15
0.2 0 16
0.2 0 26
0.2 0 35
0.2 0 36
0.2 0 41
0.2 1 3
0.2 1 7
0.2 2 5
0.2 2 16
0.2 2 20
0.2 2 32
0.2 3 7
0.2 3 21
0.2 3 36
0.2 3 49
0.2 4 12
0.2 4 15
0.2 4 29
0.2 4 31
0.2 5 7
0.2 5 11
0.2 5 17
0.2 5 38
0.2 5 45
0.2 6 12
0.2 6 35
0.2 6 38
0.2 7 33
0.2 7 44
0.2 7 49
0.2 8 30
0.2 8 31
0.2 9 33
0.2 9 49
0.2 10 12
0.2 10 15
0.2 10 39
0.2 10 46
0.2 11 13
0.2 11 21
0.2 11 25
0.2 11 38
0.2 11 45
0.2 12 30
0.2 13 16
0.2 13 18
0.2 13 21
0.2 13 30
0.2 14 21
0.2 14 31
0.2 14 34
0.2 14 37
0.2 15 16
0.2 15 24
0.2 16 18
0.2 16 20
0.2 16 22
0.2 16 23
0.2 16 28
0.2 16 31
0.2 16 35
0.2 17 24
0.2 17 25
0.2 17 29
0.2 17 31
0.2 17 39
0.2 17 46
0.2 17 47
0.2 18 29
0.2 18 30
0.2 18 36
0.2 18 39
0.2 18 47
0.2 19 27
0.2 19 39
0.2 19 42
0.2 19 43
0.2 20 36
0.2 20 38
0.2 20 41
0.2 21 25
0.2 21 36
0.2 21 38
0.2 21 45
0.2 22 38
0.2 22 45
0.2 22 48
0.2 22 49
0.2 23 29
0.2 23 36
0.2 23 46
0.2 23 47
0.2 24 29
0.2 24 32
0.2 24 33
0.2 24 40
0.2 27 28
0.2 27 29
0.2 27 36
0.2 27 42
0.2 27 44
0.2 28 44
0.2 29 32
0.2 32 48
0.2 35 45
0.2 35 46
0.2 36 41
0.2 37 44
0.2 38 44
0.2 39 40
0.2 39 42
0.2 39 43
0.2 40 42
0.2 40 48
0.2 42 45
0.2 42 47
0.2 43 48
0.2 44 49

0 290 188 283 364 416 409 467 446 280 436 161 81 200 106 51 431 330 309 409 146 377 207 282 238 285 324 289 234 62 89 412 307 264 427 295 456 306 358 326 304 453 426 163 483 404 114 59 187 131 
290 0 386 369 391 54 219 437 80 88 340 410 498 392 77 128 376 391 78 409 485 226 387 84 476 125 327 487 207 445 65 498 152 363 232 500 141 311 258 189 446 407 126 115 222 395 130 101 115 384 
188 386 0 74 172 244 340 121 164 390 469 372 267 261 474 76 279 217 355 294 373 439 191 61 457 125 193 378 378 312 243 248 242 129 219 164 422 428 357 404 358 416 308 378 436 252 246 330 447 86 
283 369 74 0 236 288 491 159 236 158 482 435 177 382 345 226 214 56 139 113 63 440 449 254 459 203 150 374 72 247 484 155 168 310 182 193 173 122 204 99 224 396 340 464 240 378 133 192 438 75 
364 391 172 236 0 323 56 85 425 481 86 355 156 486 295 485 349 376 243 322 452 165 494 57 73 208 103 241 446 151 327 237 340 335 116 197 455 356 243 166 50 289 284 397 426 382 451 271 91 331 
416 54 244 288 323 0 163 450 256 305 476 158 248 471 446 174 331 341 355 70 425 444 353 328 425 53 201 201 364 189 196 74 473 255 185 488 383 128 62 145 170 182 361 286 487 366 451 451 395 168 
409 219 340 491 56 163 0 116 225 163 144 305 432 256 376 194 459 200 296 95 450 288 268 285 444 228 385 407 157 476 135 301 176 385 399 166 204 447 54 269 254 159 439 355 292 202 157 76 346 54 
467 437 121 159 85 450 116 0 293 432 52 297 269 164 292 366 294 448 200 423 353 409 171 494 218 396 385 140 75 303 222 322 368 467 198 462 414 357 168 259 147 115 161 448 452 135 289 66 444 465 
446 80 164 236 425 256 225 293 0 93 168 82 179 338 212 367 206 207 67 249 306 294 352 334 413 479 277 58 104 53 172 453 425 60 373 156 317 384 168 92 449 291 80 62 70 404 314 263 326 458 
280 88 390 158 481 305 163 432 93 0 423 61 231 165 52 164 457 70 418 226 484 123 460 442 234 391 294 460 64 132 388 179 305 375 266 462 339 347 352 339 363 407 239 120 229 253 137 247 410 440 
436 340 469 482 86 476 144 52 168 423 0 473 204 242 398 328 212 483 261 246 176 264 254 136 229 355 92 291 432 328 432 417 491 482 315 80 445 486 273 325 369 384 277 222 314 415 299 82 314 381 
161 410 372 435 355 158 305 297 82 61 473 0 225 272 166 481 416 395 346 113 401 147 284 232 166 51 280 149 401 314 461 385 65 368 169 460 167 450 478 213 132 208 437 64 341 151 480 214 463 388 
81 498 267 177 156 248 432 269 179 231 204 225 0 226 191 452 111 228 230 233 392 314 398 390 448 71 472 100 72 147 423 140 151 167 139 228 50 351 486 104 444 54 446 125 284 141 91 376 466 395 
200 392 261 382 486 471 256 164 338 165 242 272 226 0 373 443 329 181 401 55 291 343 401 337 264 54 438 274 148 467 453 95 85 90 363 429 98 218 220 313 176 415 372 271 80 267 209 178 481 50 
106 77 474 345 295 446 376 292 212 52 398 166 191 373 0 223 313 324 382 142 401 367 155 84 401 426 465 394 399 422 107 93 108 373 147 80 401 156 386 80 267 452 350 286 129 486 482 114 299 456 
51 128 76 226 485 174 194 366 367 164 328 481 452 443 223 0 434 158 327 294 455 473 97 157 198 434 363 142 172 169 389 404 55 98 267 351 423 140 241 147 263 103 332 51 117 387 312 229 288 415 
431 376 279 214 349 331 459 294 206 457 212 416 111 329 313 434 0 56 117 144 113 474 188 458 304 238 499 53 198 321 374 190 225 271 398 212 116 399 364 122 327 148 202 497 268 71 461 95 456 117 
330 391 217 56 376 341 200 448 207 70 483 395 228 181 324 158 56 0 388 335 178 317 64 142 342 361 466 121 172 320 434 417 475 422 121 398 53 152 116 158 159 377 185 100 281 312 387 95 171 461 
309 78 355 139 243 355 296 200 67 418 261 346 230 401 382 327 117 388 0 149 500 325 98 324 284 99 384 287 272 498 416 337 342 85 417 77 233 184 171 65 91 464 101 102 408 164 182 486 251 232 
409 409 294 113 322 70 95 423 249 226 246 113 233 55 142 294 144 335 149 0 242 487 261 419 486 392 52 468 498 225 193 105 487 475 77 215 206 447 266 428 318 301 70 76 325 255 220 94 408 284 
146 485 373 63 452 425 450 353 306 484 176 401 392 291 401 455 113 178 500 242 0 300 485 133 439 124 147 434 383 442 431 316 497 444 161 312 290 409 281 375 210 410 59 84 254 74 170 477 238 67 
377 226 439 440 165 444 288 409 294 123 264 147 314 343 367 473 474 317 325 487 300 0 195 221 120 206 318 285 343 269 140 475 72 424 226 153 231 255 161 101 147 407 274 230 332 338 385 449 241 443 
207 387 191 449 494 353 268 171 352 460 254 284 398 401 155 97 188 64 98 261 485 195 0 319 276 89 447 189 284 222 341 195 182 90 53 311 290 194 336 428 325 50 51 363 101 156 88 408 132 277 
282 84 61 254 57 328 285 494 334 442 136 232 390 337 84 157 458 142 324 419 133 221 319 0 302 135 458 74 106 324 407 363 360 310 414 384 338 231 310 320 294 389 299 114 123 273 106 196 273 484 
238 476 457 459 73 425 444 218 413 234 229 166 448 264 401 198 304 342 284 486 439 120 276 302 0 255 123 288 484 319 313 381 159 476 370 287 342 224 372 445 343 207 343 349 248 60 221 225 184 223 
285 125 125 203 208 53 228 396 479 391 355 51 71 54 426 434 238 361 99 392 124 206 89 135 255 0 339 493 68 456 372 214 102 96 390 291 307 196 419 393 234 180 272 60 182 216 310 358 339 438 
324 327 193 150 103 201 385 385 277 294 92 280 472 438 465 363 499 466 384 52 147 318 447 458 123 339 0 98 246 137 225 234 300 437 122 134 121 215 149 329 426 330 427 82 353 248 452 371 229 172 
289 487 378 374 241 201 407 140 58 460 291 149 100 274 394 142 53 121 287 468 434 285 189 74 288 493 98 0 57 302 475 312 421 180 428 97 247 491 266 492 411 335 276 127 177 411 423 187 209 191 
234 207 378 72 446 364 157 75 104 64 432 401 72 148 399 172 198 172 272 498 383 343 284 106 484 68 246 57 0 231 459 396 448 452 481 405 322 120 330 101 446 63 108 237 89 296 146 106 224 154 
62 445 312 247 151 189 476 303 53 132 328 314 147 467 422 169 321 320 498 225 442 269 222 324 319 456 137 302 231 0 477 399 406 108 495 310 469 322 50 350 83 369 345 202 305 270 194 217 456 305 
89 65 243 484 327 196 135 222 172 388 432 461 423 453 107 389 374 434 416 193 431 140 341 407 313 372 225 475 459 477 0 495 171 141 311 77 52 54 239 300 237 168 323 340 120 95 354 130 170 320 
412 498 248 155 237 74 301 322 453 179 417 385 140 95 93 404 190 417 337 105 316 475 195 363 381 214 234 312 396 399 495 0 462 423 407 406 278 132 187 377 250 467 484 351 278 199 210 115 117 442 
307 152 242 168 340 473 176 368 425 305 491 65 151 85 108 55 225 475 342 487 497 72 182 360 159 102 300 421 448 406 171 462 0 177 226 309 110 340 259 245 479 275 178 267 477 164 274 268 70 189 
264 363 129 310 335 255 385 467 60 375 482 368 167 90 373 98 271 422 85 475 444 424 90 310 476 96 437 180 452 108 141 423 177 0 480 398 424 188 302 410 301 290 130 425 263 53 99 166 116 357 
427 232 219 182 116 185 399 198 373 266 315 169 139 363 147 267 398 121 417 77 161 226 53 414 370 390 122 428 481 495 311 407 226 480 0 99 157 412 97 182 424 118 324 70 468 284 500 257 55 467 
295 500 164 193 197 488 166 462 156 462 80 460 228 429 80 351 212 398 77 215 312 153 311 384 287 291 134 97 405 310 77 406 309 398 99 0 64 195 208 118 235 64 412 370 402 496 225 246 318 226 
456 141 422 173 455 383 204 414 317 339 445 167 50 98 401 423 116 53 233 206 290 231 290 338 342 307 121 247 322 469 52 278 110 424 157 64 0 474 71 55 178 422 197 210 249 369 257 116 461 231 
306 311 428 122 356 128 447 357 384 347 486 450 351 218 156 140 399 152 184 447 409 255 194 231 224 196 215 491 120 322 54 132 340 188 412 195 474 0 102 401 384 434 469 131 466 436 157 490 351 227 
358 258 357 204 243 62 54 168 168 352 273 478 486 220 386 241 364 116 171 266 281 161 336 310 372 419 149 266 330 50 239 187 259 302 97 208 71 102 0 327 332 336 279 73 353 337 220 469 261 191 
326 189 404 99 166 145 269 259 92 339 325 213 104 313 80 147 122 158 65 428 375 101 428 320 445 393 329 492 101 350 300 377 245 410 182 118 55 401 327 0 126 419 227 223 476 272 277 329 493 188 
304 446 358 224 50 170 254 147 449 363 369 132 444 176 267 263 327 159 91 318 210 147 325 294 343 234 426 411 446 83 237 250 479 301 424 235 178 384 332 126 0 97 414 408 401 396 451 444 467 167 
453 407 416 396 289 182 159 115 291 407 384 208 54 415 452 103 148 377 464 301 410 407 50 389 207 180 330 335 63 369 168 467 275 290 118 64 422 434 336 419 97 0 56 452 374 251 225 50 74 278 
426 126 308 340 284 361 439 161 80 239 277 437 446 372 350 332 202 185 101 70 59 274 51 299 343 272 427 276 108 345 323 484 178 130 324 412 197 469 279 227 414 56 0 444 316 129 463 249 455 76 
163 115 378 464 397 286 355 448 62 120 222 64 125 271 286 51 497 100 102 76 84 230 363 114 349 60 82 127 237 202 340 351 267 425 70 370 210 131 73 223 408 452 444 0 184 487 492 319 189 61 
483 222 436 240 426 487 292 452 70 229 314 341 284 80 129 117 268 281 408 325 254 332 101 123 248 182 353 177 89 305 120 278 477 263 468 402 249 466 353 476 401 374 316 184 0 225 140 386 261 278 
404 395 252 378 382 366 202 135 404 253 415 151 141 267 486 387 71 312 164 255 74 338 156 273 60 216 248 411 296 270 95 199 164 53 284 496 369 436 337 272 396 251 129 487 225 0 444 70 460 238 
114 130 246 133 451 451 157 289 314 137 299 480 91 209 482 312 461 387 182 220 170 385 88 106 221 310 452 423 146 194 354 210 274 99 500 225 257 157 220 277 451 225 463 492 140 444 0 255 427 183 
59 101 330 192 271 451 76 66 263 247 82 214 376 178 114 229 95 95 486 94 477 449 408 196 225 358 371 187 106 217 130 115 268 166 257 246 116 490 469 329 444 50 249 319 386 70 255 0 423 101 
187 115 447 438 91 395 346 444 326 410 314 463 466 481 299 288 456 171 251 408 238 241 132 273 184 339 229 209 224 456 170 117 70 116 55 318 461 351 261 493 467 74 455 189 261 460 427 423 0 198 
131 384 86 75 331 168 54 465 458 440 381 388 395 50 456 415 117 461 232 284 67 443 277 484 223 438 172 191 154 305 320 442 189 357 467 226 231 227 191 188 167 278 76 61 278 238 183 101 198 0 

693.25 0 47
693.25 1 40
693.25 2 28
693.25 3 44
693.25 4 48
693.25 5 0
693.25 6 4
693.25 7 47
693.25 8 28
693.25 9 32
693.25 10 14
693.25 11 20
693.25 12 27
693.25 13 9
693.25 14 16
693.25 15 1
693.25 16 32
693.25 17 2
693.25 18 36
693.25 19 5
693.25 20 29
693.25 21 20
693.25 22 32
693.25 23 20
693.25 24 23
693.25 25 27
693.25 26 0
693.25 27 22
693.25 28 33
693.25 29 26
693.25 30 48
693.25 31 37
693.25 32 22
693.25 33 32
693.25 34 32
693.25 35 21
693.25 36 32
693.25 37 41
693.25 38 24
693.25 39 16
693.25 40 30
693.25 41 39
693.25 42 37
693.25 43 8
693.25 44 48
693.25 45 4
693.25 46 9
693.25 47 37
693.25 48 6
693.25 49 1

