10 10 4 11

0.2 0 2
0.2 0 7
0.2 0 9
0.2 1 6
0.2 3 4
0.2 4 5
0.2 4 6
0.2 4 9
0.2 5 8
0.2 5 9
0.2 7 9

0 152 355 121 307 298 254 272 295 360 
152 0 243 257 328 362 55 157 330 274 
355 243 0 476 130 170 274 126 435 425 
121 257 476 0 371 345 345 339 397 440 
307 328 130 371 0 275 226 79 184 352 
298 362 170 345 275 0 245 65 385 429 
254 55 274 345 226 245 0 345 468 302 
272 157 126 339 79 65 345 0 147 228 
295 330 435 397 184 385 468 147 0 480 
360 274 425 440 352 429 302 228 480 0 

282.5 0 6
282.5 1 6
282.5 2 3
282.5 3 6
282.5 4 5
282.5 5 0
282.5 6 5
282.5 7 0
282.5 8 7
282.5 9 3
