10 10 3 11

0.3 0 3
0.3 0 6
0.3 1 8
0.3 2 4
0.3 2 5
0.3 2 7
0.3 2 9
0.3 3 8
0.3 4 5
0.3 4 8
0.3 6 7

0 436 222 80 427 379 292 101 330 246 
436 0 331 115 109 389 285 230 226 184 
222 331 0 360 346 277 225 54 105 485 
80 115 360 0 435 472 175 184 472 299 
427 109 346 435 0 347 272 372 154 119 
379 389 277 472 347 0 79 490 387 120 
292 285 225 175 272 79 0 343 51 187 
101 230 54 184 372 490 343 0 219 102 
330 226 105 472 154 387 51 219 0 91 
246 184 485 299 119 120 187 102 91 0 

391 0 7
391 1 3
391 2 8
391 3 2
391 4 8
391 5 3
391 6 7
391 7 0
391 8 6
391 9 3
