10 10 3 9

0.2 0 8
0.2 1 2
0.2 1 9
0.2 3 5
0.2 4 7
0.2 4 8
0.2 5 6
0.2 5 8
0.2 6 7

0 284 73 372 258 424 290 286 417 386 
284 0 205 289 109 431 380 500 418 242 
73 205 0 239 74 346 460 391 286 495 
372 289 239 0 415 378 327 54 407 410 
258 109 74 415 0 443 53 314 197 156 
424 431 346 378 443 0 460 478 197 174 
290 380 460 327 53 460 0 158 278 96 
286 500 391 54 314 478 158 0 436 209 
417 418 286 407 197 197 278 436 0 51 
386 242 495 410 156 174 96 209 51 0 

210.5 0 3
210.5 1 7
210.5 2 6
210.5 3 0
210.5 4 2
210.5 5 6
210.5 6 7
210.5 7 0
210.5 8 5
210.5 9 2
