40 40 4 156

0.4 0 5
0.4 0 14
0.4 0 20
0.4 0 25
0.4 0 28
0.4 0 30
0.4 0 33
0.4 1 7
0.4 1 8
0.4 1 13
0.4 1 18
0.4 1 19
0.4 1 20
0.4 1 25
0.4 1 39
0.4 2 14
0.4 2 17
0.4 2 29
0.4 2 30
0.4 2 31
0.4 3 8
0.4 3 9
0.4 3 22
0.4 3 24
0.4 3 25
0.4 3 30
0.4 3 33
0.4 3 38
0.4 4 6
0.4 4 12
0.4 4 21
0.4 4 29
0.4 4 36
0.4 4 38
0.4 5 22
0.4 5 23
0.4 5 30
0.4 5 31
0.4 5 36
0.4 6 15
0.4 6 17
0.4 6 18
0.4 6 21
0.4 6 22
0.4 6 24
0.4 6 28
0.4 6 33
0.4 6 35
0.4 6 37
0.4 7 10
0.4 7 19
0.4 7 23
0.4 7 24
0.4 7 25
0.4 7 37
0.4 8 15
0.4 8 16
0.4 8 26
0.4 8 31
0.4 9 13
0.4 9 14
0.4 9 15
0.4 9 21
0.4 9 26
0.4 9 31
0.4 9 39
0.4 10 12
0.4 10 15
0.4 10 21
0.4 10 22
0.4 10 28
0.4 10 36
0.4 10 39
0.4 11 14
0.4 11 15
0.4 11 18
0.4 11 19
0.4 11 26
0.4 11 29
0.4 11 33
0.4 11 37
0.4 11 39
0.4 12 16
0.4 12 25
0.4 12 27
0.4 12 35
0.4 12 36
0.4 13 32
0.4 14 15
0.4 14 16
0.4 14 17
0.4 14 23
0.4 14 31
0.4 14 35
0.4 15 18
0.4 15 26
0.4 15 39
0.4 16 22
0.4 16 25
0.4 16 27
0.4 16 29
0.4 16 38
0.4 17 20
0.4 17 33
0.4 17 34
0.4 17 36
0.4 17 38
0.4 18 32
0.4 18 39
0.4 19 32
0.4 19 33
0.4 20 22
0.4 20 27
0.4 20 35
0.4 20 37
0.4 20 38
0.4 21 25
0.4 21 28
0.4 21 32
0.4 21 34
0.4 22 28
0.4 22 29
0.4 22 30
0.4 22 32
0.4 23 25
0.4 23 39
0.4 24 25
0.4 24 26
0.4 24 28
0.4 24 33
0.4 24 35
0.4 25 29
0.4 25 31
0.4 26 29
0.4 26 30
0.4 26 37
0.4 27 31
0.4 27 33
0.4 27 37
0.4 28 31
0.4 28 34
0.4 28 35
0.4 28 37
0.4 29 33
0.4 29 34
0.4 29 39
0.4 30 34
0.4 30 39
0.4 32 33
0.4 32 34
0.4 32 35
0.4 32 37
0.4 33 38
0.4 34 35
0.4 34 37
0.4 37 39

0 376 229 116 433 128 154 80 423 74 230 434 364 112 458 67 269 205 95 319 299 215 51 135 246 348 121 470 403 311 161 456 316 373 477 440 103 105 286 169 
376 0 498 223 345 390 103 278 287 259 179 59 361 213 391 336 199 355 441 108 156 433 130 404 430 281 266 400 434 215 237 170 65 266 348 454 167 114 326 227 
229 498 0 285 345 343 404 447 85 240 87 60 266 297 374 211 358 311 355 98 327 257 163 311 441 310 411 436 220 349 313 204 375 379 340 61 193 167 232 444 
116 223 285 0 60 253 273 295 298 369 133 62 310 191 427 169 160 80 85 280 493 159 375 186 236 345 307 337 303 214 82 476 498 53 473 311 351 326 432 136 
433 345 345 60 0 58 335 448 466 270 402 432 436 252 228 155 279 460 485 207 449 419 411 156 477 209 226 447 403 148 85 203 425 86 278 467 460 194 296 183 
128 390 343 253 58 0 250 74 83 74 372 297 242 436 137 130 491 147 428 64 280 240 239 271 181 157 57 263 326 68 233 239 321 497 402 152 136 69 386 121 
154 103 404 273 335 250 0 129 120 465 89 97 91 497 498 172 94 203 280 240 498 251 405 335 373 91 362 102 445 223 181 415 412 224 371 481 328 54 325 55 
80 278 447 295 448 74 129 0 395 319 432 437 401 445 88 296 122 255 324 495 392 466 463 453 81 405 457 113 239 51 103 90 221 112 307 297 432 51 275 393 
423 287 85 298 466 83 120 395 0 485 356 470 267 369 109 88 488 393 108 163 388 259 261 51 266 293 317 70 272 344 406 499 319 192 140 136 271 130 243 106 
74 259 240 369 270 74 465 319 485 0 486 337 75 56 63 107 132 467 488 411 114 83 429 92 276 482 413 278 207 374 389 321 439 79 220 236 373 440 206 79 
230 179 87 133 402 372 89 432 356 486 0 56 130 455 475 499 181 460 343 232 353 234 178 82 99 347 372 327 499 447 397 185 356 483 331 271 403 263 260 326 
434 59 60 62 432 297 97 437 470 337 56 0 396 137 301 239 258 131 247 445 283 264 400 165 158 476 180 382 91 323 279 152 421 350 278 473 229 447 250 94 
364 361 266 310 436 242 91 401 267 75 130 396 0 438 104 182 313 149 55 487 139 396 185 173 138 369 454 442 434 80 91 306 452 317 256 429 151 393 177 239 
112 213 297 191 252 436 497 445 369 56 455 137 438 0 131 54 432 465 444 277 167 267 494 200 76 219 483 351 276 445 219 226 288 187 267 95 355 480 213 333 
458 391 374 427 228 137 498 88 109 63 475 301 104 131 0 400 312 482 158 141 331 256 318 110 443 57 179 294 369 364 66 321 449 329 180 264 229 151 53 106 
67 336 211 169 155 130 172 296 88 107 499 239 182 54 400 0 394 124 360 341 370 100 376 77 90 135 191 313 315 465 243 78 480 437 486 459 262 382 279 336 
269 199 358 160 279 491 94 122 488 132 181 258 313 432 312 394 0 370 254 69 324 253 451 162 78 201 329 237 217 428 83 175 414 403 325 71 367 486 73 443 
205 355 311 80 460 147 203 255 393 467 460 131 149 465 482 124 370 0 189 126 346 461 491 322 241 106 155 454 219 232 237 110 265 280 292 453 454 57 434 82 
95 441 355 85 485 428 280 324 108 488 343 247 55 444 158 360 254 189 0 268 316 199 341 456 330 450 60 296 315 486 170 265 452 352 324 294 60 265 282 144 
319 108 98 280 207 64 240 495 163 411 232 445 487 277 141 341 69 126 268 0 74 347 484 497 193 289 254 367 237 351 472 295 415 406 477 405 448 247 454 441 
299 156 327 493 449 280 498 392 388 114 353 283 139 167 331 370 324 346 316 74 0 74 431 221 364 132 369 144 406 157 222 289 53 131 238 306 283 97 300 385 
215 433 257 159 419 240 251 466 259 83 234 264 396 267 256 100 253 461 199 347 74 0 105 348 236 149 352 331 268 57 227 194 145 201 336 275 55 151 61 428 
51 130 163 375 411 239 405 463 261 429 178 400 185 494 318 376 451 491 341 484 431 105 0 491 460 85 161 228 239 294 336 229 143 240 177 298 407 154 147 264 
135 404 311 186 156 271 335 453 51 92 82 165 173 200 110 77 162 322 456 497 221 348 491 0 147 367 181 361 479 270 229 124 334 62 147 131 383 431 160 95 
246 430 441 236 477 181 373 81 266 276 99 158 138 76 443 90 78 241 330 193 364 236 460 147 0 340 301 292 119 275 472 129 224 201 275 330 262 53 270 252 
348 281 310 345 209 157 91 405 293 482 347 476 369 219 57 135 201 106 450 289 132 149 85 367 340 0 400 303 69 483 105 200 500 409 394 289 90 224 102 363 
121 266 411 307 226 57 362 457 317 413 372 180 454 483 179 191 329 155 60 254 369 352 161 181 301 400 0 212 413 248 211 179 463 233 119 252 180 367 292 439 
470 400 436 337 447 263 102 113 70 278 327 382 442 351 294 313 237 454 296 367 144 331 228 361 292 303 212 0 430 100 454 497 221 60 105 394 408 73 353 215 
403 434 220 303 403 326 445 239 272 207 499 91 434 276 369 315 217 219 315 237 406 268 239 479 119 69 413 430 0 52 303 153 360 473 285 500 177 193 333 464 
311 215 349 214 148 68 223 51 344 374 447 323 80 445 364 465 428 232 486 351 157 57 294 270 275 483 248 100 52 0 468 188 358 331 171 428 196 154 116 179 
161 237 313 82 85 233 181 103 406 389 397 279 91 219 66 243 83 237 170 472 222 227 336 229 472 105 211 454 303 468 0 465 392 392 358 298 120 259 455 246 
456 170 204 476 203 239 415 90 499 321 185 152 306 226 321 78 175 110 265 295 289 194 229 124 129 200 179 497 153 188 465 0 382 345 261 196 230 249 325 339 
316 65 375 498 425 321 412 221 319 439 356 421 452 288 449 480 414 265 452 415 53 145 143 334 224 500 463 221 360 358 392 382 0 96 225 137 69 425 149 113 
373 266 379 53 86 497 224 112 192 79 483 350 317 187 329 437 403 280 352 406 131 201 240 62 201 409 233 60 473 331 392 345 96 0 404 309 263 376 393 397 
477 348 340 473 278 402 371 307 140 220 331 278 256 267 180 486 325 292 324 477 238 336 177 147 275 394 119 105 285 171 358 261 225 404 0 457 287 74 257 181 
440 454 61 311 467 152 481 297 136 236 271 473 429 95 264 459 71 453 294 405 306 275 298 131 330 289 252 394 500 428 298 196 137 309 457 0 480 325 395 246 
103 167 193 351 460 136 328 432 271 373 403 229 151 355 229 262 367 454 60 448 283 55 407 383 262 90 180 408 177 196 120 230 69 263 287 480 0 152 485 224 
105 114 167 326 194 69 54 51 130 440 263 447 393 480 151 382 486 57 265 247 97 151 154 431 53 224 367 73 193 154 259 249 425 376 74 325 152 0 81 187 
286 326 232 432 296 386 325 275 243 206 260 250 177 213 53 279 73 434 282 454 300 61 147 160 270 102 292 353 333 116 455 325 149 393 257 395 485 81 0 139 
169 227 444 136 183 121 55 393 106 79 326 94 239 333 106 336 443 82 144 441 385 428 264 95 252 363 439 215 464 179 246 339 113 397 181 246 224 187 139 0 

1145 0 1
1145 1 2
1145 2 33
1145 3 10
1145 4 28
1145 5 1
1145 6 35
1145 7 29
1145 8 25
1145 9 32
1145 10 17
1145 11 29
1145 12 32
1145 13 3
1145 14 32
1145 15 33
1145 16 9
1145 17 32
1145 18 2
1145 19 13
1145 20 30
1145 21 22
1145 22 37
1145 23 36
1145 24 35
1145 25 24
1145 26 21
1145 27 33
1145 28 14
1145 29 22
1145 30 7
1145 31 4
1145 32 23
1145 33 29
1145 34 3
1145 35 2
1145 36 20
1145 37 0
1145 38 20
1145 39 6
