50 50 3 306

0.25 0 4
0.25 0 5
0.25 0 19
0.25 0 26
0.25 0 28
0.25 0 32
0.25 0 34
0.25 0 35
0.25 0 47
0.25 0 49
0.25 1 10
0.25 1 15
0.25 1 21
0.25 1 28
0.25 1 37
0.25 1 43
0.25 1 44
0.25 1 45
0.25 1 48
0.25 1 49
0.25 2 5
0.25 2 11
0.25 2 12
0.25 2 13
0.25 2 15
0.25 2 23
0.25 2 29
0.25 2 36
0.25 2 38
0.25 2 41
0.25 2 43
0.25 2 45
0.25 2 47
0.25 3 4
0.25 3 8
0.25 3 11
0.25 3 16
0.25 3 18
0.25 3 19
0.25 3 26
0.25 3 28
0.25 3 29
0.25 3 32
0.25 3 34
0.25 3 38
0.25 3 39
0.25 3 40
0.25 3 42
0.25 3 44
0.25 3 46
0.25 4 6
0.25 4 8
0.25 4 12
0.25 4 14
0.25 4 16
0.25 4 18
0.25 4 21
0.25 4 32
0.25 4 35
0.25 4 47
0.25 4 49
0.25 5 7
0.25 5 11
0.25 5 12
0.25 5 15
0.25 5 19
0.25 5 21
0.25 5 27
0.25 5 29
0.25 5 30
0.25 5 31
0.25 5 33
0.25 5 36
0.25 5 38
0.25 5 40
0.25 6 8
0.25 6 11
0.25 6 16
0.25 6 18
0.25 6 23
0.25 6 26
0.25 6 28
0.25 6 30
0.25 6 32
0.25 6 36
0.25 6 38
0.25 6 39
0.25 6 47
0.25 6 49
0.25 7 9
0.25 7 21
0.25 7 36
0.25 7 40
0.25 7 42
0.25 7 44
0.25 8 13
0.25 8 16
0.25 8 17
0.25 8 19
0.25 8 20
0.25 8 29
0.25 8 41
0.25 8 43
0.25 9 15
0.25 9 16
0.25 9 17
0.25 9 20
0.25 9 23
0.25 9 25
0.25 9 32
0.25 9 37
0.25 10 12
0.25 10 13
0.25 10 14
0.25 10 16
0.25 10 21
0.25 10 35
0.25 10 36
0.25 10 40
0.25 11 25
0.25 11 35
0.25 11 40
0.25 11 48
0.25 12 14
0.25 12 16
0.25 12 17
0.25 12 18
0.25 12 20
0.25 12 22
0.25 12 25
0.25 12 27
0.25 12 29
0.25 12 34
0.25 12 35
0.25 12 39
0.25 12 41
0.25 12 42
0.25 12 44
0.25 13 19
0.25 13 23
0.25 13 27
0.25 13 30
0.25 13 38
0.25 13 49
0.25 14 23
0.25 14 24
0.25 14 25
0.25 14 27
0.25 14 30
0.25 14 38
0.25 14 39
0.25 14 44
0.25 14 45
0.25 14 46
0.25 14 48
0.25 14 49
0.25 15 16
0.25 15 18
0.25 15 23
0.25 15 33
0.25 15 36
0.25 15 40
0.25 15 43
0.25 15 49
0.25 16 17
0.25 16 19
0.25 16 21
0.25 16 22
0.25 16 26
0.25 16 31
0.25 16 42
0.25 16 45
0.25 17 21
0.25 17 22
0.25 17 26
0.25 17 27
0.25 17 29
0.25 17 32
0.25 17 34
0.25 17 36
0.25 17 38
0.25 17 40
0.25 17 43
0.25 17 44
0.25 18 21
0.25 18 23
0.25 18 28
0.25 18 37
0.25 18 38
0.25 18 42
0.25 18 44
0.25 18 47
0.25 19 20
0.25 19 30
0.25 19 31
0.25 19 34
0.25 19 47
0.25 20 22
0.25 20 23
0.25 20 24
0.25 20 31
0.25 20 34
0.25 20 38
0.25 20 40
0.25 20 43
0.25 20 49
0.25 21 22
0.25 21 26
0.25 21 28
0.25 21 30
0.25 21 33
0.25 21 39
0.25 21 40
0.25 21 42
0.25 21 46
0.25 22 24
0.25 22 25
0.25 22 37
0.25 22 42
0.25 23 25
0.25 23 30
0.25 23 31
0.25 23 32
0.25 23 42
0.25 23 43
0.25 23 44
0.25 23 48
0.25 23 49
0.25 24 26
0.25 24 37
0.25 24 40
0.25 24 42
0.25 24 46
0.25 24 47
0.25 24 48
0.25 25 28
0.25 25 29
0.25 25 31
0.25 25 36
0.25 25 38
0.25 25 40
0.25 25 46
0.25 25 49
0.25 26 32
0.25 26 36
0.25 26 37
0.25 26 39
0.25 26 41
0.25 26 45
0.25 27 29
0.25 27 33
0.25 27 34
0.25 27 35
0.25 27 37
0.25 28 29
0.25 28 30
0.25 28 31
0.25 28 34
0.25 28 49
0.25 29 32
0.25 29 43
0.25 29 47
0.25 30 33
0.25 30 36
0.25 30 39
0.25 30 43
0.25 30 44
0.25 30 45
0.25 30 47
0.25 31 35
0.25 31 44
0.25 32 33
0.25 32 36
0.25 32 39
0.25 32 42
0.25 32 48
0.25 32 49
0.25 33 34
0.25 33 36
0.25 33 39
0.25 33 46
0.25 33 48
0.25 34 37
0.25 34 40
0.25 34 48
0.25 35 45
0.25 35 49
0.25 36 39
0.25 36 45
0.25 36 46
0.25 37 40
0.25 37 42
0.25 37 43
0.25 37 49
0.25 38 40
0.25 38 48
0.25 39 48
0.25 40 41
0.25 40 46
0.25 40 48
0.25 41 44
0.25 42 43
0.25 44 45
0.25 44 46
0.25 44 47
0.25 46 47

0 357 411 63 356 482 63 238 483 431 482 475 392 381 455 71 137 62 79 107 484 490 481 164 148 400 237 56 498 423 369 195 66 332 262 151 68 343 442 311 400 105 133 335 363 254 477 292 162 458 
357 0 177 288 173 347 202 471 58 379 359 490 74 82 147 284 101 328 103 277 250 135 386 367 369 81 428 469 301 357 376 284 193 285 384 115 231 318 406 473 215 448 134 444 374 343 348 427 498 320 
411 177 0 404 148 394 264 167 193 50 148 381 419 138 322 252 452 291 437 68 211 200 417 114 178 223 106 299 239 334 498 84 223 280 433 297 317 176 165 240 287 485 50 228 469 215 351 261 377 69 
63 288 404 0 367 259 499 222 96 286 453 461 392 189 433 95 441 107 169 471 315 168 446 249 421 189 145 236 79 177 432 399 416 397 356 473 456 296 460 314 96 452 470 450 158 137 182 440 72 253 
356 173 148 367 0 193 454 297 176 245 114 472 310 465 484 164 373 198 234 426 208 264 128 145 335 148 451 95 63 365 210 215 115 372 62 294 284 74 82 56 451 404 249 300 197 370 275 273 455 184 
482 347 394 259 193 0 274 331 77 482 309 146 163 390 362 491 384 281 378 489 420 276 213 400 365 58 458 486 208 73 174 451 380 388 280 493 334 324 446 208 137 57 267 248 242 260 276 454 414 206 
63 202 264 499 454 274 0 487 316 132 433 360 129 174 324 183 180 241 82 66 397 350 92 491 429 101 496 163 84 206 296 279 401 179 165 496 236 234 164 312 236 386 462 195 114 437 296 386 265 155 
238 471 167 222 297 331 487 0 170 139 302 274 392 271 57 303 442 207 128 56 450 86 102 62 425 246 482 151 249 378 440 218 283 348 229 231 109 418 130 369 451 271 373 192 485 333 147 423 369 305 
483 58 193 96 176 77 316 170 0 447 486 272 459 120 487 211 414 199 61 309 190 227 476 491 235 134 387 337 460 438 86 390 477 310 489 103 247 366 176 472 71 247 318 278 124 410 139 421 145 125 
431 379 50 286 245 482 132 139 447 0 100 387 75 163 423 73 395 471 125 323 306 472 402 471 296 229 184 113 276 241 174 72 423 460 317 66 500 312 123 226 426 258 490 248 317 166 353 171 142 354 
482 359 148 453 114 309 433 302 486 100 0 90 130 359 73 183 428 96 252 341 239 235 299 154 489 374 337 315 362 127 377 342 331 52 230 281 198 421 53 205 384 88 288 175 374 238 444 91 389 372 
475 490 381 461 472 146 360 274 272 387 90 0 318 287 357 433 92 131 52 422 468 210 110 407 190 175 151 332 317 397 484 473 449 445 111 119 232 124 327 440 53 127 286 228 328 377 377 485 309 245 
392 74 419 392 310 163 129 392 459 75 130 318 0 342 51 350 418 320 376 179 119 428 308 172 391 300 443 302 113 467 458 55 185 51 71 207 187 448 261 79 190 158 452 141 308 370 182 433 249 414 
381 82 138 189 465 390 174 271 120 163 359 287 342 0 416 53 491 99 292 126 466 152 417 232 388 302 289 201 182 195 480 55 336 366 344 314 92 98 499 143 250 180 122 408 251 228 324 263 95 332 
455 147 322 433 484 362 324 57 487 423 73 357 51 416 0 291 94 128 64 232 487 232 80 326 181 99 235 223 132 420 207 208 364 499 310 382 128 231 156 190 72 165 408 247 85 180 167 308 330 478 
71 284 252 95 164 491 183 303 211 73 183 433 350 53 291 0 89 163 410 115 89 135 83 214 159 241 171 138 395 286 359 212 347 164 190 486 53 460 314 50 227 267 357 295 167 138 269 204 147 227 
137 101 452 441 373 384 180 442 414 395 428 92 418 491 94 89 0 357 289 245 391 278 266 492 134 304 162 59 434 327 399 364 406 249 82 431 258 423 208 228 160 493 313 324 383 390 497 167 385 375 
62 328 291 107 198 281 241 207 199 471 96 131 320 99 128 163 357 0 121 416 475 128 116 301 358 295 117 165 490 51 443 314 177 413 313 395 430 445 337 240 484 418 490 66 77 206 161 393 355 490 
79 103 437 169 234 378 82 128 61 125 252 52 376 292 64 410 289 121 0 199 313 85 467 322 471 382 422 377 117 181 186 362 415 483 122 190 422 188 262 227 166 345 186 250 94 220 198 277 435 445 
107 277 68 471 426 489 66 56 309 323 341 422 179 126 232 115 245 416 199 0 153 418 237 290 248 401 171 244 278 467 157 256 369 52 167 367 401 289 354 276 318 321 80 131 350 426 140 204 447 332 
484 250 211 315 208 420 397 450 190 306 239 468 119 466 487 89 391 475 313 153 0 141 58 117 481 389 166 286 499 248 330 421 97 432 306 216 61 122 439 57 381 416 346 176 464 408 243 251 89 266 
490 135 200 168 264 276 350 86 227 472 235 210 428 152 232 135 278 128 85 418 141 0 383 129 202 269 369 246 232 455 359 191 313 379 205 352 168 346 495 367 401 262 484 497 200 373 447 331 365 81 
481 386 417 446 128 213 92 102 476 402 299 110 308 417 80 83 266 116 467 237 58 383 0 206 73 267 425 67 361 451 355 322 190 287 229 212 263 454 265 313 142 463 244 390 473 364 444 487 187 383 
164 367 114 249 145 400 491 62 491 471 154 407 172 232 326 214 492 301 322 290 117 129 206 0 401 474 167 414 450 246 285 482 285 377 322 193 473 475 378 87 332 128 394 254 199 106 468 414 402 134 
148 369 178 421 335 365 429 425 235 296 489 190 391 388 181 159 134 358 471 248 481 202 73 401 0 126 250 367 225 394 310 182 445 112 456 376 366 449 343 204 158 172 75 492 260 140 78 231 171 262 
400 81 223 189 148 58 101 246 134 229 374 175 300 302 99 241 304 295 382 401 389 269 267 474 126 0 82 184 106 312 307 338 234 66 346 246 422 196 226 461 156 199 68 170 498 287 169 378 212 206 
237 428 106 145 451 458 496 482 387 184 337 151 443 289 235 171 162 117 422 171 166 369 425 167 250 82 0 283 467 402 385 288 72 301 477 156 208 151 342 232 303 241 448 50 490 330 358 70 249 165 
56 469 299 236 95 486 163 151 337 113 315 332 302 201 223 138 59 165 377 244 286 246 67 414 367 184 283 0 345 325 328 273 218 411 74 462 215 75 318 451 128 376 210 359 304 174 312 214 361 452 
498 301 239 79 63 208 84 249 460 276 362 317 113 182 132 395 434 490 117 278 499 232 361 450 225 106 467 345 0 368 209 165 349 449 328 492 403 205 434 191 329 329 113 426 269 84 466 401 414 309 
423 357 334 177 365 73 206 378 438 241 127 397 467 195 420 286 327 51 181 467 248 455 451 246 394 312 402 325 368 0 209 203 433 363 464 209 397 440 86 78 292 60 456 286 456 381 324 451 354 294 
369 376 498 432 210 174 296 440 86 174 377 484 458 480 207 359 399 443 186 157 330 359 355 285 310 307 385 328 209 209 0 188 356 275 135 479 487 142 324 118 417 357 308 221 76 222 65 314 461 74 
195 284 84 399 215 451 279 218 390 72 342 473 55 55 208 212 364 314 362 256 421 191 322 482 182 338 288 273 165 203 188 0 365 487 296 142 177 255 131 452 435 141 403 468 132 288 198 192 283 473 
66 193 223 416 115 380 401 283 477 423 331 449 185 336 364 347 406 177 415 369 97 313 190 285 445 234 72 218 349 433 356 365 0 355 347 274 127 258 442 258 213 214 89 436 85 223 378 133 107 113 
332 285 280 397 372 388 179 348 310 460 52 445 51 366 499 164 249 413 483 52 432 379 287 377 112 66 301 411 449 363 275 487 355 0 67 483 59 476 195 64 411 341 308 156 251 388 122 75 337 301 
262 384 433 356 62 280 165 229 489 317 230 111 71 344 310 190 82 313 122 167 306 205 229 322 456 346 477 74 328 464 135 296 347 67 0 322 132 257 297 472 481 92 128 173 447 131 86 338 305 226 
151 115 297 473 294 493 496 231 103 66 281 119 207 314 382 486 431 395 190 367 216 352 212 193 376 246 156 462 492 209 479 142 274 483 322 0 117 489 474 264 163 325 289 236 232 299 359 112 61 454 
68 231 317 456 284 334 236 109 247 500 198 232 187 92 128 53 258 430 422 401 61 168 263 473 366 422 208 215 403 397 487 177 127 59 132 117 0 299 140 222 498 104 281 354 443 354 348 479 457 213 
343 318 176 296 74 324 234 418 366 312 421 124 448 98 231 460 423 445 188 289 122 346 454 475 449 196 151 75 205 440 142 255 258 476 257 489 299 0 411 490 424 184 90 318 267 68 333 223 70 87 
442 406 165 460 82 446 164 130 176 123 53 327 261 499 156 314 208 337 262 354 439 495 265 378 343 226 342 318 434 86 324 131 442 195 297 474 140 411 0 132 113 95 368 134 217 132 457 485 136 465 
311 473 240 314 56 208 312 369 472 226 205 440 79 143 190 50 228 240 227 276 57 367 313 87 204 461 232 451 191 78 118 452 258 64 472 264 222 490 132 0 275 301 99 338 66 470 194 156 101 495 
400 215 287 96 451 137 236 451 71 426 384 53 190 250 72 227 160 484 166 318 381 401 142 332 158 156 303 128 329 292 417 435 213 411 481 163 498 424 113 275 0 392 286 65 84 391 185 100 369 391 
105 448 485 452 404 57 386 271 247 258 88 127 158 180 165 267 493 418 345 321 416 262 463 128 172 199 241 376 329 60 357 141 214 341 92 325 104 184 95 301 392 0 156 467 297 76 156 75 231 337 
133 134 50 470 249 267 462 373 318 490 288 286 452 122 408 357 313 490 186 80 346 484 244 394 75 68 448 210 113 456 308 403 89 308 128 289 281 90 368 99 286 156 0 272 101 346 277 140 117 240 
335 444 228 450 300 248 195 192 278 248 175 228 141 408 247 295 324 66 250 131 176 497 390 254 492 170 50 359 426 286 221 468 436 156 173 236 354 318 134 338 65 467 272 0 342 260 73 239 325 60 
363 374 469 158 197 242 114 485 124 317 374 328 308 251 85 167 383 77 94 350 464 200 473 199 260 498 490 304 269 456 76 132 85 251 447 232 443 267 217 66 84 297 101 342 0 254 431 496 483 375 
254 343 215 137 370 260 437 333 410 166 238 377 370 228 180 138 390 206 220 426 408 373 364 106 140 287 330 174 84 381 222 288 223 388 131 299 354 68 132 470 391 76 346 260 254 0 150 155 397 424 
477 348 351 182 275 276 296 147 139 353 444 377 182 324 167 269 497 161 198 140 243 447 444 468 78 169 358 312 466 324 65 198 378 122 86 359 348 333 457 194 185 156 277 73 431 150 0 394 178 237 
292 427 261 440 273 454 386 423 421 171 91 485 433 263 308 204 167 393 277 204 251 331 487 414 231 378 70 214 401 451 314 192 133 75 338 112 479 223 485 156 100 75 140 239 496 155 394 0 123 250 
162 498 377 72 455 414 265 369 145 142 389 309 249 95 330 147 385 355 435 447 89 365 187 402 171 212 249 361 414 354 461 283 107 337 305 61 457 70 136 101 369 231 117 325 483 397 178 123 0 413 
458 320 69 253 184 206 155 305 125 354 372 245 414 332 478 227 375 490 445 332 266 81 383 134 262 206 165 452 309 294 74 473 113 301 226 454 213 87 465 495 391 337 240 60 375 424 237 250 413 0 

964.92 0 8
964.92 1 44
964.92 2 26
964.92 3 9
964.92 4 10
964.92 5 40
964.92 6 21
964.92 7 29
964.92 8 13
964.92 9 3
964.92 10 25
964.92 11 33
964.92 12 45
964.92 13 1
964.92 14 32
964.92 15 45
964.92 16 11
964.92 17 15
964.92 18 26
964.92 19 14
964.92 20 9
964.92 21 27
964.92 22 36
964.92 23 24
964.92 24 27
964.92 25 8
964.92 26 28
964.92 27 7
964.92 28 12
964.92 29 13
964.92 30 27
964.92 31 25
964.92 32 8
964.92 33 10
964.92 34 35
964.92 35 19
964.92 36 1
964.92 37 12
964.92 38 4
964.92 39 19
964.92 40 20
964.92 41 34
964.92 42 4
964.92 43 16
964.92 44 35
964.92 45 36
964.92 46 13
964.92 47 2
964.92 48 8
964.92 49 39

