30 30 4 87

0.4 0 3
0.4 0 18
0.4 0 23
0.4 0 25
0.4 0 26
0.4 1 2
0.4 1 6
0.4 1 8
0.4 1 25
0.4 2 12
0.4 2 15
0.4 2 19
0.4 2 22
0.4 2 24
0.4 2 27
0.4 3 5
0.4 3 11
0.4 3 16
0.4 3 25
0.4 4 5
0.4 4 6
0.4 4 8
0.4 4 9
0.4 5 12
0.4 5 16
0.4 5 26
0.4 5 28
0.4 6 8
0.4 6 13
0.4 6 18
0.4 6 29
0.4 7 9
0.4 7 13
0.4 7 14
0.4 7 15
0.4 7 22
0.4 7 24
0.4 7 26
0.4 8 12
0.4 8 15
0.4 8 16
0.4 8 21
0.4 8 23
0.4 8 26
0.4 8 27
0.4 8 28
0.4 8 29
0.4 9 10
0.4 9 15
0.4 9 16
0.4 9 20
0.4 10 13
0.4 10 21
0.4 11 15
0.4 11 20
0.4 11 29
0.4 12 19
0.4 12 26
0.4 13 16
0.4 13 20
0.4 13 21
0.4 13 28
0.4 14 18
0.4 14 20
0.4 14 23
0.4 15 17
0.4 15 20
0.4 15 21
0.4 15 28
0.4 16 18
0.4 17 21
0.4 17 22
0.4 17 23
0.4 17 29
0.4 18 19
0.4 18 27
0.4 18 28
0.4 18 29
0.4 19 21
0.4 19 29
0.4 20 24
0.4 21 22
0.4 21 28
0.4 22 23
0.4 22 25
0.4 25 27
0.4 27 28

0 312 268 469 149 151 393 65 334 479 392 453 254 274 418 73 339 336 103 348 170 424 244 441 430 370 433 416 441 430 
312 0 156 221 313 342 497 299 373 420 146 146 121 54 140 410 208 328 227 229 445 467 428 79 92 279 58 55 338 345 
268 156 0 298 51 252 473 473 368 87 110 346 228 411 461 331 202 166 496 413 430 485 368 438 141 241 386 215 443 214 
469 221 298 0 169 463 78 107 352 481 120 94 498 358 397 310 430 352 151 226 104 222 363 324 448 356 142 251 124 370 
149 313 51 169 0 363 110 264 348 296 381 186 101 140 233 390 375 218 95 273 64 334 65 446 171 92 64 265 460 389 
151 342 252 463 363 0 309 288 475 396 378 425 230 62 476 335 98 207 101 91 465 84 391 422 212 353 119 354 449 157 
393 497 473 78 110 309 0 385 321 78 380 412 393 240 357 427 369 485 263 247 407 442 462 127 75 302 462 467 497 445 
65 299 473 107 264 288 385 0 275 498 396 489 336 198 304 247 106 171 424 390 213 196 402 403 481 472 293 150 418 349 
334 373 368 352 348 475 321 275 0 114 383 272 434 222 410 181 405 338 66 294 91 198 160 405 152 395 66 202 420 312 
479 420 87 481 296 396 78 498 114 0 108 142 457 336 354 195 172 179 228 247 86 219 206 321 104 149 73 481 350 441 
392 146 110 120 381 378 380 396 383 108 0 309 227 494 111 193 466 315 363 497 441 109 326 86 418 419 335 426 384 266 
453 146 346 94 186 425 412 489 272 142 309 0 79 473 140 329 466 166 329 92 470 318 126 273 182 273 369 371 277 438 
254 121 228 498 101 230 393 336 434 457 227 79 0 473 247 367 233 497 146 161 141 370 191 390 256 67 81 480 52 497 
274 54 411 358 140 62 240 198 222 336 494 473 473 0 397 480 312 50 199 99 169 245 498 102 95 200 62 443 120 356 
418 140 461 397 233 476 357 304 410 354 111 140 247 397 0 78 212 401 371 269 382 128 166 163 259 460 471 150 202 214 
73 410 331 310 390 335 427 247 181 195 193 329 367 480 78 0 336 91 180 363 317 384 432 352 158 169 181 71 129 255 
339 208 202 430 375 98 369 106 405 172 466 466 233 312 212 336 0 415 71 408 393 417 195 454 451 461 188 67 306 182 
336 328 166 352 218 207 485 171 338 179 315 166 497 50 401 91 415 0 429 71 180 485 312 481 286 378 450 182 351 123 
103 227 496 151 95 101 263 424 66 228 363 329 146 199 371 180 71 429 0 414 63 96 129 57 402 58 198 83 229 334 
348 229 413 226 273 91 247 390 294 247 497 92 161 99 269 363 408 71 414 0 489 458 120 486 430 216 94 488 327 438 
170 445 430 104 64 465 407 213 91 86 441 470 141 169 382 317 393 180 63 489 0 277 127 313 176 179 409 69 369 424 
424 467 485 222 334 84 442 196 198 219 109 318 370 245 128 384 417 485 96 458 277 0 153 405 210 267 74 428 361 63 
244 428 368 363 65 391 462 402 160 206 326 126 191 498 166 432 195 312 129 120 127 153 0 240 299 81 262 437 117 265 
441 79 438 324 446 422 127 403 405 321 86 273 390 102 163 352 454 481 57 486 313 405 240 0 234 129 286 424 356 499 
430 92 141 448 171 212 75 481 152 104 418 182 256 95 259 158 451 286 402 430 176 210 299 234 0 53 82 229 136 130 
370 279 241 356 92 353 302 472 395 149 419 273 67 200 460 169 461 378 58 216 179 267 81 129 53 0 184 346 495 88 
433 58 386 142 64 119 462 293 66 73 335 369 81 62 471 181 188 450 198 94 409 74 262 286 82 184 0 204 500 355 
416 55 215 251 265 354 467 150 202 481 426 371 480 443 150 71 67 182 83 488 69 428 437 424 229 346 204 0 60 217 
441 338 443 124 460 449 497 418 420 350 384 277 52 120 202 129 306 351 229 327 369 361 117 356 136 495 500 60 0 289 
430 345 214 370 389 157 445 349 312 441 266 438 497 356 214 255 182 123 334 438 424 63 265 499 130 88 355 217 289 0 

942.5 0 1
942.5 1 4
942.5 2 6
942.5 3 12
942.5 4 22
942.5 5 6
942.5 6 23
942.5 7 0
942.5 8 14
942.5 9 27
942.5 10 28
942.5 11 27
942.5 12 25
942.5 13 27
942.5 14 16
942.5 15 8
942.5 16 1
942.5 17 28
942.5 18 24
942.5 19 20
942.5 20 21
942.5 21 8
942.5 22 23
942.5 23 0
942.5 24 1
942.5 25 3
942.5 26 4
942.5 27 26
942.5 28 10
942.5 29 24
