20 20 3 38

0.2 0 7
0.2 0 16
0.2 0 18
0.2 1 3
0.2 1 10
0.2 1 11
0.2 1 12
0.2 2 3
0.2 2 10
0.2 3 6
0.2 3 8
0.2 3 19
0.2 4 5
0.2 5 9
0.2 5 10
0.2 6 8
0.2 6 12
0.2 6 19
0.2 7 15
0.2 7 18
0.2 8 9
0.2 8 10
0.2 8 12
0.2 8 15
0.2 8 18
0.2 9 11
0.2 10 12
0.2 10 18
0.2 11 13
0.2 11 19
0.2 12 15
0.2 12 16
0.2 12 18
0.2 12 19
0.2 13 15
0.2 13 17
0.2 13 18
0.2 15 16

0 163 199 137 356 99 124 66 231 358 325 188 286 278 221 354 174 314 263 315 
163 0 294 201 317 177 314 119 139 249 465 216 287 227 160 217 425 444 491 330 
199 294 0 249 80 179 100 115 365 463 454 264 90 333 495 328 222 241 50 478 
137 201 249 0 99 215 226 276 344 144 132 249 455 262 312 497 284 67 209 285 
356 317 80 99 0 348 325 163 288 298 190 397 137 73 89 201 175 352 70 274 
99 177 179 215 348 0 265 390 159 268 485 353 94 246 335 55 240 453 216 275 
124 314 100 226 325 265 0 355 187 478 347 114 429 71 304 86 79 103 166 396 
66 119 115 276 163 390 355 0 195 184 413 448 114 398 82 169 460 471 131 350 
231 139 365 344 288 159 187 195 0 189 103 140 228 140 375 285 250 237 257 150 
358 249 463 144 298 268 478 184 189 0 168 430 118 237 465 489 111 298 86 347 
325 465 454 132 190 485 347 413 103 168 0 341 389 162 169 190 91 161 68 391 
188 216 264 249 397 353 114 448 140 430 341 0 193 340 420 390 421 126 424 113 
286 287 90 455 137 94 429 114 228 118 389 193 0 341 149 128 230 376 313 222 
278 227 333 262 73 246 71 398 140 237 162 340 341 0 233 134 461 245 431 153 
221 160 495 312 89 335 304 82 375 465 169 420 149 233 0 51 70 334 445 104 
354 217 328 497 201 55 86 169 285 489 190 390 128 134 51 0 413 257 464 429 
174 425 222 284 175 240 79 460 250 111 91 421 230 461 70 413 0 376 378 68 
314 444 241 67 352 453 103 471 237 298 161 126 376 245 334 257 376 0 218 331 
263 491 50 209 70 216 166 131 257 86 68 424 313 431 445 464 378 218 0 352 
315 330 478 285 274 275 396 350 150 347 391 113 222 153 104 429 68 331 352 0 

370 0 16
370 1 13
370 2 4
370 3 2
370 4 1
370 5 14
370 6 17
370 7 14
370 8 11
370 9 4
370 10 9
370 11 9
370 12 13
370 13 17
370 14 15
370 15 14
370 16 13
370 17 3
370 18 12
370 19 10
