40 40 4 156

0.4 0 1
0.4 0 5
0.4 0 13
0.4 0 26
0.4 0 28
0.4 0 30
0.4 0 33
0.4 1 2
0.4 1 7
0.4 1 8
0.4 1 10
0.4 1 15
0.4 1 22
0.4 1 25
0.4 1 29
0.4 1 34
0.4 2 13
0.4 2 19
0.4 2 21
0.4 2 23
0.4 2 30
0.4 3 4
0.4 3 7
0.4 3 17
0.4 3 20
0.4 3 31
0.4 3 33
0.4 4 6
0.4 4 11
0.4 4 14
0.4 4 17
0.4 4 18
0.4 5 12
0.4 5 14
0.4 5 18
0.4 5 26
0.4 5 30
0.4 5 33
0.4 5 37
0.4 6 9
0.4 6 16
0.4 6 17
0.4 6 21
0.4 6 30
0.4 7 12
0.4 7 16
0.4 7 17
0.4 7 21
0.4 7 27
0.4 7 29
0.4 7 34
0.4 7 36
0.4 8 21
0.4 8 23
0.4 8 28
0.4 8 29
0.4 8 36
0.4 9 11
0.4 9 18
0.4 9 22
0.4 9 26
0.4 9 28
0.4 9 30
0.4 9 39
0.4 10 11
0.4 10 16
0.4 10 18
0.4 10 19
0.4 10 24
0.4 10 31
0.4 10 33
0.4 10 36
0.4 10 39
0.4 11 16
0.4 11 20
0.4 11 23
0.4 11 24
0.4 11 26
0.4 11 27
0.4 11 30
0.4 11 33
0.4 11 35
0.4 11 38
0.4 11 39
0.4 12 19
0.4 12 24
0.4 12 38
0.4 13 15
0.4 13 23
0.4 13 26
0.4 13 27
0.4 13 30
0.4 14 22
0.4 14 30
0.4 14 32
0.4 14 33
0.4 14 35
0.4 14 36
0.4 14 38
0.4 15 18
0.4 15 33
0.4 15 37
0.4 15 38
0.4 16 17
0.4 16 23
0.4 16 27
0.4 16 30
0.4 17 23
0.4 17 31
0.4 18 34
0.4 18 35
0.4 19 21
0.4 19 24
0.4 19 25
0.4 19 26
0.4 19 38
0.4 19 39
0.4 20 24
0.4 20 27
0.4 20 30
0.4 21 22
0.4 21 24
0.4 21 34
0.4 21 35
0.4 22 24
0.4 22 25
0.4 22 28
0.4 22 29
0.4 22 39
0.4 23 24
0.4 23 33
0.4 24 27
0.4 24 35
0.4 25 28
0.4 25 30
0.4 25 31
0.4 25 37
0.4 26 30
0.4 27 30
0.4 27 31
0.4 27 37
0.4 27 38
0.4 27 39
0.4 28 36
0.4 28 39
0.4 29 30
0.4 29 33
0.4 29 38
0.4 30 32
0.4 30 38
0.4 31 39
0.4 32 37
0.4 32 39
0.4 34 36
0.4 35 39
0.4 37 38

0 72 459 321 249 61 311 437 430 320 293 479 161 396 357 353 71 437 227 285 124 458 62 437 246 139 130 375 365 396 479 350 68 65 478 117 298 361 268 360 
72 0 303 178 252 88 79 175 221 228 129 405 247 249 449 136 68 497 371 233 259 344 487 262 60 97 444 248 88 286 173 488 77 278 120 243 322 431 214 107 
459 303 0 382 179 82 154 459 430 472 449 372 198 61 172 388 142 207 70 128 476 73 245 361 248 317 401 398 463 466 172 88 223 222 69 212 110 328 117 385 
321 178 382 0 353 267 432 363 452 206 153 354 339 375 248 147 227 83 274 290 268 450 495 376 324 129 254 231 201 260 472 472 247 257 420 259 375 103 146 125 
249 252 179 353 0 98 325 301 386 287 267 334 403 404 376 239 397 235 179 148 260 165 251 156 207 341 496 174 413 324 345 459 242 296 442 355 403 366 106 112 
61 88 82 267 98 0 102 258 439 240 273 299 191 178 142 343 340 256 265 433 273 246 140 372 455 79 264 234 211 428 139 383 312 236 402 386 426 82 359 336 
311 79 154 432 325 102 0 375 272 244 205 283 285 479 359 365 102 155 178 93 321 67 331 138 378 337 99 174 306 412 295 110 307 165 192 120 359 175 212 410 
437 175 459 363 301 258 375 0 270 319 410 492 354 274 330 113 245 55 268 448 323 213 361 456 120 86 92 281 143 444 479 253 201 383 406 371 326 312 338 209 
430 221 430 452 386 439 272 270 0 213 154 391 460 156 497 454 405 416 213 348 213 192 493 461 147 89 288 194 335 345 50 118 380 273 468 374 487 133 286 480 
320 228 472 206 287 240 244 319 213 0 164 221 448 140 404 249 138 354 193 442 371 265 322 150 346 291 179 169 490 217 238 317 331 464 154 159 436 172 395 199 
293 129 449 153 267 273 205 410 154 164 0 471 146 352 232 299 241 304 295 289 93 477 318 198 431 360 384 496 474 86 324 198 349 116 66 484 255 393 59 105 
479 405 372 354 334 299 283 492 391 221 471 0 295 460 187 227 309 350 297 492 186 267 337 412 473 246 317 451 115 386 424 392 478 256 489 424 122 292 299 438 
161 247 198 339 403 191 285 354 460 448 146 295 0 180 189 356 321 416 347 322 156 230 346 351 452 452 222 419 391 413 482 447 484 405 89 110 240 116 452 269 
396 249 61 375 404 178 479 274 156 140 352 460 180 0 292 389 378 399 113 467 483 208 267 155 58 444 176 490 350 267 416 386 234 314 407 127 344 74 335 70 
357 449 172 248 376 142 359 330 497 404 232 187 189 292 0 286 204 135 234 362 265 241 208 52 318 72 112 129 317 208 92 63 248 229 343 223 290 221 147 67 
353 136 388 147 239 343 365 113 454 249 299 227 356 389 286 0 112 438 344 342 396 440 298 182 164 98 463 58 341 303 455 490 473 184 245 380 131 233 438 347 
71 68 142 227 397 340 102 245 405 138 241 309 321 378 204 112 0 173 270 240 130 187 492 466 226 290 243 62 475 323 123 340 280 355 143 98 453 466 290 141 
437 497 207 83 235 256 155 55 416 354 304 350 416 399 135 438 173 0 474 492 404 61 372 251 174 209 64 57 62 231 102 344 91 205 300 139 445 306 189 307 
227 371 70 274 179 265 178 268 213 193 295 297 347 113 234 344 270 474 0 313 196 263 441 454 312 278 415 391 176 350 277 91 270 237 319 218 426 351 459 464 
285 233 128 290 148 433 93 448 348 442 289 492 322 467 362 342 240 492 313 0 285 350 256 284 137 448 186 124 483 297 305 116 346 250 472 185 429 119 363 285 
124 259 476 268 260 273 321 323 213 371 93 186 156 483 265 396 130 404 196 285 0 383 104 87 476 424 86 470 74 244 402 148 396 368 210 159 411 349 466 255 
458 344 73 450 165 246 67 213 192 265 477 267 230 208 241 440 187 61 263 350 383 0 414 55 174 95 219 133 183 476 73 443 213 171 339 448 441 487 373 222 
62 487 245 495 251 140 331 361 493 322 318 337 346 267 208 298 492 372 441 256 104 414 0 257 346 111 182 345 373 279 255 139 435 411 381 345 379 455 128 331 
437 262 361 376 156 372 138 456 461 150 198 412 351 155 52 182 466 251 454 284 87 55 257 0 364 149 452 140 355 268 378 109 455 314 69 270 168 336 365 187 
246 60 248 324 207 455 378 120 147 346 431 473 452 58 318 164 226 174 312 137 476 174 346 364 0 426 447 477 359 158 58 76 446 410 73 467 398 315 290 443 
139 97 317 129 341 79 337 86 89 291 360 246 452 444 72 98 290 209 278 448 424 95 111 149 426 0 130 381 213 358 473 147 288 153 210 309 337 123 411 296 
130 444 401 254 496 264 99 92 288 179 384 317 222 176 112 463 243 64 415 186 86 219 182 452 447 130 0 310 199 123 242 81 242 234 161 451 186 327 194 393 
375 248 398 231 174 234 174 281 194 169 496 451 419 490 129 58 62 57 391 124 470 133 345 140 477 381 310 0 450 468 366 269 214 123 312 51 179 415 242 64 
365 88 463 201 413 211 306 143 335 490 474 115 391 350 317 341 475 62 176 483 74 183 373 355 359 213 199 450 0 277 302 219 458 141 258 458 487 265 52 318 
396 286 466 260 324 428 412 444 345 217 86 386 413 267 208 303 323 231 350 297 244 476 279 268 158 358 123 468 277 0 209 90 282 289 475 251 122 192 95 214 
479 173 172 472 345 139 295 479 50 238 324 424 482 416 92 455 123 102 277 305 402 73 255 378 58 473 242 366 302 209 0 184 349 98 85 68 169 418 433 55 
350 488 88 472 459 383 110 253 118 317 198 392 447 386 63 490 340 344 91 116 148 443 139 109 76 147 81 269 219 90 184 0 476 157 442 74 285 126 270 384 
68 77 223 247 242 312 307 201 380 331 349 478 484 234 248 473 280 91 270 346 396 213 435 455 446 288 242 214 458 282 349 476 0 66 301 444 394 123 259 271 
65 278 222 257 296 236 165 383 273 464 116 256 405 314 229 184 355 205 237 250 368 171 411 314 410 153 234 123 141 289 98 157 66 0 311 230 436 245 500 390 
478 120 69 420 442 402 192 406 468 154 66 489 89 407 343 245 143 300 319 472 210 339 381 69 73 210 161 312 258 475 85 442 301 311 0 491 366 386 366 459 
117 243 212 259 355 386 120 371 374 159 484 424 110 127 223 380 98 139 218 185 159 448 345 270 467 309 451 51 458 251 68 74 444 230 491 0 52 195 72 89 
298 322 110 375 403 426 359 326 487 436 255 122 240 344 290 131 453 445 426 429 411 441 379 168 398 337 186 179 487 122 169 285 394 436 366 52 0 485 114 433 
361 431 328 103 366 82 175 312 133 172 393 292 116 74 221 233 466 306 351 119 349 487 455 336 315 123 327 415 265 192 418 126 123 245 386 195 485 0 284 369 
268 214 117 146 106 359 212 338 286 395 59 299 452 335 147 438 290 189 459 363 466 373 128 365 290 411 194 242 52 95 433 270 259 500 366 72 114 284 0 455 
360 107 385 125 112 336 410 209 480 199 105 438 269 70 67 347 141 307 464 285 255 222 331 187 443 296 393 64 318 214 55 384 271 390 459 89 433 369 455 0 

1329.5 0 19
1329.5 1 14
1329.5 2 30
1329.5 3 19
1329.5 4 26
1329.5 5 29
1329.5 6 22
1329.5 7 16
1329.5 8 24
1329.5 9 11
1329.5 10 27
1329.5 11 22
1329.5 12 38
1329.5 13 6
1329.5 14 36
1329.5 15 22
1329.5 16 26
1329.5 17 21
1329.5 18 16
1329.5 19 13
1329.5 20 16
1329.5 21 11
1329.5 22 8
1329.5 23 15
1329.5 24 12
1329.5 25 18
1329.5 26 27
1329.5 27 7
1329.5 28 34
1329.5 29 27
1329.5 30 25
1329.5 31 3
1329.5 32 2
1329.5 33 6
1329.5 34 22
1329.5 35 29
1329.5 36 35
1329.5 37 33
1329.5 38 34
1329.5 39 20
