50 50 3 245

0.2 0 10
0.2 0 11
0.2 0 13
0.2 0 19
0.2 0 21
0.2 0 23
0.2 0 46
0.2 1 9
0.2 1 17
0.2 1 22
0.2 1 23
0.2 1 33
0.2 1 34
0.2 1 38
0.2 1 42
0.2 1 46
0.2 1 47
0.2 2 19
0.2 2 25
0.2 2 37
0.2 2 47
0.2 3 4
0.2 3 8
0.2 3 10
0.2 3 15
0.2 3 17
0.2 3 31
0.2 3 34
0.2 3 43
0.2 3 47
0.2 4 6
0.2 4 9
0.2 4 11
0.2 4 23
0.2 4 28
0.2 4 32
0.2 4 33
0.2 4 34
0.2 4 36
0.2 4 39
0.2 4 41
0.2 4 47
0.2 5 9
0.2 5 20
0.2 5 23
0.2 5 26
0.2 5 44
0.2 6 14
0.2 6 31
0.2 6 49
0.2 7 8
0.2 7 10
0.2 7 25
0.2 7 27
0.2 7 33
0.2 7 46
0.2 7 47
0.2 7 48
0.2 8 9
0.2 8 18
0.2 8 21
0.2 8 31
0.2 8 36
0.2 8 47
0.2 9 10
0.2 9 16
0.2 9 19
0.2 9 29
0.2 9 30
0.2 9 35
0.2 9 39
0.2 10 11
0.2 10 16
0.2 10 21
0.2 10 22
0.2 10 36
0.2 10 37
0.2 10 38
0.2 10 42
0.2 10 43
0.2 10 46
0.2 10 47
0.2 11 12
0.2 11 13
0.2 11 14
0.2 11 15
0.2 11 24
0.2 11 37
0.2 11 44
0.2 11 45
0.2 11 46
0.2 12 13
0.2 12 15
0.2 12 18
0.2 12 28
0.2 12 29
0.2 12 31
0.2 12 32
0.2 12 33
0.2 12 34
0.2 12 38
0.2 12 43
0.2 12 49
0.2 13 19
0.2 13 27
0.2 13 30
0.2 13 37
0.2 13 40
0.2 14 16
0.2 14 21
0.2 14 22
0.2 14 25
0.2 14 36
0.2 14 48
0.2 15 19
0.2 15 24
0.2 15 26
0.2 15 27
0.2 15 31
0.2 15 32
0.2 15 35
0.2 15 36
0.2 15 38
0.2 16 21
0.2 16 22
0.2 16 24
0.2 16 27
0.2 16 28
0.2 16 29
0.2 16 33
0.2 16 36
0.2 16 37
0.2 16 45
0.2 16 48
0.2 17 25
0.2 17 38
0.2 18 23
0.2 18 30
0.2 18 33
0.2 18 36
0.2 18 39
0.2 18 40
0.2 18 46
0.2 19 29
0.2 19 34
0.2 19 42
0.2 19 47
0.2 20 23
0.2 20 24
0.2 20 29
0.2 20 30
0.2 20 37
0.2 20 44
0.2 20 45
0.2 20 48
0.2 21 25
0.2 21 30
0.2 22 24
0.2 22 25
0.2 22 28
0.2 22 29
0.2 22 33
0.2 22 35
0.2 22 41
0.2 22 42
0.2 22 46
0.2 22 47
0.2 23 38
0.2 23 41
0.2 23 43
0.2 23 44
0.2 23 47
0.2 24 29
0.2 24 33
0.2 24 36
0.2 24 39
0.2 24 40
0.2 25 30
0.2 25 35
0.2 25 37
0.2 25 39
0.2 25 40
0.2 25 41
0.2 25 44
0.2 26 28
0.2 26 32
0.2 26 35
0.2 27 31
0.2 27 33
0.2 27 41
0.2 27 42
0.2 28 29
0.2 28 35
0.2 28 37
0.2 28 41
0.2 29 37
0.2 29 38
0.2 29 40
0.2 29 42
0.2 30 31
0.2 30 37
0.2 30 46
0.2 31 33
0.2 31 37
0.2 31 39
0.2 31 43
0.2 31 44
0.2 31 46
0.2 31 48
0.2 31 49
0.2 32 40
0.2 32 45
0.2 32 46
0.2 33 40
0.2 33 42
0.2 33 47
0.2 33 48
0.2 34 36
0.2 34 41
0.2 34 48
0.2 35 41
0.2 35 49
0.2 36 49
0.2 37 39
0.2 37 43
0.2 38 42
0.2 38 46
0.2 39 40
0.2 39 42
0.2 39 43
0.2 39 44
0.2 39 45
0.2 39 49
0.2 40 42
0.2 40 45
0.2 40 48
0.2 42 44
0.2 43 44
0.2 43 47
0.2 44 47
0.2 45 46
0.2 45 47
0.2 45 49
0.2 47 48
0.2 48 49

0 171 65 145 96 493 146 430 471 135 106 177 441 185 73 391 135 390 253 412 198 467 301 426 52 243 131 271 494 267 66 435 358 73 185 283 271 339 249 321 121 423 137 136 154 321 177 355 166 461 
171 0 426 92 343 168 400 358 68 283 325 75 250 432 273 122 338 310 140 467 73 361 228 252 455 248 323 230 56 101 337 375 175 72 352 135 333 68 69 102 477 92 497 322 383 380 471 414 399 167 
65 426 0 242 87 268 243 295 262 175 116 144 68 291 205 390 245 447 174 112 315 469 313 464 164 108 462 108 214 128 306 271 67 237 394 251 465 285 465 88 137 281 150 133 443 442 460 485 283 106 
145 92 242 0 59 136 446 478 141 173 299 266 322 353 182 411 114 57 337 416 131 428 112 493 261 169 331 395 476 467 324 447 304 103 269 327 51 68 152 326 55 53 300 214 277 181 108 367 373 359 
96 343 87 59 0 108 395 50 290 499 270 496 129 393 144 465 249 481 54 116 306 401 266 381 324 313 287 66 277 107 171 198 79 431 183 484 413 114 250 384 273 127 437 316 385 200 106 385 58 460 
493 168 268 136 108 0 457 389 187 374 462 369 273 196 441 321 134 474 314 250 396 167 274 304 485 51 470 396 151 499 479 392 409 378 414 53 147 109 421 396 245 218 78 440 496 321 69 305 194 332 
146 400 243 446 395 457 0 383 236 291 462 478 403 379 330 408 415 171 457 78 497 478 196 412 438 201 280 218 290 442 381 425 435 124 337 294 325 218 111 197 72 105 460 190 247 277 423 295 146 451 
430 358 295 478 50 389 383 0 332 473 199 343 371 355 100 73 190 54 469 439 145 321 54 94 406 316 241 479 171 90 169 286 315 314 191 281 73 359 351 388 59 389 244 260 274 375 470 70 461 340 
471 68 262 141 290 187 236 332 0 461 75 159 246 79 215 420 414 393 375 435 330 359 263 71 167 456 284 433 167 149 176 268 176 118 303 374 473 141 379 205 296 425 295 359 389 237 331 53 403 142 
135 283 175 173 499 374 291 473 461 0 256 165 119 160 151 311 465 432 227 165 428 82 218 212 189 71 400 211 392 439 421 100 485 58 468 183 340 197 180 481 448 211 497 407 268 492 180 427 310 200 
106 325 116 299 270 462 462 199 75 256 0 79 427 449 180 402 111 162 76 240 138 261 472 272 126 283 261 204 339 211 476 413 435 389 91 117 325 475 54 330 55 310 367 77 149 268 201 315 164 288 
177 75 144 266 496 369 478 343 159 165 79 0 70 295 439 274 271 373 131 254 270 56 331 335 366 486 285 213 352 474 114 243 125 181 371 161 444 457 125 434 144 177 364 140 411 336 287 415 490 199 
441 250 68 322 129 273 403 371 246 119 427 70 0 363 53 340 351 479 415 90 339 312 187 481 276 262 307 402 325 330 339 372 356 401 183 169 295 459 358 297 130 302 68 439 275 309 168 285 287 270 
185 432 291 353 393 196 379 355 79 160 449 295 363 0 257 269 500 381 340 199 105 76 155 489 380 427 76 438 256 257 449 251 185 362 336 64 326 395 165 402 85 457 123 221 491 296 381 53 361 331 
73 273 205 182 144 441 330 100 215 151 180 439 53 257 0 222 482 301 227 344 332 138 438 315 277 148 241 319 55 325 151 398 473 215 81 95 480 459 298 67 438 440 128 104 239 233 318 262 479 372 
391 122 390 411 465 321 408 73 420 311 402 274 340 269 222 0 107 320 432 214 462 117 60 176 321 135 84 162 244 361 95 473 84 88 486 471 166 119 310 287 346 221 494 417 219 292 90 360 325 202 
135 338 245 114 249 134 415 190 414 465 111 271 351 500 482 107 0 425 494 486 378 178 132 493 158 323 65 222 158 463 273 52 188 211 241 249 159 204 127 101 104 210 357 52 153 487 126 126 265 157 
390 310 447 57 481 474 171 54 393 432 162 373 479 381 301 320 425 0 234 348 82 134 259 78 195 224 433 332 443 331 218 170 143 146 435 51 105 490 443 218 257 101 477 346 321 224 376 323 208 174 
253 140 174 337 54 314 457 469 375 227 76 131 415 340 227 432 494 234 0 234 490 212 370 100 299 452 52 395 269 311 264 190 432 406 145 330 420 472 72 290 156 267 238 471 173 136 306 150 229 385 
412 467 112 416 116 250 78 439 435 165 240 254 90 199 344 214 486 348 234 0 72 458 164 220 199 305 199 169 477 327 310 267 161 197 478 165 295 161 316 142 422 331 420 182 146 354 471 257 53 334 
198 73 315 131 306 396 497 145 330 428 138 270 339 105 332 462 378 82 490 72 0 268 470 115 175 310 80 122 372 480 480 187 487 404 250 127 160 223 121 183 497 416 60 187 468 365 321 403 192 279 
467 361 469 428 401 167 478 321 359 82 261 56 312 76 138 117 178 134 212 458 268 0 376 444 494 435 138 167 307 79 91 376 307 80 360 369 103 453 134 80 384 119 111 314 417 207 429 204 135 285 
301 228 313 112 266 274 196 54 263 218 472 331 187 155 438 60 132 259 370 164 470 376 0 81 464 332 472 309 128 60 290 64 175 316 417 304 81 462 284 343 441 72 75 169 58 312 186 67 275 413 
426 252 464 493 381 304 412 94 71 212 272 335 481 489 315 176 493 78 100 220 115 444 81 0 57 418 461 124 247 107 265 427 413 264 126 430 403 438 444 58 313 257 82 71 394 50 493 453 386 193 
52 455 164 261 324 485 438 406 167 189 126 366 276 380 277 321 158 195 299 199 175 494 464 57 0 130 296 316 379 92 308 141 154 233 89 349 458 263 201 69 420 58 194 57 149 231 181 52 174 55 
243 248 108 169 313 51 201 316 456 71 283 486 262 427 148 135 323 224 452 305 310 435 332 418 130 0 276 339 245 138 347 322 447 170 432 183 478 483 53 113 254 269 465 391 318 250 88 213 311 481 
131 323 462 331 287 470 280 241 284 400 261 285 307 76 241 84 65 433 52 199 80 138 472 461 296 276 0 419 55 305 308 480 148 474 145 80 275 423 90 104 162 77 478 122 322 282 412 203 250 307 
271 230 108 395 66 396 218 479 433 211 204 213 402 438 319 162 222 332 395 169 122 167 309 124 316 339 419 0 209 421 396 155 259 309 274 85 351 356 259 160 339 399 332 445 397 474 152 137 448 381 
494 56 214 476 277 151 290 171 167 392 339 352 325 256 55 244 158 443 269 477 372 307 128 247 379 245 55 209 0 89 358 217 370 69 380 198 265 468 84 290 414 244 292 407 484 80 483 478 351 490 
267 101 128 467 107 499 442 90 149 439 211 474 330 257 325 361 463 331 311 327 480 79 60 107 92 138 305 421 89 0 435 94 399 235 151 239 104 373 495 278 158 113 348 376 485 423 140 491 120 245 
66 337 306 324 171 479 381 169 176 421 476 114 339 449 151 95 273 218 264 310 480 91 290 265 308 347 308 396 358 435 0 89 55 242 237 373 315 117 376 69 146 84 180 248 285 246 125 490 337 434 
435 375 271 447 198 392 425 286 268 100 413 243 372 251 398 473 52 170 190 267 187 376 64 427 141 322 480 155 217 94 89 0 434 299 64 187 486 63 490 317 486 167 135 493 137 108 367 332 223 450 
358 175 67 304 79 409 435 315 176 485 435 125 356 185 473 84 188 143 432 161 487 307 175 413 154 447 148 259 370 399 55 434 0 257 453 81 143 391 270 330 341 155 344 197 367 59 111 405 225 362 
73 72 237 103 431 378 124 314 118 58 389 181 401 362 215 88 211 146 406 197 404 80 316 264 233 170 474 309 69 235 242 299 257 0 337 123 486 352 340 107 440 315 488 87 435 188 84 474 327 490 
185 352 394 269 183 414 337 191 303 468 91 371 183 336 81 486 241 435 145 478 250 360 417 126 89 432 145 274 380 151 237 64 453 337 0 464 243 81 141 142 247 377 385 206 121 239 181 405 302 64 
283 135 251 327 484 53 294 281 374 183 117 161 169 64 95 471 249 51 330 165 127 369 304 430 349 183 80 85 198 239 373 187 81 123 464 0 55 455 471 420 114 233 487 219 252 416 374 289 233 77 
271 333 465 51 413 147 325 73 473 340 325 444 295 326 480 166 159 105 420 295 160 103 81 403 458 478 275 351 265 104 315 486 143 486 243 55 0 167 467 210 184 239 65 233 186 215 104 485 471 321 
339 68 285 68 114 109 218 359 141 197 475 457 459 395 459 119 204 490 472 161 223 453 462 438 263 483 423 356 468 373 117 63 391 352 81 455 167 0 202 497 269 432 100 102 318 222 310 200 399 465 
249 69 465 152 250 421 111 351 379 180 54 125 358 165 298 310 127 443 72 316 121 134 284 444 201 53 90 259 84 495 376 490 270 340 141 471 467 202 0 307 330 328 438 429 232 497 344 65 194 368 
321 102 88 326 384 396 197 388 205 481 330 434 297 402 67 287 101 218 290 142 183 80 343 58 69 113 104 160 290 278 69 317 330 107 142 420 210 497 307 0 186 370 66 298 74 403 141 488 129 170 
121 477 137 55 273 245 72 59 296 448 55 144 130 85 438 346 104 257 156 422 497 384 441 313 420 254 162 339 414 158 146 486 341 440 247 114 184 269 330 186 0 349 97 460 292 213 440 333 415 165 
423 92 281 53 127 218 105 389 425 211 310 177 302 457 440 221 210 101 267 331 416 119 72 257 58 269 77 399 244 113 84 167 155 315 377 233 239 432 328 370 349 0 304 456 331 471 251 330 64 362 
137 497 150 300 437 78 460 244 295 497 367 364 68 123 128 494 357 477 238 420 60 111 75 82 194 465 478 332 292 348 180 135 344 488 385 487 65 100 438 66 97 304 0 389 191 445 379 158 118 75 
136 322 133 214 316 440 190 260 359 407 77 140 439 221 104 417 52 346 471 182 187 314 169 71 57 391 122 445 407 376 248 493 197 87 206 219 233 102 429 298 460 456 389 0 66 229 107 324 408 141 
154 383 443 277 385 496 247 274 389 268 149 411 275 491 239 219 153 321 173 146 468 417 58 394 149 318 322 397 484 485 285 137 367 435 121 252 186 318 232 74 292 331 191 66 0 267 131 89 375 192 
321 380 442 181 200 321 277 375 237 492 268 336 309 296 233 292 487 224 136 354 365 207 312 50 231 250 282 474 80 423 246 108 59 188 239 416 215 222 497 403 213 471 445 229 267 0 403 370 303 154 
177 471 460 108 106 69 423 470 331 180 201 287 168 381 318 90 126 376 306 471 321 429 186 493 181 88 412 152 483 140 125 367 111 84 181 374 104 310 344 141 440 251 379 107 131 403 0 183 232 293 
355 414 485 367 385 305 295 70 53 427 315 415 285 53 262 360 126 323 150 257 403 204 67 453 52 213 203 137 478 491 490 332 405 474 405 289 485 200 65 488 333 330 158 324 89 370 183 0 347 300 
166 399 283 373 58 194 146 461 403 310 164 490 287 361 479 325 265 208 229 53 192 135 275 386 174 311 250 448 351 120 337 223 225 327 302 233 471 399 194 129 415 64 118 408 375 303 232 347 0 485 
461 167 106 359 460 332 451 340 142 200 288 199 270 331 372 202 157 174 385 334 279 285 413 193 55 481 307 381 490 245 434 450 362 490 64 77 321 465 368 170 165 362 75 141 192 154 293 300 485 0 

697 0 45
697 1 37
697 2 25
697 3 30
697 4 30
697 5 40
697 6 31
697 7 36
697 8 21
697 9 25
697 10 8
697 11 22
697 12 11
697 13 3
697 14 21
697 15 32
697 16 39
697 17 40
697 18 20
697 19 0
697 20 22
697 21 36
697 22 43
697 23 18
697 24 44
697 25 13
697 26 33
697 27 46
697 28 14
697 29 13
697 30 12
697 31 10
697 32 2
697 33 42
697 34 41
697 35 32
697 36 38
697 37 28
697 38 24
697 39 15
697 40 4
697 41 37
697 42 37
697 43 20
697 44 46
697 45 15
697 46 8
697 47 41
697 48 6
697 49 28
