10 10 3 9

0.25 0 5
0.25 1 5
0.25 1 6
0.25 1 7
0.25 3 8
0.25 4 6
0.25 4 7
0.25 5 8
0.25 7 8

0 265 115 318 438 202 422 328 202 431 
265 0 162 66 95 296 290 155 389 135 
115 162 0 465 218 459 421 311 148 478 
318 66 465 0 429 264 269 291 417 148 
438 95 218 429 0 196 305 97 210 270 
202 296 459 264 196 0 206 200 260 179 
422 290 421 269 305 206 0 84 442 150 
328 155 311 291 97 200 84 0 226 436 
202 389 148 417 210 260 442 226 0 149 
431 135 478 148 270 179 150 436 149 0 

352.44 0 6
352.44 1 0
352.44 2 3
352.44 3 4
352.44 4 8
352.44 5 3
352.44 6 7
352.44 7 4
352.44 8 4
352.44 9 2
