10 10 4 9

0.4 0 5
0.4 0 8
0.4 1 5
0.4 2 4
0.4 2 9
0.4 3 8
0.4 4 6
0.4 5 9
0.4 6 8

0 191 174 459 374 138 107 213 288 218 
191 0 87 369 360 365 367 415 365 224 
174 87 0 369 175 231 298 316 313 423 
459 369 369 0 322 184 436 302 186 344 
374 360 175 322 0 271 428 397 489 496 
138 365 231 184 271 0 344 198 350 267 
107 367 298 436 428 344 0 314 144 415 
213 415 316 302 397 198 314 0 113 433 
288 365 313 186 489 350 144 113 0 157 
218 224 423 344 496 267 415 433 157 0 

639.5 0 5
639.5 1 0
639.5 2 3
639.5 3 5
639.5 4 7
639.5 5 7
639.5 6 1
639.5 7 0
639.5 8 0
639.5 9 7
