40 40 4 195

0.4 0 1
0.4 0 4
0.4 0 6
0.4 0 9
0.4 0 10
0.4 0 13
0.4 0 15
0.4 0 22
0.4 0 24
0.4 0 27
0.4 0 29
0.4 0 31
0.4 0 37
0.4 1 2
0.4 1 7
0.4 1 8
0.4 1 9
0.4 1 10
0.4 1 13
0.4 1 17
0.4 1 22
0.4 1 32
0.4 1 38
0.4 2 3
0.4 2 12
0.4 2 14
0.4 2 17
0.4 2 23
0.4 2 27
0.4 2 33
0.4 3 7
0.4 3 16
0.4 3 23
0.4 3 36
0.4 4 8
0.4 4 19
0.4 4 29
0.4 4 34
0.4 4 37
0.4 4 38
0.4 4 39
0.4 5 9
0.4 5 11
0.4 5 12
0.4 5 13
0.4 5 18
0.4 5 27
0.4 5 38
0.4 6 7
0.4 6 16
0.4 6 20
0.4 6 21
0.4 6 30
0.4 6 32
0.4 6 37
0.4 6 39
0.4 7 13
0.4 7 14
0.4 7 15
0.4 7 24
0.4 7 25
0.4 7 28
0.4 7 31
0.4 7 39
0.4 8 12
0.4 8 14
0.4 8 16
0.4 8 18
0.4 8 22
0.4 8 23
0.4 8 24
0.4 8 25
0.4 8 32
0.4 9 11
0.4 9 12
0.4 9 15
0.4 9 22
0.4 9 25
0.4 9 28
0.4 9 33
0.4 9 36
0.4 10 12
0.4 10 17
0.4 10 22
0.4 10 25
0.4 10 28
0.4 10 32
0.4 10 34
0.4 10 35
0.4 11 12
0.4 11 24
0.4 11 26
0.4 11 29
0.4 11 31
0.4 11 35
0.4 11 37
0.4 11 38
0.4 12 14
0.4 12 16
0.4 12 25
0.4 12 28
0.4 12 30
0.4 12 35
0.4 12 36
0.4 13 17
0.4 13 18
0.4 13 21
0.4 13 26
0.4 13 28
0.4 13 30
0.4 14 15
0.4 14 16
0.4 14 17
0.4 14 19
0.4 14 20
0.4 14 26
0.4 14 28
0.4 14 29
0.4 14 35
0.4 14 36
0.4 14 38
0.4 14 39
0.4 15 17
0.4 15 19
0.4 15 21
0.4 15 24
0.4 15 25
0.4 15 28
0.4 15 29
0.4 15 31
0.4 15 34
0.4 15 37
0.4 16 19
0.4 16 20
0.4 16 22
0.4 16 24
0.4 16 31
0.4 16 32
0.4 17 29
0.4 17 30
0.4 17 31
0.4 17 37
0.4 18 24
0.4 18 26
0.4 18 29
0.4 18 31
0.4 18 37
0.4 19 20
0.4 19 21
0.4 19 24
0.4 19 26
0.4 19 31
0.4 19 38
0.4 20 21
0.4 20 29
0.4 20 30
0.4 20 35
0.4 20 37
0.4 21 26
0.4 21 32
0.4 21 39
0.4 22 23
0.4 22 31
0.4 22 36
0.4 22 39
0.4 23 27
0.4 23 29
0.4 23 30
0.4 23 36
0.4 24 26
0.4 24 27
0.4 24 29
0.4 24 32
0.4 24 33
0.4 24 36
0.4 24 37
0.4 24 39
0.4 25 32
0.4 25 37
0.4 25 39
0.4 26 27
0.4 26 34
0.4 27 29
0.4 27 37
0.4 28 39
0.4 29 37
0.4 30 32
0.4 31 32
0.4 31 35
0.4 31 38
0.4 32 34
0.4 32 39
0.4 34 35
0.4 34 39
0.4 36 37

0 261 459 183 405 303 423 98 226 337 330 413 198 133 409 267 487 119 250 350 121 97 309 220 468 498 334 129 155 284 361 261 351 479 498 57 50 271 53 169 
261 0 238 232 468 244 408 285 379 438 205 477 406 454 464 314 162 426 141 199 207 67 273 310 180 391 400 172 440 262 253 470 493 294 197 239 338 144 239 342 
459 238 0 147 449 413 93 193 295 243 450 256 279 105 218 461 87 469 117 440 411 187 303 152 115 458 348 110 122 367 264 438 244 245 95 471 219 70 228 242 
183 232 147 0 470 134 366 138 193 492 129 379 391 126 87 302 450 127 288 107 356 135 230 303 156 149 159 210 369 390 329 231 289 232 278 137 456 117 281 498 
405 468 449 470 0 388 94 493 338 407 70 410 153 129 326 397 86 78 123 415 83 242 233 461 377 128 140 375 275 408 326 54 498 458 79 492 284 416 282 276 
303 244 413 134 388 0 341 438 483 496 494 342 392 380 266 171 332 346 126 241 100 498 196 95 237 448 457 395 244 439 360 263 214 281 156 300 380 273 460 204 
423 408 93 366 94 341 0 260 82 236 420 173 142 317 442 113 482 397 267 274 252 471 65 340 71 473 363 316 430 465 443 91 330 383 130 380 334 470 69 383 
98 285 193 138 493 438 260 0 69 75 325 309 339 155 438 229 303 258 248 242 212 447 384 176 251 302 482 222 191 389 472 447 444 111 95 249 397 379 259 297 
226 379 295 193 338 483 82 69 0 336 485 179 174 499 495 457 273 59 130 397 65 351 70 475 163 334 414 260 118 390 325 234 398 145 330 239 140 392 191 179 
337 438 243 492 407 496 236 75 336 0 319 363 428 50 88 199 419 95 285 193 73 430 299 149 332 294 462 406 80 394 331 122 158 66 293 454 115 277 293 194 
330 205 450 129 70 494 420 325 485 319 0 342 375 117 90 497 53 461 170 404 65 277 431 156 110 408 109 386 457 79 361 484 184 467 258 378 253 337 379 298 
413 477 256 379 410 342 173 309 179 363 342 0 329 133 143 111 68 327 433 88 107 422 88 277 416 417 118 123 498 214 425 301 406 457 440 163 196 281 434 221 
198 406 279 391 153 392 142 339 174 428 375 329 0 410 180 404 216 449 397 224 130 343 436 329 499 481 190 143 290 424 116 497 361 456 368 261 463 82 256 105 
133 454 105 126 129 380 317 155 499 50 117 133 410 0 136 253 146 213 178 360 421 395 65 339 362 430 362 299 118 242 74 99 440 160 179 75 413 478 179 339 
409 464 218 87 326 266 442 438 495 88 90 143 180 136 0 179 405 456 259 179 253 485 487 423 463 168 402 291 383 211 349 82 438 125 218 149 101 476 315 462 
267 314 461 302 397 171 113 229 457 199 497 111 404 253 179 0 58 192 322 499 394 376 189 100 175 351 435 410 119 421 308 101 413 215 100 350 459 67 476 493 
487 162 87 450 86 332 482 303 273 419 53 68 216 146 405 58 0 81 354 147 336 445 486 222 336 468 476 123 212 310 443 113 53 278 198 191 183 170 312 474 
119 426 469 127 78 346 397 258 59 95 461 327 449 213 456 192 81 0 92 459 445 443 433 444 318 435 75 188 388 300 476 475 412 477 487 210 306 293 50 126 
250 141 117 288 123 126 267 248 130 285 170 433 397 178 259 322 354 92 0 331 168 87 491 349 281 266 171 478 117 246 324 76 195 68 139 405 435 463 335 398 
350 199 440 107 415 241 274 242 397 193 404 88 224 360 179 499 147 459 331 0 77 216 171 152 112 222 161 232 328 228 242 388 147 319 165 289 244 301 204 347 
121 207 411 356 83 100 252 212 65 73 65 107 130 421 253 394 336 445 168 77 0 223 416 482 353 296 400 329 462 188 221 423 90 89 110 64 485 175 335 304 
97 67 187 135 242 498 471 447 351 430 277 422 343 395 485 376 445 443 87 216 223 0 168 491 326 228 472 453 255 313 52 455 356 468 349 499 193 63 291 336 
309 273 303 230 233 196 65 384 70 299 431 88 436 65 487 189 486 433 491 171 416 168 0 374 241 347 335 257 305 55 136 146 450 368 392 477 111 427 438 287 
220 310 152 303 461 95 340 176 475 149 156 277 329 339 423 100 222 444 349 152 482 491 374 0 403 131 334 450 193 356 241 59 99 52 355 355 239 480 429 355 
468 180 115 156 377 237 71 251 163 332 110 416 499 362 463 175 336 318 281 112 353 326 241 403 0 496 238 321 83 274 264 402 464 277 387 229 425 360 164 278 
498 391 458 149 128 448 473 302 334 294 408 417 481 430 168 351 468 435 266 222 296 228 347 131 496 0 57 156 464 66 198 360 309 87 481 52 382 393 198 416 
334 400 348 159 140 457 363 482 414 462 109 118 190 362 402 435 476 75 171 161 400 472 335 334 238 57 0 178 156 255 465 414 464 88 134 161 101 334 374 340 
129 172 110 210 375 395 316 222 260 406 386 123 143 299 291 410 123 188 478 232 329 453 257 450 321 156 178 0 239 63 281 122 86 383 231 499 176 250 472 207 
155 440 122 369 275 244 430 191 118 80 457 498 290 118 383 119 212 388 117 328 462 255 305 193 83 464 156 239 0 481 403 140 400 280 76 282 148 284 232 82 
284 262 367 390 408 439 465 389 390 394 79 214 424 242 211 421 310 300 246 228 188 313 55 356 274 66 255 63 481 0 479 317 487 138 306 321 139 144 234 492 
361 253 264 329 326 360 443 472 325 331 361 425 116 74 349 308 443 476 324 242 221 52 136 241 264 198 465 281 403 479 0 307 343 95 319 362 466 374 101 156 
261 470 438 231 54 263 91 447 234 122 484 301 497 99 82 101 113 475 76 388 423 455 146 59 402 360 414 122 140 317 307 0 457 466 73 496 148 261 443 201 
351 493 244 289 498 214 330 444 398 158 184 406 361 440 438 413 53 412 195 147 90 356 450 99 464 309 464 86 400 487 343 457 0 382 454 59 184 445 179 333 
479 294 245 232 458 281 383 111 145 66 467 457 456 160 125 215 278 477 68 319 89 468 368 52 277 87 88 383 280 138 95 466 382 0 364 88 392 150 279 104 
498 197 95 278 79 156 130 95 330 293 258 440 368 179 218 100 198 487 139 165 110 349 392 355 387 481 134 231 76 306 319 73 454 364 0 340 311 328 223 405 
57 239 471 137 492 300 380 249 239 454 378 163 261 75 149 350 191 210 405 289 64 499 477 355 229 52 161 499 282 321 362 496 59 88 340 0 174 361 411 315 
50 338 219 456 284 380 334 397 140 115 253 196 463 413 101 459 183 306 435 244 485 193 111 239 425 382 101 176 148 139 466 148 184 392 311 174 0 130 445 258 
271 144 70 117 416 273 470 379 392 277 337 281 82 478 476 67 170 293 463 301 175 63 427 480 360 393 334 250 284 144 374 261 445 150 328 361 130 0 449 494 
53 239 228 281 282 460 69 259 191 293 379 434 256 179 315 476 312 50 335 204 335 291 438 429 164 198 374 472 232 234 101 443 179 279 223 411 445 449 0 319 
169 342 242 498 276 204 383 297 179 194 298 221 105 339 462 493 474 126 398 347 304 336 287 355 278 416 340 207 82 492 156 201 333 104 405 315 258 494 319 0 

1254.5 0 1
1254.5 1 14
1254.5 2 33
1254.5 3 4
1254.5 4 13
1254.5 5 28
1254.5 6 3
1254.5 7 22
1254.5 8 33
1254.5 9 29
1254.5 10 9
1254.5 11 8
1254.5 12 15
1254.5 13 12
1254.5 14 38
1254.5 15 25
1254.5 16 2
1254.5 17 8
1254.5 18 34
1254.5 19 7
1254.5 20 1
1254.5 21 27
1254.5 22 24
1254.5 23 14
1254.5 24 9
1254.5 25 26
1254.5 26 4
1254.5 27 26
1254.5 28 29
1254.5 29 18
1254.5 30 7
1254.5 31 18
1254.5 32 21
1254.5 33 1
1254.5 34 22
1254.5 35 23
1254.5 36 18
1254.5 37 14
1254.5 38 34
1254.5 39 2
