30 30 3 108

0.25 0 1
0.25 0 5
0.25 0 6
0.25 0 8
0.25 0 13
0.25 0 15
0.25 0 16
0.25 0 18
0.25 0 22
0.25 0 23
0.25 0 24
0.25 0 27
0.25 0 29
0.25 1 15
0.25 1 16
0.25 1 23
0.25 1 24
0.25 1 28
0.25 2 6
0.25 2 10
0.25 2 11
0.25 2 16
0.25 2 22
0.25 3 4
0.25 3 8
0.25 3 12
0.25 3 13
0.25 3 17
0.25 3 19
0.25 3 22
0.25 3 25
0.25 4 5
0.25 4 6
0.25 4 10
0.25 4 14
0.25 4 17
0.25 4 18
0.25 4 19
0.25 4 20
0.25 4 22
0.25 4 24
0.25 4 28
0.25 5 8
0.25 5 10
0.25 5 15
0.25 5 25
0.25 6 9
0.25 6 10
0.25 6 13
0.25 6 15
0.25 6 16
0.25 6 19
0.25 6 20
0.25 6 22
0.25 6 25
0.25 6 26
0.25 6 27
0.25 6 29
0.25 7 8
0.25 7 9
0.25 7 12
0.25 7 14
0.25 7 15
0.25 7 24
0.25 7 26
0.25 7 27
0.25 7 29
0.25 8 11
0.25 8 14
0.25 8 27
0.25 9 10
0.25 9 12
0.25 9 28
0.25 10 12
0.25 10 17
0.25 10 23
0.25 10 29
0.25 11 20
0.25 11 29
0.25 12 15
0.25 12 17
0.25 12 26
0.25 13 16
0.25 13 17
0.25 13 19
0.25 13 20
0.25 13 26
0.25 14 16
0.25 14 17
0.25 14 23
0.25 14 29
0.25 15 22
0.25 15 24
0.25 15 26
0.25 15 28
0.25 16 18
0.25 16 19
0.25 16 28
0.25 17 19
0.25 17 22
0.25 17 28
0.25 19 20
0.25 19 21
0.25 19 25
0.25 20 22
0.25 21 29
0.25 22 26
0.25 26 27

0 436 190 353 307 365 129 240 82 414 82 304 172 175 275 430 106 198 370 416 182 116 280 346 91 449 411 491 339 105 
436 0 343 115 97 442 473 170 90 90 368 274 380 109 149 87 377 306 425 150 299 222 196 126 267 275 257 346 321 393 
190 343 0 183 179 337 419 317 232 306 93 230 304 389 421 309 287 174 114 455 302 164 124 310 286 278 234 352 109 353 
353 115 183 0 449 244 455 86 468 300 451 54 428 476 188 290 412 439 51 204 144 97 259 271 410 121 148 213 345 394 
307 97 179 449 0 342 101 97 438 245 322 307 179 328 115 419 297 431 402 251 456 176 284 305 253 311 83 363 67 420 
365 442 337 244 342 0 111 195 74 377 351 477 499 400 428 369 181 249 251 61 347 390 416 195 161 381 377 263 161 412 
129 473 419 455 101 111 0 251 77 241 61 236 305 203 67 178 477 116 406 245 324 453 195 380 152 446 303 420 197 239 
240 170 317 86 97 195 251 0 52 81 61 481 370 362 445 151 431 81 286 323 477 400 383 280 208 352 64 97 230 438 
82 90 232 468 438 74 77 52 0 121 471 414 287 203 439 403 198 151 327 468 89 373 452 339 458 354 362 117 231 279 
414 90 306 300 245 377 241 81 121 0 328 467 376 427 201 284 178 107 255 186 309 466 404 366 435 231 130 209 166 142 
82 368 93 451 322 351 61 61 471 328 0 57 403 91 331 304 369 91 451 406 172 375 205 182 468 468 325 180 150 167 
304 274 230 54 307 477 236 481 414 467 57 0 361 414 437 264 350 365 95 274 428 262 380 170 435 107 242 370 278 460 
172 380 304 428 179 499 305 370 287 376 403 361 0 233 456 193 459 250 474 454 431 471 67 124 447 99 75 431 233 258 
175 109 389 476 328 400 203 362 203 427 91 414 233 0 200 437 62 235 315 276 479 176 252 172 163 326 383 492 65 474 
275 149 421 188 115 428 67 445 439 201 331 437 456 200 0 62 61 377 243 406 382 356 262 292 70 472 96 206 408 444 
430 87 309 290 419 369 178 151 403 284 304 264 193 437 62 0 365 307 486 67 134 426 164 476 226 56 464 462 309 197 
106 377 287 412 297 181 477 431 198 178 369 350 459 62 61 365 0 111 195 277 230 229 411 261 208 261 106 441 446 490 
198 306 174 439 431 249 116 81 151 107 91 365 250 235 377 307 111 0 181 307 149 386 162 450 387 439 360 231 156 352 
370 425 114 51 402 251 406 286 327 255 451 95 474 315 243 486 195 181 0 476 86 402 487 379 115 197 62 345 465 456 
416 150 455 204 251 61 245 323 468 186 406 274 454 276 406 67 277 307 476 0 259 269 376 417 84 207 383 243 408 191 
182 299 302 144 456 347 324 477 89 309 172 428 431 479 382 134 230 149 86 259 0 194 243 329 217 308 87 194 96 214 
116 222 164 97 176 390 453 400 373 466 375 262 471 176 356 426 229 386 402 269 194 0 248 153 237 425 275 401 402 176 
280 196 124 259 284 416 195 383 452 404 205 380 67 252 262 164 411 162 487 376 243 248 0 375 326 139 143 102 459 98 
346 126 310 271 305 195 380 280 339 366 182 170 124 172 292 476 261 450 379 417 329 153 375 0 193 467 476 206 289 260 
91 267 286 410 253 161 152 208 458 435 468 435 447 163 70 226 208 387 115 84 217 237 326 193 0 311 422 490 303 77 
449 275 278 121 311 381 446 352 354 231 468 107 99 326 472 56 261 439 197 207 308 425 139 467 311 0 56 139 359 56 
411 257 234 148 83 377 303 64 362 130 325 242 75 383 96 464 106 360 62 383 87 275 143 476 422 56 0 187 97 499 
491 346 352 213 363 263 420 97 117 209 180 370 431 492 206 462 441 231 345 243 194 401 102 206 490 139 187 0 459 330 
339 321 109 345 67 161 197 230 231 166 150 278 233 65 408 309 446 156 465 408 96 402 459 289 303 359 97 459 0 122 
105 393 353 394 420 412 239 438 279 142 167 460 258 474 444 197 490 352 456 191 214 176 98 260 77 56 499 330 122 0 

676.83 0 9
676.83 1 11
676.83 2 24
676.83 3 21
676.83 4 17
676.83 5 4
676.83 6 13
676.83 7 24
676.83 8 0
676.83 9 16
676.83 10 14
676.83 11 0
676.83 12 5
676.83 13 24
676.83 14 21
676.83 15 1
676.83 16 27
676.83 17 10
676.83 18 2
676.83 19 20
676.83 20 21
676.83 21 2
676.83 22 28
676.83 23 3
676.83 24 25
676.83 25 2
676.83 26 0
676.83 27 26
676.83 28 2
676.83 29 16
