10 10 3 9

0.2 1 7
0.2 2 4
0.2 2 6
0.2 3 4
0.2 4 6
0.2 4 8
0.2 4 9
0.2 5 6
0.2 5 9

0 338 124 121 129 385 388 159 284 368 
338 0 376 343 495 244 390 296 457 479 
124 376 0 203 177 365 284 98 133 331 
121 343 203 0 469 413 412 424 121 495 
129 495 177 469 0 164 368 87 80 448 
385 244 365 413 164 0 446 314 215 423 
388 390 284 412 368 446 0 282 400 445 
159 296 98 424 87 314 282 0 130 312 
284 457 133 121 80 215 400 130 0 335 
368 479 331 495 448 423 445 312 335 0 

377.25 0 8
377.25 1 0
377.25 2 4
377.25 3 2
377.25 4 7
377.25 5 7
377.25 6 3
377.25 7 8
377.25 8 9
377.25 9 3
