30 30 3 87

0.25 0 1
0.25 0 3
0.25 0 12
0.25 0 16
0.25 0 18
0.25 0 19
0.25 0 20
0.25 0 25
0.25 1 6
0.25 1 13
0.25 1 14
0.25 1 18
0.25 2 8
0.25 2 14
0.25 2 18
0.25 3 7
0.25 3 13
0.25 3 14
0.25 3 15
0.25 3 16
0.25 3 18
0.25 3 19
0.25 3 23
0.25 3 27
0.25 4 7
0.25 4 16
0.25 4 19
0.25 4 22
0.25 4 25
0.25 4 26
0.25 5 6
0.25 5 14
0.25 5 22
0.25 5 23
0.25 5 26
0.25 5 27
0.25 6 20
0.25 6 28
0.25 7 18
0.25 7 22
0.25 7 23
0.25 7 24
0.25 7 29
0.25 8 12
0.25 8 15
0.25 8 16
0.25 8 25
0.25 8 26
0.25 9 11
0.25 9 12
0.25 9 22
0.25 9 26
0.25 9 28
0.25 9 29
0.25 10 15
0.25 10 21
0.25 10 24
0.25 11 16
0.25 11 22
0.25 12 16
0.25 12 19
0.25 12 21
0.25 13 15
0.25 14 22
0.25 14 27
0.25 14 28
0.25 15 17
0.25 15 19
0.25 15 23
0.25 16 18
0.25 16 21
0.25 16 29
0.25 17 27
0.25 18 19
0.25 19 20
0.25 19 22
0.25 19 28
0.25 20 24
0.25 20 25
0.25 21 24
0.25 21 26
0.25 21 28
0.25 22 27
0.25 23 25
0.25 24 26
0.25 26 27
0.25 28 29

0 292 312 427 351 171 376 105 215 406 435 388 115 402 136 125 412 348 259 394 62 55 263 191 141 448 158 411 395 85 
292 0 434 51 119 218 375 256 445 196 445 376 123 482 259 148 156 76 416 81 440 454 161 187 344 120 176 465 125 350 
312 434 0 493 172 453 355 91 66 84 176 450 244 99 131 393 500 409 459 86 157 233 63 180 427 140 373 366 62 166 
427 51 493 0 265 184 317 158 457 77 290 81 149 367 236 206 171 261 201 247 463 144 287 218 457 223 74 358 397 187 
351 119 172 265 0 484 132 205 257 411 469 297 150 142 427 500 444 282 463 205 108 88 323 289 191 353 452 50 486 425 
171 218 453 184 484 0 408 298 207 412 259 394 361 122 386 130 236 489 494 256 451 445 482 472 356 198 489 474 477 178 
376 375 355 317 132 408 0 438 139 245 404 305 267 87 301 462 97 429 394 417 97 149 466 195 198 456 229 240 262 83 
105 256 91 158 205 298 438 0 258 119 73 460 101 293 500 366 85 354 266 294 243 339 239 239 77 200 71 129 99 166 
215 445 66 457 257 207 139 258 0 302 221 150 430 217 336 222 243 418 364 138 348 113 366 434 498 492 128 254 233 362 
406 196 84 77 411 412 245 119 302 0 445 462 68 169 156 291 97 219 450 119 208 323 195 164 91 383 402 192 235 296 
435 445 176 290 469 259 404 73 221 445 0 98 486 242 149 159 371 463 169 53 286 132 451 106 208 157 131 118 497 422 
388 376 450 81 297 394 305 460 150 462 98 0 131 248 196 222 350 139 136 383 212 125 320 203 422 390 484 433 313 94 
115 123 244 149 150 361 267 101 430 68 486 131 0 172 373 458 403 176 379 135 308 262 134 401 330 445 357 420 196 237 
402 482 99 367 142 122 87 293 217 169 242 248 172 0 407 485 273 203 429 262 74 446 95 379 386 61 281 403 188 418 
136 259 131 236 427 386 301 500 336 156 149 196 373 407 0 414 429 52 191 298 455 294 114 185 323 173 475 90 137 113 
125 148 393 206 500 130 462 366 222 291 159 222 458 485 414 0 310 88 161 93 262 77 285 122 275 198 446 50 128 383 
412 156 500 171 444 236 97 85 243 97 371 350 403 273 429 310 0 309 337 413 229 396 401 325 75 102 388 386 314 312 
348 76 409 261 282 489 429 354 418 219 463 139 176 203 52 88 309 0 158 468 417 341 159 50 437 331 120 398 246 200 
259 416 459 201 463 494 394 266 364 450 169 136 379 429 191 161 337 158 0 87 178 270 348 475 88 120 391 489 169 218 
394 81 86 247 205 256 417 294 138 119 53 383 135 262 298 93 413 468 87 0 474 450 223 275 228 138 399 117 71 126 
62 440 157 463 108 451 97 243 348 208 286 212 308 74 455 262 229 417 178 474 0 256 241 76 337 423 244 99 132 397 
55 454 233 144 88 445 149 339 113 323 132 125 262 446 294 77 396 341 270 450 256 0 180 108 417 393 295 132 273 337 
263 161 63 287 323 482 466 239 366 195 451 320 134 95 114 285 401 159 348 223 241 180 0 76 119 364 207 394 59 354 
191 187 180 218 289 472 195 239 434 164 106 203 401 379 185 122 325 50 475 275 76 108 76 0 166 448 281 196 406 235 
141 344 427 457 191 356 198 77 498 91 208 422 330 386 323 275 75 437 88 228 337 417 119 166 0 330 365 238 322 109 
448 120 140 223 353 198 456 200 492 383 157 390 445 61 173 198 102 331 120 138 423 393 364 448 330 0 296 344 348 363 
158 176 373 74 452 489 229 71 128 402 131 484 357 281 475 446 388 120 391 399 244 295 207 281 365 296 0 442 55 347 
411 465 366 358 50 474 240 129 254 192 118 433 420 403 90 50 386 398 489 117 99 132 394 196 238 344 442 0 469 137 
395 125 62 397 486 477 262 99 233 235 497 313 196 188 137 128 314 246 169 71 132 273 59 406 322 348 55 469 0 417 
85 350 166 187 425 178 83 166 362 296 422 94 237 418 113 383 312 200 218 126 397 337 354 235 109 363 347 137 417 0 

660 0 21
660 1 0
660 2 3
660 3 12
660 4 25
660 5 6
660 6 15
660 7 3
660 8 27
660 9 17
660 10 16
660 11 9
660 12 25
660 13 12
660 14 23
660 15 16
660 16 15
660 17 8
660 18 20
660 19 3
660 20 26
660 21 3
660 22 24
660 23 28
660 24 18
660 25 12
660 26 10
660 27 20
660 28 4
660 29 22
