20 20 3 47

0.25 0 1
0.25 0 4
0.25 0 9
0.25 0 11
0.25 1 2
0.25 1 6
0.25 1 15
0.25 1 18
0.25 2 3
0.25 2 6
0.25 2 9
0.25 2 14
0.25 3 4
0.25 3 11
0.25 3 18
0.25 4 6
0.25 4 9
0.25 4 13
0.25 4 14
0.25 5 7
0.25 5 9
0.25 5 11
0.25 5 12
0.25 5 13
0.25 5 15
0.25 5 18
0.25 6 7
0.25 6 13
0.25 7 9
0.25 7 11
0.25 7 13
0.25 7 16
0.25 7 17
0.25 7 18
0.25 8 9
0.25 8 14
0.25 9 12
0.25 10 12
0.25 10 16
0.25 11 12
0.25 11 19
0.25 12 14
0.25 12 15
0.25 13 18
0.25 15 17
0.25 16 19
0.25 18 19

0 214 307 135 372 155 205 158 56 140 71 409 66 82 150 259 470 287 471 359 
214 0 99 62 112 83 309 88 161 384 389 460 166 357 138 346 395 112 430 486 
307 99 0 103 196 319 424 66 488 249 405 389 493 426 159 193 266 190 355 288 
135 62 103 0 118 123 109 147 220 493 445 296 472 128 481 237 314 230 423 426 
372 112 196 118 0 289 191 169 174 208 448 222 159 95 164 135 261 197 357 353 
155 83 319 123 289 0 331 184 86 110 95 256 408 237 269 256 453 153 334 357 
205 309 424 109 191 331 0 181 305 76 483 284 288 174 253 370 428 99 335 292 
158 88 66 147 169 184 181 0 186 477 312 148 185 300 281 213 480 116 272 442 
56 161 488 220 174 86 305 186 0 390 340 380 384 352 261 58 412 368 488 297 
140 384 249 493 208 110 76 477 390 0 255 320 178 340 431 313 415 119 176 285 
71 389 405 445 448 95 483 312 340 255 0 403 413 395 390 93 447 160 282 195 
409 460 389 296 222 256 284 148 380 320 403 0 479 148 375 64 342 382 309 413 
66 166 493 472 159 408 288 185 384 178 413 479 0 61 218 165 304 441 393 135 
82 357 426 128 95 237 174 300 352 340 395 148 61 0 281 384 322 494 280 165 
150 138 159 481 164 269 253 281 261 431 390 375 218 281 0 410 60 498 302 342 
259 346 193 237 135 256 370 213 58 313 93 64 165 384 410 0 291 410 456 441 
470 395 266 314 261 453 428 480 412 415 447 342 304 322 60 291 0 144 176 88 
287 112 190 230 197 153 99 116 368 119 160 382 441 494 498 410 144 0 482 405 
471 430 355 423 357 334 335 272 488 176 282 309 393 280 302 456 176 482 0 481 
359 486 288 426 353 357 292 442 297 285 195 413 135 165 342 441 88 405 481 0 

527.67 0 10
527.67 1 16
527.67 2 6
527.67 3 6
527.67 4 17
527.67 5 6
527.67 6 11
527.67 7 16
527.67 8 9
527.67 9 1
527.67 10 2
527.67 11 10
527.67 12 8
527.67 13 8
527.67 14 15
527.67 15 16
527.67 16 13
527.67 17 14
527.67 18 10
527.67 19 0
