30 30 4 87

0.4 0 1
0.4 0 5
0.4 0 15
0.4 0 25
0.4 1 8
0.4 1 11
0.4 1 14
0.4 1 16
0.4 1 17
0.4 1 20
0.4 1 21
0.4 2 9
0.4 2 13
0.4 3 6
0.4 3 8
0.4 3 9
0.4 3 12
0.4 3 16
0.4 3 18
0.4 3 23
0.4 3 27
0.4 4 10
0.4 4 22
0.4 4 29
0.4 5 7
0.4 5 8
0.4 5 10
0.4 5 22
0.4 5 24
0.4 6 8
0.4 6 11
0.4 6 15
0.4 6 19
0.4 6 25
0.4 7 8
0.4 7 18
0.4 8 10
0.4 8 17
0.4 8 21
0.4 8 22
0.4 8 29
0.4 9 14
0.4 9 18
0.4 9 19
0.4 9 22
0.4 9 27
0.4 10 21
0.4 10 25
0.4 10 27
0.4 10 29
0.4 11 12
0.4 11 13
0.4 11 18
0.4 11 22
0.4 11 25
0.4 11 29
0.4 12 16
0.4 12 18
0.4 12 27
0.4 12 28
0.4 13 19
0.4 13 21
0.4 14 18
0.4 14 20
0.4 15 22
0.4 16 17
0.4 16 18
0.4 16 22
0.4 16 28
0.4 17 19
0.4 18 25
0.4 18 26
0.4 18 29
0.4 19 21
0.4 19 24
0.4 19 25
0.4 21 25
0.4 21 26
0.4 21 27
0.4 22 26
0.4 22 28
0.4 22 29
0.4 23 25
0.4 25 26
0.4 25 28
0.4 26 27
0.4 28 29

0 79 371 182 91 152 167 396 376 207 492 265 101 305 196 116 446 154 175 100 114 212 282 87 189 490 119 403 345 226 
79 0 263 197 130 94 268 387 266 334 262 472 425 460 262 122 390 429 133 300 428 342 333 306 354 77 483 412 284 90 
371 263 0 252 60 381 455 264 243 121 383 51 84 127 153 81 414 304 463 496 336 122 89 326 405 362 322 498 343 63 
182 197 252 0 468 235 223 435 405 217 446 364 379 191 463 465 207 119 50 336 368 100 439 61 178 138 180 350 170 71 
91 130 60 468 0 74 298 493 137 302 435 347 141 459 480 377 493 61 477 418 407 321 102 270 56 160 421 115 186 324 
152 94 381 235 74 0 140 288 456 223 180 267 92 164 354 247 376 50 64 481 85 126 199 280 130 106 435 116 254 356 
167 268 455 223 298 140 0 393 86 468 293 106 101 171 63 298 186 367 353 223 479 72 269 387 53 250 376 332 167 398 
396 387 264 435 493 288 393 0 491 389 331 458 316 221 405 274 102 286 273 412 402 469 302 330 112 55 448 387 242 216 
376 266 243 405 137 456 86 491 0 408 273 110 431 379 388 205 146 412 418 256 389 131 238 252 375 166 52 453 320 317 
207 334 121 217 302 223 468 389 408 0 263 61 216 142 148 412 90 279 304 303 67 227 461 169 309 361 464 252 233 64 
492 262 383 446 435 180 293 331 273 263 0 250 63 222 252 395 196 180 272 173 200 388 464 162 144 183 314 77 73 408 
265 472 51 364 347 267 106 458 110 61 250 0 192 449 186 132 244 495 249 182 67 403 286 498 386 173 109 328 413 343 
101 425 84 379 141 92 101 316 431 216 63 192 0 196 200 290 500 275 404 480 117 362 82 314 286 441 420 407 392 454 
305 460 127 191 459 164 171 221 379 142 222 449 196 0 67 244 332 130 496 298 206 223 63 421 374 394 320 80 483 187 
196 262 153 463 480 354 63 405 388 148 252 186 200 67 0 61 150 262 354 473 269 270 107 403 480 442 432 499 441 255 
116 122 81 465 377 247 298 274 205 412 395 132 290 244 61 0 66 427 89 198 160 268 159 289 322 71 280 427 426 345 
446 390 414 207 493 376 186 102 146 90 196 244 500 332 150 66 0 470 299 55 124 465 293 222 332 409 209 346 145 169 
154 429 304 119 61 50 367 286 412 279 180 495 275 130 262 427 470 0 423 205 250 248 282 140 355 85 104 418 227 402 
175 133 463 50 477 64 353 273 418 304 272 249 404 496 354 89 299 423 0 419 333 376 447 249 190 164 221 453 424 270 
100 300 496 336 418 481 223 412 256 303 173 182 480 298 473 198 55 205 419 0 242 109 226 392 329 401 309 277 71 471 
114 428 336 368 407 85 479 402 389 67 200 67 117 206 269 160 124 250 333 242 0 472 376 376 168 409 252 198 72 128 
212 342 122 100 321 126 72 469 131 227 388 403 362 223 270 268 465 248 376 109 472 0 349 489 111 143 449 369 98 401 
282 333 89 439 102 199 269 302 238 461 464 286 82 63 107 159 293 282 447 226 376 349 0 162 438 222 218 88 231 249 
87 306 326 61 270 280 387 330 252 169 162 498 314 421 403 289 222 140 249 392 376 489 162 0 407 448 287 125 55 150 
189 354 405 178 56 130 53 112 375 309 144 386 286 374 480 322 332 355 190 329 168 111 438 407 0 448 112 177 453 205 
490 77 362 138 160 106 250 55 166 361 183 173 441 394 442 71 409 85 164 401 409 143 222 448 448 0 118 290 99 430 
119 483 322 180 421 435 376 448 52 464 314 109 420 320 432 280 209 104 221 309 252 449 218 287 112 118 0 280 93 156 
403 412 498 350 115 116 332 387 453 252 77 328 407 80 499 427 346 418 453 277 198 369 88 125 177 290 280 0 284 157 
345 284 343 170 186 254 167 242 320 233 73 413 392 483 441 426 145 227 424 71 72 98 231 55 453 99 93 284 0 479 
226 90 63 71 324 356 398 216 317 64 408 343 454 187 255 345 169 402 270 471 128 401 249 150 205 430 156 157 479 0 

916 0 1
916 1 24
916 2 25
916 3 10
916 4 12
916 5 28
916 6 27
916 7 24
916 8 19
916 9 4
916 10 4
916 11 27
916 12 9
916 13 25
916 14 11
916 15 23
916 16 23
916 17 3
916 18 22
916 19 9
916 20 0
916 21 6
916 22 12
916 23 25
916 24 4
916 25 0
916 26 23
916 27 18
916 28 26
916 29 5
