30 30 3 43

0.2 1 3
0.2 1 12
0.2 1 17
0.2 1 21
0.2 1 23
0.2 2 13
0.2 2 17
0.2 3 12
0.2 4 8
0.2 4 29
0.2 5 10
0.2 5 22
0.2 5 23
0.2 5 24
0.2 6 13
0.2 6 16
0.2 6 23
0.2 7 8
0.2 7 10
0.2 7 17
0.2 8 18
0.2 9 14
0.2 9 27
0.2 9 28
0.2 10 11
0.2 10 13
0.2 11 16
0.2 11 28
0.2 12 21
0.2 12 26
0.2 12 28
0.2 12 29
0.2 14 21
0.2 15 19
0.2 15 27
0.2 17 20
0.2 17 29
0.2 18 21
0.2 19 29
0.2 21 26
0.2 21 28
0.2 22 26
0.2 24 29

0 236 247 159 447 422 164 417 295 59 73 335 484 327 326 395 119 61 127 378 433 88 225 459 309 459 139 253 364 294 
236 0 103 495 337 324 186 245 470 256 94 302 65 84 360 400 73 334 440 183 441 171 147 150 213 339 238 63 292 474 
247 103 0 450 168 295 190 411 93 253 241 469 55 256 134 413 244 248 313 139 152 446 154 105 469 492 490 59 153 345 
159 495 450 0 223 468 133 328 237 177 213 404 444 129 149 266 186 484 177 362 119 193 352 223 77 216 208 376 332 364 
447 337 168 223 0 366 356 98 216 429 384 96 192 212 122 226 157 266 197 364 434 147 424 214 446 228 217 470 496 266 
422 324 295 468 366 0 259 430 353 382 303 194 435 469 384 204 343 402 60 167 366 236 353 70 353 244 259 355 167 204 
164 186 190 133 356 259 0 363 103 451 178 447 325 333 133 228 258 419 309 396 191 237 97 406 429 436 373 113 97 196 
417 245 411 328 98 430 363 0 417 431 56 491 349 458 137 61 492 484 249 330 261 386 368 87 433 244 55 459 371 468 
295 470 93 237 216 353 103 417 0 105 498 117 121 303 390 122 182 230 147 145 103 360 202 495 311 407 457 269 343 77 
59 256 253 177 429 382 451 431 105 0 88 56 136 135 283 197 102 322 431 321 303 429 330 337 286 404 295 280 158 243 
73 94 241 213 384 303 178 56 498 88 0 300 372 182 486 344 137 84 494 213 494 391 162 392 489 271 441 425 435 338 
335 302 469 404 96 194 447 491 117 56 300 0 165 207 324 79 171 467 264 399 274 499 323 149 241 108 200 349 57 370 
484 65 55 444 192 435 325 349 121 136 372 165 0 388 314 206 87 478 121 270 180 125 275 188 450 256 230 286 378 108 
327 84 256 129 212 469 333 458 303 135 182 207 388 0 91 185 411 219 121 291 176 493 306 71 265 406 184 381 214 479 
326 360 134 149 122 384 133 137 390 283 486 324 314 91 0 211 435 177 482 338 120 118 420 208 353 491 106 143 432 134 
395 400 413 266 226 204 228 61 122 197 344 79 206 185 211 0 128 97 406 289 248 265 217 236 244 274 341 226 433 192 
119 73 244 186 157 343 258 492 182 102 137 171 87 411 435 128 0 449 75 418 490 114 249 389 260 191 161 288 206 400 
61 334 248 484 266 402 419 484 230 322 84 467 478 219 177 97 449 0 221 241 237 466 61 360 189 235 371 80 69 65 
127 440 313 177 197 60 309 249 147 431 494 264 121 121 482 406 75 221 0 299 143 232 283 272 342 465 303 116 282 124 
378 183 139 362 364 167 396 330 145 321 213 399 270 291 338 289 418 241 299 0 75 374 177 51 115 348 66 100 138 312 
433 441 152 119 434 366 191 261 103 303 494 274 180 176 120 248 490 237 143 75 0 268 402 390 328 451 362 127 307 291 
88 171 446 193 147 236 237 386 360 429 391 499 125 493 118 265 114 466 232 374 268 0 281 497 363 317 76 227 68 356 
225 147 154 352 424 353 97 368 202 330 162 323 275 306 420 217 249 61 283 177 402 281 0 63 273 298 415 422 204 401 
459 150 105 223 214 70 406 87 495 337 392 149 188 71 208 236 389 360 272 51 390 497 63 0 270 417 96 380 357 97 
309 213 469 77 446 353 429 433 311 286 489 241 450 265 353 244 260 189 342 115 328 363 273 270 0 456 491 450 145 131 
459 339 492 216 228 244 436 244 407 404 271 108 256 406 491 274 191 235 465 348 451 317 298 417 456 0 262 490 137 311 
139 238 490 208 217 259 373 55 457 295 441 200 230 184 106 341 161 371 303 66 362 76 415 96 491 262 0 163 485 161 
253 63 59 376 470 355 113 459 269 280 425 349 286 381 143 226 288 80 116 100 127 227 422 380 450 490 163 0 232 433 
364 292 153 332 496 167 97 371 343 158 435 57 378 214 432 433 206 69 282 138 307 68 204 357 145 137 485 232 0 155 
294 474 345 364 266 204 196 468 77 243 338 370 108 479 134 192 400 65 124 312 291 356 401 97 131 311 161 433 155 0 

510.25 0 26
510.25 1 12
510.25 2 20
510.25 3 23
510.25 4 5
510.25 5 23
510.25 6 19
510.25 7 14
510.25 8 1
510.25 9 12
510.25 10 9
510.25 11 19
510.25 12 24
510.25 13 10
510.25 14 17
510.25 15 21
510.25 16 2
510.25 17 11
510.25 18 10
510.25 19 14
510.25 20 13
510.25 21 15
510.25 22 3
510.25 23 13
510.25 24 12
510.25 25 17
510.25 26 14
510.25 27 26
510.25 28 9
510.25 29 6
