30 30 3 43

0.2 0 8
0.2 0 12
0.2 1 2
0.2 1 11
0.2 2 9
0.2 2 18
0.2 3 5
0.2 3 18
0.2 3 20
0.2 3 29
0.2 4 6
0.2 5 9
0.2 5 10
0.2 5 13
0.2 5 28
0.2 5 29
0.2 6 13
0.2 6 26
0.2 7 13
0.2 7 15
0.2 8 10
0.2 8 18
0.2 9 22
0.2 10 18
0.2 10 23
0.2 10 26
0.2 12 25
0.2 13 22
0.2 13 27
0.2 14 18
0.2 14 26
0.2 15 16
0.2 15 19
0.2 15 22
0.2 15 24
0.2 15 29
0.2 17 24
0.2 17 25
0.2 18 27
0.2 20 29
0.2 23 24
0.2 24 26
0.2 26 28

0 284 197 339 469 384 230 359 450 419 419 329 453 253 320 201 203 312 375 69 61 242 117 241 278 388 491 294 481 227 
284 0 131 146 325 356 256 66 434 247 416 481 133 488 189 108 314 103 97 166 64 271 369 130 70 193 114 455 248 141 
197 131 0 132 451 353 147 98 292 258 495 56 101 347 244 206 347 178 243 214 50 320 283 336 275 334 487 384 55 110 
339 146 132 0 223 441 154 488 440 369 273 137 417 474 96 479 342 497 230 132 411 169 247 370 241 426 285 470 74 208 
469 325 451 223 0 245 69 488 130 176 69 430 209 425 110 312 264 121 413 469 259 309 271 413 191 459 145 269 492 339 
384 356 353 441 245 0 215 315 130 348 63 440 227 188 97 193 149 322 468 168 415 397 308 386 302 107 205 130 216 322 
230 256 147 154 69 215 0 309 279 224 438 379 265 259 255 81 158 78 498 395 306 350 102 424 367 79 172 83 408 232 
359 66 98 488 488 315 309 0 226 479 135 369 383 167 401 285 68 356 421 469 219 295 292 299 439 443 288 255 217 86 
450 434 292 440 130 130 279 226 0 288 286 277 413 467 355 325 111 353 96 221 103 410 470 189 494 334 246 365 191 489 
419 247 258 369 176 348 224 479 288 0 242 215 52 239 379 220 58 455 193 353 254 200 376 492 447 60 305 178 488 347 
419 416 495 273 69 63 438 135 286 242 0 354 58 380 109 250 373 313 489 497 63 456 240 374 274 390 453 411 250 461 
329 481 56 137 430 440 379 369 277 215 354 0 328 103 82 442 196 50 415 428 483 177 448 178 363 475 303 244 397 179 
453 133 101 417 209 227 265 383 413 52 58 328 0 375 350 393 117 347 395 87 480 214 195 238 116 68 90 172 109 90 
253 488 347 474 425 188 259 167 467 239 380 103 375 0 442 440 161 459 461 127 180 212 115 144 366 256 151 156 134 417 
320 189 244 96 110 97 255 401 355 379 109 82 350 442 0 77 496 77 433 475 196 88 463 436 287 413 136 499 63 282 
201 108 206 479 312 193 81 285 325 220 250 442 393 440 77 0 266 500 449 280 318 179 298 290 365 268 307 331 303 149 
203 314 347 342 264 149 158 68 111 58 373 196 117 161 496 266 0 479 138 307 148 333 171 142 54 410 491 165 463 51 
312 103 178 497 121 322 78 356 353 455 313 50 347 459 77 500 479 0 430 143 70 344 464 162 278 393 318 295 376 295 
375 97 243 230 413 468 498 421 96 193 489 415 395 461 433 449 138 430 0 454 212 348 414 165 445 131 325 432 57 158 
69 166 214 132 469 168 395 469 221 353 497 428 87 127 475 280 307 143 454 0 324 386 321 332 389 476 247 458 293 464 
61 64 50 411 259 415 306 219 103 254 63 483 480 180 196 318 148 70 212 324 0 304 419 316 222 258 437 101 491 170 
242 271 320 169 309 397 350 295 410 200 456 177 214 212 88 179 333 344 348 386 304 0 298 66 88 124 93 422 302 372 
117 369 283 247 271 308 102 292 470 376 240 448 195 115 463 298 171 464 414 321 419 298 0 153 81 96 156 275 224 464 
241 130 336 370 413 386 424 299 189 492 374 178 238 144 436 290 142 162 165 332 316 66 153 0 219 469 330 376 448 367 
278 70 275 241 191 302 367 439 494 447 274 363 116 366 287 365 54 278 445 389 222 88 81 219 0 108 381 375 109 380 
388 193 334 426 459 107 79 443 334 60 390 475 68 256 413 268 410 393 131 476 258 124 96 469 108 0 338 212 353 187 
491 114 487 285 145 205 172 288 246 305 453 303 90 151 136 307 491 318 325 247 437 93 156 330 381 338 0 175 430 71 
294 455 384 470 269 130 83 255 365 178 411 244 172 156 499 331 165 295 432 458 101 422 275 376 375 212 175 0 435 439 
481 248 55 74 492 216 408 217 191 488 250 397 109 134 63 303 463 376 57 293 491 302 224 448 109 353 430 435 0 490 
227 141 110 208 339 322 232 86 489 347 461 179 90 417 282 149 51 295 158 464 170 372 464 367 380 187 71 439 490 0 

481.75 0 18
481.75 1 12
481.75 2 6
481.75 3 17
481.75 4 21
481.75 5 21
481.75 6 24
481.75 7 26
481.75 8 14
481.75 9 5
481.75 10 5
481.75 11 19
481.75 12 14
481.75 13 9
481.75 14 7
481.75 15 22
481.75 16 21
481.75 17 2
481.75 18 23
481.75 19 7
481.75 20 13
481.75 21 0
481.75 22 11
481.75 23 1
481.75 24 25
481.75 25 13
481.75 26 14
481.75 27 21
481.75 28 6
481.75 29 22
