40 40 3 78

0.4 0 3
0.4 0 6
0.4 0 12
0.4 0 31
0.4 1 8
0.4 1 14
0.4 1 20
0.4 1 21
0.4 1 29
0.4 1 38
0.4 1 39
0.4 2 9
0.4 2 10
0.4 2 37
0.4 3 8
0.4 3 15
0.4 4 5
0.4 4 19
0.4 4 27
0.4 5 12
0.4 5 18
0.4 5 34
0.4 6 24
0.4 6 34
0.4 7 30
0.4 7 34
0.4 8 15
0.4 8 16
0.4 8 18
0.4 8 36
0.4 9 16
0.4 9 24
0.4 9 27
0.4 10 27
0.4 10 38
0.4 11 28
0.4 12 16
0.4 12 22
0.4 12 33
0.4 12 36
0.4 13 15
0.4 13 19
0.4 13 21
0.4 13 37
0.4 15 17
0.4 15 36
0.4 16 31
0.4 16 32
0.4 16 34
0.4 16 38
0.4 17 26
0.4 17 36
0.4 18 33
0.4 18 35
0.4 20 30
0.4 21 24
0.4 21 35
0.4 22 23
0.4 22 34
0.4 22 38
0.4 23 29
0.4 23 30
0.4 23 33
0.4 24 25
0.4 24 39
0.4 25 37
0.4 26 29
0.4 27 28
0.4 29 31
0.4 29 33
0.4 30 33
0.4 30 35
0.4 31 32
0.4 31 39
0.4 32 33
0.4 32 36
0.4 32 38
0.4 33 36

0 226 183 84 497 130 234 448 146 87 401 463 394 57 148 248 334 370 231 422 336 312 114 378 121 450 167 341 248 349 445 94 293 289 189 491 480 413 360 459 
226 0 410 280 85 181 296 66 450 316 293 344 63 449 453 356 468 349 171 347 497 475 375 210 347 323 469 328 263 259 60 385 470 182 75 400 259 338 319 410 
183 410 0 394 75 117 210 353 77 361 122 123 311 426 369 395 400 206 201 225 65 177 445 353 383 414 438 404 224 258 143 233 52 286 325 52 219 336 101 264 
84 280 394 0 469 180 118 242 79 112 110 98 254 348 216 313 286 390 53 219 292 313 278 69 163 473 139 107 302 96 410 394 186 259 106 53 300 431 92 317 
497 85 75 469 0 451 61 488 339 285 117 440 125 343 429 119 336 174 299 237 170 481 420 236 125 453 122 53 310 228 475 295 471 97 343 283 207 469 416 457 
130 181 117 180 451 0 128 169 194 441 134 279 302 196 363 343 116 499 105 358 234 162 485 232 445 301 312 70 51 432 396 207 209 417 69 277 303 149 285 405 
234 296 210 118 61 128 0 136 320 451 188 333 402 204 316 446 422 335 141 293 240 435 385 474 482 111 295 283 413 105 138 289 181 111 63 134 89 277 419 61 
448 66 353 242 488 169 136 0 326 108 64 225 75 90 198 417 198 91 369 267 313 395 322 448 496 280 396 197 368 489 406 383 353 489 177 114 406 214 77 499 
146 450 77 79 339 194 320 326 0 327 150 118 116 366 380 186 382 391 340 410 480 356 73 305 78 355 432 366 261 189 207 319 234 251 274 449 68 53 410 490 
87 316 361 112 285 441 451 108 327 0 247 477 228 498 70 141 119 182 457 435 244 112 465 294 191 444 474 355 189 468 126 447 127 335 131 378 425 477 71 447 
401 293 122 110 117 134 188 64 150 247 0 495 182 163 274 120 285 368 174 97 160 120 340 79 348 393 104 459 150 356 301 459 67 499 331 289 107 147 152 106 
463 344 123 98 440 279 333 225 118 477 495 0 359 170 181 433 158 323 463 295 163 191 254 456 97 430 233 367 408 401 381 119 60 362 466 493 140 234 96 120 
394 63 311 254 125 302 402 75 116 228 182 359 0 193 178 213 99 346 449 56 372 108 348 278 134 389 85 457 55 363 188 327 161 204 86 265 489 377 434 306 
57 449 426 348 343 196 204 90 366 498 163 170 193 0 55 324 172 192 436 485 457 342 359 449 286 130 335 146 211 212 201 353 370 242 469 179 198 405 244 214 
148 453 369 216 429 363 316 198 380 70 274 181 178 55 0 302 286 331 88 172 339 433 442 196 277 425 87 341 122 308 244 478 488 456 93 201 250 419 92 383 
248 356 395 313 119 343 446 417 186 141 120 433 213 324 302 0 312 386 297 207 90 436 460 369 288 173 479 268 372 124 106 277 388 188 388 366 434 153 379 444 
334 468 400 286 336 116 422 198 382 119 285 158 99 172 286 312 0 366 141 488 401 76 294 478 297 272 434 329 375 129 460 409 278 128 391 358 231 125 436 414 
370 349 206 390 174 499 335 91 391 182 368 323 346 192 331 386 366 0 184 422 403 380 92 219 71 272 467 132 219 381 318 193 180 145 453 385 194 187 351 345 
231 171 201 53 299 105 141 369 340 457 174 463 449 436 88 297 141 184 0 470 333 455 72 333 317 221 123 102 419 203 185 95 189 215 150 404 308 413 131 283 
422 347 225 219 237 358 293 267 410 435 97 295 56 485 172 207 488 422 470 0 374 262 112 73 252 112 64 122 142 454 96 93 77 203 228 239 478 386 153 300 
336 497 65 292 170 234 240 313 480 244 160 163 372 457 339 90 401 403 333 374 0 123 162 180 55 264 392 110 498 99 471 239 125 56 233 327 69 497 402 255 
312 475 177 313 481 162 435 395 356 112 120 191 108 342 433 436 76 380 455 262 123 0 213 181 473 448 247 486 50 121 346 65 205 131 332 445 220 238 106 450 
114 375 445 278 420 485 385 322 73 465 340 254 348 359 442 460 294 92 72 112 162 213 0 383 398 350 493 89 401 302 352 389 417 281 175 374 62 485 187 498 
378 210 353 69 236 232 474 448 305 294 79 456 278 449 196 369 478 219 333 73 180 181 383 0 375 267 370 391 120 303 92 90 372 231 443 297 310 309 250 213 
121 347 383 163 125 445 482 496 78 191 348 97 134 286 277 288 297 71 317 252 55 473 398 375 0 225 174 256 318 329 147 314 225 447 335 376 311 253 463 231 
450 323 414 473 453 301 111 280 355 444 393 430 389 130 425 173 272 272 221 112 264 448 350 267 225 0 104 187 386 202 154 487 159 52 429 206 360 218 133 63 
167 469 438 139 122 312 295 396 432 474 104 233 85 335 87 479 434 467 123 64 392 247 493 370 174 104 0 344 366 373 371 401 272 53 264 328 326 100 387 221 
341 328 404 107 53 70 283 197 366 355 459 367 457 146 341 268 329 132 102 122 110 486 89 391 256 187 344 0 415 146 300 391 116 304 224 83 393 269 204 299 
248 263 224 302 310 51 413 368 261 189 150 408 55 211 122 372 375 219 419 142 498 50 401 120 318 386 366 415 0 295 234 493 151 322 333 141 106 328 216 446 
349 259 258 96 228 432 105 489 189 468 356 401 363 212 308 124 129 381 203 454 99 121 302 303 329 202 373 146 295 0 223 134 113 183 81 141 308 142 492 428 
445 60 143 410 475 396 138 406 207 126 301 381 188 201 244 106 460 318 185 96 471 346 352 92 147 154 371 300 234 223 0 113 179 404 452 66 234 199 458 492 
94 385 233 394 295 207 289 383 319 447 459 119 327 353 478 277 409 193 95 93 239 65 389 90 314 487 401 391 493 134 113 0 394 110 228 131 292 240 75 160 
293 470 52 186 471 209 181 353 234 127 67 60 161 370 488 388 278 180 189 77 125 205 417 372 225 159 272 116 151 113 179 394 0 71 106 247 66 430 310 338 
289 182 286 259 97 417 111 489 251 335 499 362 204 242 456 188 128 145 215 203 56 131 281 231 447 52 53 304 322 183 404 110 71 0 484 276 159 242 58 462 
189 75 325 106 343 69 63 177 274 131 331 466 86 469 93 388 391 453 150 228 233 332 175 443 335 429 264 224 333 81 452 228 106 484 0 135 92 377 117 428 
491 400 52 53 283 277 134 114 449 378 289 493 265 179 201 366 358 385 404 239 327 445 374 297 376 206 328 83 141 141 66 131 247 276 135 0 431 155 432 294 
480 259 219 300 207 303 89 406 68 425 107 140 489 198 250 434 231 194 308 478 69 220 62 310 311 360 326 393 106 308 234 292 66 159 92 431 0 97 50 366 
413 338 336 431 469 149 277 214 53 477 147 234 377 405 419 153 125 187 413 386 497 238 485 309 253 218 100 269 328 142 199 240 430 242 377 155 97 0 243 439 
360 319 101 92 416 285 419 77 410 71 152 96 434 244 92 379 436 351 131 153 402 106 187 250 463 133 387 204 216 492 458 75 310 58 117 432 50 243 0 292 
459 410 264 317 457 405 61 499 490 447 106 120 306 214 383 444 414 345 283 300 255 450 498 213 231 63 221 299 446 428 492 160 338 462 428 294 366 439 292 0 

1188.5 0 23
1188.5 1 28
1188.5 2 13
1188.5 3 33
1188.5 4 32
1188.5 5 9
1188.5 6 17
1188.5 7 6
1188.5 8 26
1188.5 9 18
1188.5 10 13
1188.5 11 17
1188.5 12 28
1188.5 13 3
1188.5 14 23
1188.5 15 16
1188.5 16 8
1188.5 17 8
1188.5 18 15
1188.5 19 30
1188.5 20 36
1188.5 21 36
1188.5 22 36
1188.5 23 18
1188.5 24 26
1188.5 25 28
1188.5 26 38
1188.5 27 38
1188.5 28 4
1188.5 29 38
1188.5 30 34
1188.5 31 17
1188.5 32 27
1188.5 33 9
1188.5 34 11
1188.5 35 9
1188.5 36 7
1188.5 37 17
1188.5 38 16
1188.5 39 22
