30 30 4 43

0.25 0 4
0.25 0 10
0.25 0 11
0.25 1 10
0.25 2 9
0.25 2 29
0.25 3 6
0.25 3 13
0.25 3 19
0.25 4 14
0.25 4 28
0.25 6 11
0.25 6 12
0.25 6 27
0.25 6 28
0.25 7 13
0.25 7 24
0.25 8 16
0.25 8 24
0.25 8 29
0.25 9 16
0.25 9 18
0.25 10 15
0.25 10 19
0.25 11 12
0.25 11 17
0.25 12 13
0.25 12 21
0.25 12 29
0.25 13 16
0.25 13 20
0.25 16 22
0.25 16 25
0.25 16 26
0.25 17 19
0.25 17 20
0.25 20 27
0.25 21 23
0.25 23 25
0.25 23 29
0.25 24 25
0.25 27 29
0.25 28 29

0 357 423 233 175 264 459 294 245 321 160 230 63 499 168 280 364 80 244 84 368 235 276 148 230 434 196 196 254 148 
357 0 276 140 418 339 454 60 218 373 405 235 174 336 245 102 138 102 117 431 79 457 107 446 176 111 409 353 491 155 
423 276 0 208 205 355 313 307 425 355 423 111 102 258 95 454 399 446 178 164 450 459 293 252 265 312 74 496 194 193 
233 140 208 0 62 401 152 224 102 233 179 110 369 281 245 482 315 268 93 187 248 169 355 478 239 87 390 53 322 108 
175 418 205 62 0 383 154 443 140 385 56 186 113 325 98 307 183 359 187 399 167 172 419 471 500 247 257 369 186 145 
264 339 355 401 383 0 154 316 407 119 283 280 194 57 275 496 350 198 499 243 151 463 474 369 113 331 220 192 497 93 
459 454 313 152 154 154 0 173 492 278 283 241 194 73 465 446 363 213 114 106 165 377 333 311 467 186 323 413 73 380 
294 60 307 224 443 316 173 0 231 447 300 238 341 121 429 87 164 397 185 465 454 465 473 86 420 427 318 149 189 281 
245 218 425 102 140 407 492 231 0 470 293 126 140 445 83 321 314 469 402 181 90 266 260 325 419 457 238 288 121 90 
321 373 355 233 385 119 278 447 470 0 89 147 370 465 89 209 499 373 174 464 96 271 481 293 412 157 116 169 215 159 
160 405 423 179 56 283 283 300 293 89 0 230 207 182 249 317 404 420 138 310 443 62 414 143 378 166 64 319 101 177 
230 235 111 110 186 280 241 238 126 147 230 0 251 54 434 392 354 360 202 434 492 341 423 117 396 212 68 110 221 368 
63 174 102 369 113 194 194 341 140 370 207 251 0 150 233 153 247 232 417 459 337 56 439 147 139 428 252 437 209 81 
499 336 258 281 325 57 73 121 445 465 182 54 150 0 89 281 94 201 130 54 373 218 289 61 246 339 441 57 220 228 
168 245 95 245 98 275 465 429 83 89 249 434 233 89 0 280 293 139 233 51 155 88 94 297 413 338 231 176 246 295 
280 102 454 482 307 496 446 87 321 209 317 392 153 281 280 0 493 303 225 343 474 173 157 186 175 346 116 207 269 240 
364 138 399 315 183 350 363 164 314 499 404 354 247 94 293 493 0 496 283 304 478 319 165 240 277 458 313 282 363 155 
80 102 446 268 359 198 213 397 469 373 420 360 232 201 139 303 496 0 451 188 104 410 59 56 205 422 149 134 253 492 
244 117 178 93 187 499 114 185 402 174 138 202 417 130 233 225 283 451 0 341 287 333 374 167 269 241 250 354 395 460 
84 431 164 187 399 243 106 465 181 464 310 434 459 54 51 343 304 188 341 0 198 116 142 154 101 96 359 220 276 224 
368 79 450 248 167 151 165 454 90 96 443 492 337 373 155 474 478 104 287 198 0 457 278 430 303 375 193 200 242 451 
235 457 459 169 172 463 377 465 266 271 62 341 56 218 88 173 319 410 333 116 457 0 214 312 487 361 95 374 480 354 
276 107 293 355 419 474 333 473 260 481 414 423 439 289 94 157 165 59 374 142 278 214 0 149 348 221 316 319 337 207 
148 446 252 478 471 369 311 86 325 293 143 117 147 61 297 186 240 56 167 154 430 312 149 0 439 151 115 400 412 399 
230 176 265 239 500 113 467 420 419 412 378 396 139 246 413 175 277 205 269 101 303 487 348 439 0 65 493 232 386 89 
434 111 312 87 247 331 186 427 457 157 166 212 428 339 338 346 458 422 241 96 375 361 221 151 65 0 118 219 210 494 
196 409 74 390 257 220 323 318 238 116 64 68 252 441 231 116 313 149 250 359 193 95 316 115 493 118 0 201 437 310 
196 353 496 53 369 192 413 149 288 169 319 110 437 57 176 207 282 134 354 220 200 374 319 400 232 219 201 0 493 182 
254 491 194 322 186 497 73 189 121 215 101 221 209 220 246 269 363 253 395 276 242 480 337 412 386 210 437 493 0 410 
148 155 193 108 145 93 380 281 90 159 177 368 81 228 295 240 155 492 460 224 451 354 207 399 89 494 310 182 410 0 

497.25 0 22
497.25 1 18
497.25 2 16
497.25 3 4
497.25 4 12
497.25 5 11
497.25 6 12
497.25 7 1
497.25 8 27
497.25 9 8
497.25 10 27
497.25 11 12
497.25 12 2
497.25 13 0
497.25 14 2
497.25 15 18
497.25 16 28
497.25 17 19
497.25 18 27
497.25 19 21
497.25 20 0
497.25 21 27
497.25 22 24
497.25 23 6
497.25 24 9
497.25 25 14
497.25 26 0
497.25 27 28
497.25 28 17
497.25 29 16
