30 30 4 108

0.4 0 4
0.4 0 7
0.4 0 15
0.4 0 16
0.4 0 18
0.4 0 24
0.4 0 25
0.4 0 26
0.4 0 27
0.4 1 2
0.4 1 6
0.4 1 7
0.4 1 15
0.4 1 16
0.4 1 21
0.4 1 25
0.4 1 29
0.4 2 9
0.4 2 16
0.4 2 18
0.4 2 19
0.4 2 25
0.4 3 7
0.4 3 9
0.4 3 11
0.4 3 12
0.4 3 26
0.4 3 27
0.4 3 29
0.4 4 7
0.4 4 13
0.4 4 15
0.4 5 12
0.4 5 14
0.4 5 24
0.4 5 26
0.4 5 28
0.4 6 9
0.4 6 17
0.4 6 21
0.4 6 24
0.4 6 26
0.4 7 12
0.4 7 17
0.4 7 19
0.4 8 9
0.4 8 14
0.4 8 16
0.4 8 17
0.4 8 21
0.4 8 24
0.4 8 25
0.4 8 26
0.4 9 11
0.4 9 13
0.4 9 14
0.4 9 22
0.4 9 23
0.4 9 24
0.4 10 26
0.4 10 27
0.4 11 13
0.4 11 17
0.4 11 18
0.4 11 20
0.4 11 24
0.4 11 25
0.4 11 27
0.4 12 25
0.4 12 26
0.4 13 15
0.4 13 17
0.4 13 19
0.4 13 22
0.4 13 27
0.4 13 29
0.4 14 15
0.4 14 17
0.4 14 22
0.4 14 23
0.4 14 26
0.4 15 17
0.4 15 18
0.4 15 20
0.4 15 21
0.4 15 25
0.4 15 28
0.4 16 22
0.4 17 20
0.4 18 22
0.4 19 21
0.4 19 25
0.4 19 27
0.4 19 28
0.4 20 21
0.4 20 22
0.4 20 23
0.4 20 25
0.4 21 22
0.4 21 24
0.4 22 24
0.4 23 29
0.4 24 25
0.4 24 28
0.4 25 26
0.4 25 27
0.4 26 27
0.4 26 29

0 417 261 186 107 182 221 142 334 194 454 371 329 302 206 134 473 462 439 350 327 231 384 459 207 190 144 444 375 443 
417 0 367 180 181 255 413 243 249 406 328 193 427 349 451 378 255 483 385 263 323 450 306 184 386 50 285 88 429 273 
261 367 0 90 130 198 424 213 288 235 210 153 394 171 406 94 321 250 245 358 480 105 264 493 219 247 260 162 295 316 
186 180 90 0 140 469 314 432 457 481 133 185 270 475 188 164 423 333 397 77 222 329 430 272 212 445 129 320 388 317 
107 181 130 140 0 268 306 278 217 253 141 477 408 462 233 179 160 368 454 418 87 123 205 147 347 143 426 341 128 409 
182 255 198 469 268 0 323 121 154 123 467 109 146 110 186 394 459 143 455 196 306 252 463 382 157 136 120 256 333 317 
221 413 424 314 306 323 0 315 142 236 163 423 344 390 467 492 362 324 77 211 428 312 393 285 396 423 269 105 500 411 
142 243 213 432 278 121 315 0 103 401 440 433 350 494 366 360 53 228 388 384 250 443 457 118 134 300 426 100 399 243 
334 249 288 457 217 154 142 103 0 298 416 276 253 187 79 355 425 205 450 430 301 50 128 387 115 228 317 336 173 149 
194 406 235 481 253 123 236 401 298 0 82 283 141 83 237 308 435 339 396 334 410 247 240 375 80 349 214 237 463 411 
454 328 210 133 141 467 163 440 416 82 0 281 59 147 480 250 289 428 57 51 370 472 395 130 333 219 275 170 210 141 
371 193 153 185 477 109 423 433 276 283 281 0 80 322 382 105 368 260 327 392 335 327 284 357 337 74 159 311 430 479 
329 427 394 270 408 146 344 350 253 141 59 80 0 266 80 445 170 283 500 418 466 70 296 304 384 456 343 369 298 129 
302 349 171 475 462 110 390 494 187 83 147 322 266 0 85 490 378 173 213 196 340 451 223 492 215 114 282 193 153 57 
206 451 406 188 233 186 467 366 79 237 480 382 80 85 0 409 398 168 496 276 400 255 357 75 329 158 338 231 306 164 
134 378 94 164 179 394 492 360 355 308 250 105 445 490 409 0 206 256 482 369 249 107 498 197 208 71 191 143 315 377 
473 255 321 423 160 459 362 53 425 435 289 368 170 378 398 206 0 378 414 299 257 464 485 204 101 351 451 303 472 160 
462 483 250 333 368 143 324 228 205 339 428 260 283 173 168 256 378 0 328 229 95 183 55 153 203 442 118 74 449 420 
439 385 245 397 454 455 77 388 450 396 57 327 500 213 496 482 414 328 0 323 410 63 254 387 288 114 147 375 497 398 
350 263 358 77 418 196 211 384 430 334 51 392 418 196 276 369 299 229 323 0 348 471 232 98 165 235 64 347 321 338 
327 323 480 222 87 306 428 250 301 410 370 335 466 340 400 249 257 95 410 348 0 299 478 143 458 363 434 422 458 125 
231 450 105 329 123 252 312 443 50 247 472 327 70 451 255 107 464 183 63 471 299 0 288 389 486 393 375 81 70 394 
384 306 264 430 205 463 393 457 128 240 395 284 296 223 357 498 485 55 254 232 478 288 0 479 190 149 122 415 403 366 
459 184 493 272 147 382 285 118 387 375 130 357 304 492 75 197 204 153 387 98 143 389 479 0 154 170 131 68 304 82 
207 386 219 212 347 157 396 134 115 80 333 337 384 215 329 208 101 203 288 165 458 486 190 154 0 96 195 303 442 170 
190 50 247 445 143 136 423 300 228 349 219 74 456 114 158 71 351 442 114 235 363 393 149 170 96 0 63 348 190 475 
144 285 260 129 426 120 269 426 317 214 275 159 343 282 338 191 451 118 147 64 434 375 122 131 195 63 0 149 426 337 
444 88 162 320 341 256 105 100 336 237 170 311 369 193 231 143 303 74 375 347 422 81 415 68 303 348 149 0 217 319 
375 429 295 388 128 333 500 399 173 463 210 430 298 153 306 315 472 449 497 321 458 70 403 304 442 190 426 217 0 164 
443 273 316 317 409 317 411 243 149 411 141 479 129 57 164 377 160 420 398 338 125 394 366 82 170 475 337 319 164 0 

1059.5 0 2
1059.5 1 11
1059.5 2 5
1059.5 3 17
1059.5 4 5
1059.5 5 15
1059.5 6 26
1059.5 7 14
1059.5 8 12
1059.5 9 21
1059.5 10 27
1059.5 11 16
1059.5 12 0
1059.5 13 12
1059.5 14 15
1059.5 15 23
1059.5 16 8
1059.5 17 8
1059.5 18 26
1059.5 19 17
1059.5 20 14
1059.5 21 4
1059.5 22 1
1059.5 23 3
1059.5 24 9
1059.5 25 7
1059.5 26 20
1059.5 27 21
1059.5 28 24
1059.5 29 15
