10 10 3 4

0.4 0 6
0.4 0 7
0.4 1 7
0.4 5 7

0 51 421 361 430 103 440 246 84 128 
51 0 255 383 245 272 356 336 79 82 
421 255 0 296 176 406 150 482 372 491 
361 383 296 0 349 165 121 431 86 255 
430 245 176 349 0 193 301 278 451 382 
103 272 406 165 193 0 488 89 126 93 
440 356 150 121 301 488 0 468 153 233 
246 336 482 431 278 89 468 0 89 494 
84 79 372 86 451 126 153 89 0 208 
128 82 491 255 382 93 233 494 208 0 

461.5 0 1
461.5 1 8
461.5 2 5
461.5 3 4
461.5 4 0
461.5 5 8
461.5 6 5
461.5 7 0
461.5 8 6
461.5 9 7
