20 20 4 47

0.2 0 1
0.2 0 4
0.2 0 10
0.2 0 11
0.2 1 2
0.2 1 3
0.2 1 8
0.2 1 9
0.2 1 10
0.2 1 11
0.2 1 13
0.2 1 14
0.2 2 7
0.2 2 10
0.2 2 11
0.2 2 15
0.2 2 16
0.2 3 9
0.2 3 14
0.2 4 6
0.2 4 11
0.2 4 13
0.2 5 6
0.2 5 7
0.2 5 12
0.2 5 19
0.2 6 11
0.2 6 18
0.2 6 19
0.2 7 12
0.2 7 18
0.2 7 19
0.2 8 12
0.2 8 15
0.2 8 17
0.2 10 19
0.2 11 13
0.2 11 16
0.2 11 19
0.2 13 18
0.2 14 17
0.2 14 18
0.2 15 17
0.2 15 18
0.2 16 17
0.2 16 19
0.2 17 18

0 174 412 402 258 422 302 84 325 303 385 324 360 458 490 213 302 119 306 444 
174 0 118 337 247 182 122 386 221 72 149 179 326 199 120 488 169 136 445 211 
412 118 0 476 244 289 347 332 52 128 340 470 446 473 488 84 174 356 135 99 
402 337 476 0 331 61 460 268 450 253 439 280 438 349 224 164 372 440 361 475 
258 247 244 331 0 294 345 196 132 353 315 455 78 64 387 445 157 81 409 374 
422 182 289 61 294 0 428 116 328 500 392 190 298 321 412 440 349 295 116 201 
302 122 347 460 345 428 0 457 107 141 366 490 193 332 83 136 465 75 206 336 
84 386 332 268 196 116 457 0 175 348 349 160 170 418 419 293 275 324 498 371 
325 221 52 450 132 328 107 175 0 268 484 479 145 144 357 211 138 456 405 473 
303 72 128 253 353 500 141 348 268 0 197 317 411 461 227 163 383 395 228 439 
385 149 340 439 315 392 366 349 484 197 0 424 261 143 447 124 338 155 290 52 
324 179 470 280 455 190 490 160 479 317 424 0 451 131 362 335 316 498 310 96 
360 326 446 438 78 298 193 170 145 411 261 451 0 171 371 465 85 115 327 417 
458 199 473 349 64 321 332 418 144 461 143 131 171 0 323 292 199 153 355 64 
490 120 488 224 387 412 83 419 357 227 447 362 371 323 0 185 393 182 379 491 
213 488 84 164 445 440 136 293 211 163 124 335 465 292 185 0 115 367 413 259 
302 169 174 372 157 349 465 275 138 383 338 316 85 199 393 115 0 479 210 376 
119 136 356 440 81 295 75 324 456 395 155 498 115 153 182 367 479 0 318 156 
306 445 135 361 409 116 206 498 405 228 290 310 327 355 379 413 210 318 0 81 
444 211 99 475 374 201 336 371 473 439 52 96 417 64 491 259 376 156 81 0 

390.25 0 6
390.25 1 10
390.25 2 6
390.25 3 4
390.25 4 16
390.25 5 8
390.25 6 5
390.25 7 14
390.25 8 9
390.25 9 2
390.25 10 1
390.25 11 4
390.25 12 2
390.25 13 14
390.25 14 13
390.25 15 2
390.25 16 8
390.25 17 13
390.25 18 13
390.25 19 12
