20 20 4 19

0.3 0 7
0.3 1 10
0.3 1 14
0.3 1 15
0.3 2 8
0.3 2 17
0.3 3 10
0.3 3 13
0.3 3 15
0.3 4 13
0.3 5 6
0.3 5 15
0.3 6 9
0.3 7 8
0.3 8 14
0.3 11 18
0.3 13 15
0.3 15 17
0.3 16 18

0 185 453 144 396 108 340 163 105 55 129 110 464 332 417 150 139 183 350 224 
185 0 185 235 477 432 379 148 208 192 223 453 292 492 50 433 304 134 239 305 
453 185 0 262 354 284 311 217 159 284 354 181 148 359 60 98 300 417 103 240 
144 235 262 0 251 427 419 149 447 115 146 422 454 227 329 160 140 50 184 427 
396 477 354 251 0 132 335 253 160 393 349 264 357 76 287 264 314 104 322 497 
108 432 284 427 132 0 232 431 294 343 396 95 248 320 467 296 335 213 90 412 
340 379 311 419 335 232 0 362 297 498 84 287 296 427 499 470 377 470 431 253 
163 148 217 149 253 431 362 0 101 177 462 210 110 484 78 442 487 496 190 456 
105 208 159 447 160 294 297 101 0 269 494 412 131 380 322 322 89 241 348 214 
55 192 284 115 393 343 498 177 269 0 251 80 272 380 452 496 162 465 178 483 
129 223 354 146 349 396 84 462 494 251 0 457 189 372 142 124 308 120 150 299 
110 453 181 422 264 95 287 210 412 80 457 0 304 57 69 62 248 253 382 106 
464 292 148 454 357 248 296 110 131 272 189 304 0 143 455 376 461 96 330 273 
332 492 359 227 76 320 427 484 380 380 372 57 143 0 202 454 327 280 470 148 
417 50 60 329 287 467 499 78 322 452 142 69 455 202 0 384 202 343 64 51 
150 433 98 160 264 296 470 442 322 496 124 62 376 454 384 0 162 393 170 326 
139 304 300 140 314 335 377 487 89 162 308 248 461 327 202 162 0 83 386 489 
183 134 417 50 104 213 470 496 241 465 120 253 96 280 343 393 83 0 64 324 
350 239 103 184 322 90 431 190 348 178 150 382 330 470 64 170 386 64 0 122 
224 305 240 427 497 412 253 456 214 483 299 106 273 148 51 326 489 324 122 0 

454.74 0 13
454.74 1 13
454.74 2 9
454.74 3 16
454.74 4 12
454.74 5 1
454.74 6 14
454.74 7 5
454.74 8 13
454.74 9 7
454.74 10 4
454.74 11 1
454.74 12 3
454.74 13 10
454.74 14 1
454.74 15 11
454.74 16 14
454.74 17 3
454.74 18 1
454.74 19 0
