10 10 3 11

0.25 0 2
0.25 0 4
0.25 0 6
0.25 1 4
0.25 1 6
0.25 1 8
0.25 2 7
0.25 3 5
0.25 3 8
0.25 6 8
0.25 6 9

0 245 91 77 322 307 154 65 393 69 
245 0 254 360 387 100 321 471 406 193 
91 254 0 232 85 71 124 269 377 399 
77 360 232 0 89 183 214 97 138 311 
322 387 85 89 0 381 175 350 447 233 
307 100 71 183 381 0 375 442 130 206 
154 321 124 214 175 375 0 491 372 118 
65 471 269 97 350 442 491 0 306 461 
393 406 377 138 447 130 372 306 0 339 
69 193 399 311 233 206 118 461 339 0 

265.32 0 2
265.32 1 6
265.32 2 4
265.32 3 8
265.32 4 5
265.32 5 2
265.32 6 1
265.32 7 4
265.32 8 0
265.32 9 0
