40 40 4 195

0.2 0 1
0.2 0 2
0.2 0 3
0.2 0 5
0.2 0 6
0.2 0 7
0.2 0 13
0.2 0 20
0.2 0 28
0.2 0 35
0.2 0 36
0.2 1 6
0.2 1 10
0.2 1 18
0.2 1 21
0.2 1 24
0.2 1 33
0.2 1 36
0.2 1 37
0.2 2 3
0.2 2 6
0.2 2 13
0.2 2 22
0.2 2 26
0.2 2 27
0.2 2 30
0.2 2 37
0.2 2 39
0.2 3 11
0.2 3 13
0.2 3 14
0.2 3 15
0.2 3 18
0.2 3 19
0.2 3 20
0.2 3 22
0.2 3 26
0.2 3 27
0.2 3 31
0.2 4 6
0.2 4 7
0.2 4 8
0.2 4 11
0.2 4 15
0.2 4 16
0.2 4 20
0.2 4 25
0.2 4 26
0.2 4 31
0.2 4 33
0.2 5 6
0.2 5 7
0.2 5 9
0.2 5 13
0.2 5 22
0.2 5 25
0.2 5 26
0.2 5 28
0.2 5 30
0.2 5 35
0.2 5 37
0.2 5 38
0.2 6 12
0.2 6 15
0.2 6 16
0.2 6 17
0.2 6 18
0.2 6 21
0.2 6 22
0.2 6 33
0.2 6 36
0.2 7 9
0.2 7 12
0.2 7 14
0.2 7 17
0.2 7 25
0.2 7 33
0.2 7 38
0.2 8 10
0.2 8 12
0.2 8 13
0.2 8 14
0.2 8 24
0.2 8 28
0.2 8 31
0.2 9 10
0.2 9 21
0.2 9 23
0.2 9 27
0.2 9 31
0.2 9 37
0.2 10 11
0.2 10 22
0.2 10 23
0.2 10 27
0.2 10 30
0.2 10 34
0.2 10 35
0.2 10 37
0.2 11 19
0.2 11 24
0.2 11 37
0.2 11 38
0.2 11 39
0.2 12 18
0.2 12 20
0.2 12 21
0.2 12 25
0.2 12 28
0.2 12 35
0.2 13 20
0.2 13 28
0.2 13 29
0.2 13 34
0.2 13 37
0.2 13 39
0.2 14 36
0.2 15 18
0.2 15 25
0.2 15 28
0.2 15 35
0.2 16 18
0.2 16 24
0.2 16 26
0.2 16 27
0.2 16 31
0.2 16 39
0.2 17 20
0.2 17 21
0.2 17 22
0.2 17 23
0.2 17 24
0.2 17 28
0.2 17 32
0.2 17 33
0.2 17 35
0.2 18 20
0.2 18 22
0.2 18 24
0.2 18 25
0.2 18 28
0.2 18 29
0.2 18 34
0.2 18 35
0.2 18 36
0.2 19 20
0.2 19 29
0.2 19 35
0.2 19 36
0.2 20 22
0.2 20 23
0.2 20 32
0.2 20 38
0.2 21 23
0.2 21 24
0.2 21 29
0.2 21 33
0.2 22 24
0.2 22 26
0.2 22 28
0.2 22 34
0.2 22 35
0.2 23 24
0.2 23 28
0.2 23 35
0.2 23 36
0.2 23 37
0.2 24 25
0.2 24 36
0.2 24 38
0.2 25 29
0.2 25 33
0.2 25 38
0.2 25 39
0.2 26 28
0.2 26 30
0.2 26 33
0.2 26 36
0.2 27 30
0.2 28 29
0.2 28 30
0.2 28 38
0.2 28 39
0.2 29 35
0.2 29 38
0.2 30 34
0.2 30 35
0.2 30 36
0.2 31 32
0.2 31 33
0.2 33 37
0.2 33 39
0.2 35 37
0.2 35 38
0.2 36 37

0 291 295 486 51 489 493 256 104 108 213 317 311 491 225 126 480 114 456 272 357 233 159 242 246 353 132 152 386 123 177 470 301 172 415 489 347 404 441 56 
291 0 183 74 432 102 217 484 157 88 61 97 493 154 311 289 206 365 483 131 488 218 478 254 212 421 108 259 347 405 62 181 220 59 147 312 360 371 155 420 
295 183 0 189 478 360 200 390 79 358 165 168 484 255 308 132 335 79 412 111 209 104 188 182 320 308 146 400 418 187 377 384 197 313 424 296 199 431 298 202 
486 74 189 0 208 396 72 321 345 85 364 279 168 154 109 298 290 118 349 417 338 486 347 456 281 86 357 443 274 459 288 103 354 224 382 325 500 194 97 304 
51 432 478 208 0 370 85 244 403 453 83 151 77 194 245 486 465 350 431 189 415 64 302 248 263 110 136 496 205 458 200 175 345 202 206 66 153 72 433 500 
489 102 360 396 370 0 471 238 213 346 408 276 436 251 253 236 394 472 92 348 105 295 349 468 457 458 434 238 177 105 92 83 437 468 263 173 208 176 296 367 
493 217 200 72 85 471 0 463 86 137 90 309 220 251 370 52 242 327 318 158 395 478 430 422 340 325 417 257 381 233 453 145 449 353 337 222 475 198 280 398 
256 484 390 321 244 238 463 0 427 68 289 202 371 124 237 139 424 439 115 200 290 273 424 219 211 306 263 348 147 162 255 127 179 340 255 202 315 87 161 387 
104 157 79 345 403 213 86 427 0 449 147 178 455 67 236 380 263 351 202 111 272 334 374 118 198 376 241 302 379 232 275 495 432 248 378 294 290 323 338 376 
108 88 358 85 453 346 137 68 449 0 431 228 168 298 488 253 429 80 274 193 316 155 457 81 301 144 209 100 118 320 321 126 74 343 191 59 202 401 131 202 
213 61 165 364 83 408 90 289 147 431 0 239 84 243 471 340 160 485 221 322 400 73 156 197 100 86 79 282 111 467 437 155 284 409 186 476 490 121 91 411 
317 97 168 279 151 276 309 202 178 228 239 0 466 296 172 455 457 61 190 303 56 397 91 463 361 139 406 218 226 110 301 187 118 355 414 212 54 499 374 175 
311 493 484 168 77 436 220 371 455 168 84 466 0 156 414 477 156 56 351 140 87 349 267 134 499 307 484 313 126 388 287 377 157 224 337 376 309 477 215 212 
491 154 255 154 194 251 251 124 67 298 243 296 156 0 342 344 489 85 375 484 238 439 348 449 274 133 335 229 161 77 253 392 382 330 117 471 441 472 144 469 
225 311 308 109 245 253 370 237 236 488 471 172 414 342 0 404 370 171 461 492 117 234 106 68 282 56 281 377 214 493 395 390 215 440 419 468 252 336 180 473 
126 289 132 298 486 236 52 139 380 253 340 455 477 344 404 0 448 242 422 259 211 264 61 64 217 211 334 99 294 221 70 271 134 432 160 265 84 351 59 417 
480 206 335 290 465 394 242 424 263 429 160 457 156 489 370 448 0 241 160 89 377 494 81 372 98 384 128 134 424 188 452 169 50 299 496 157 225 431 304 251 
114 365 79 118 350 472 327 439 351 80 485 61 56 85 171 242 241 0 285 422 172 128 329 392 69 313 126 117 150 414 115 98 470 116 306 452 370 86 74 238 
456 483 412 349 431 92 318 115 202 274 221 190 351 375 461 422 160 285 0 301 319 260 101 227 120 278 347 384 378 465 415 337 421 222 183 492 401 378 93 64 
272 131 111 417 189 348 158 200 111 193 322 303 140 484 492 259 89 422 301 0 76 265 187 234 60 138 211 122 229 318 365 83 291 387 186 69 338 347 60 78 
357 488 209 338 415 105 395 290 272 316 400 56 87 238 117 211 377 172 319 76 0 395 109 434 361 293 340 157 234 63 80 413 382 73 278 78 168 100 352 302 
233 218 104 486 64 295 478 273 334 155 73 397 349 439 234 264 494 128 260 265 395 0 449 444 275 60 265 218 445 342 233 123 250 435 277 167 252 138 347 160 
159 478 188 347 302 349 430 424 374 457 156 91 267 348 106 61 81 329 101 187 109 449 0 81 78 61 301 198 113 498 378 473 263 473 206 160 495 210 499 424 
242 254 182 456 248 468 422 219 118 81 197 463 134 449 68 64 372 392 227 234 434 444 81 0 131 341 152 455 62 247 128 498 379 388 126 406 76 187 76 134 
246 212 320 281 263 457 340 211 198 301 100 361 499 274 282 217 98 69 120 60 361 275 78 131 0 286 493 379 101 493 437 408 365 69 420 299 210 84 59 197 
353 421 308 86 110 458 325 306 376 144 86 139 307 133 56 211 384 313 278 138 293 60 61 341 286 0 389 488 488 317 332 165 379 142 141 352 307 500 147 179 
132 108 146 357 136 434 417 263 241 209 79 406 484 335 281 334 128 126 347 211 340 265 301 152 493 389 0 219 211 467 121 329 414 193 171 207 261 328 121 421 
152 259 400 443 496 238 257 348 302 100 282 218 313 229 377 99 134 117 384 122 157 218 198 455 379 488 219 0 262 94 460 235 99 229 426 202 363 97 358 489 
386 347 418 274 205 177 381 147 379 118 111 226 126 161 214 294 424 150 378 229 234 445 113 62 101 488 211 262 0 304 298 124 209 95 486 459 137 489 390 74 
123 405 187 459 458 105 233 162 232 320 467 110 388 77 493 221 188 414 465 318 63 342 498 247 493 317 467 94 304 0 372 333 453 55 302 313 240 468 395 52 
177 62 377 288 200 92 453 255 275 321 437 301 287 253 395 70 452 115 415 365 80 233 378 128 437 332 121 460 298 372 0 106 363 395 403 234 340 212 333 109 
470 181 384 103 175 83 145 127 495 126 155 187 377 392 390 271 169 98 337 83 413 123 473 498 408 165 329 235 124 333 106 0 460 424 400 447 435 393 87 80 
301 220 197 354 345 437 449 179 432 74 284 118 157 382 215 134 50 470 421 291 382 250 263 379 365 379 414 99 209 453 363 460 0 271 399 124 306 339 256 178 
172 59 313 224 202 468 353 340 248 343 409 355 224 330 440 432 299 116 222 387 73 435 473 388 69 142 193 229 95 55 395 424 271 0 326 480 490 142 130 261 
415 147 424 382 206 263 337 255 378 191 186 414 337 117 419 160 496 306 183 186 278 277 206 126 420 141 171 426 486 302 403 400 399 326 0 271 190 86 134 334 
489 312 296 325 66 173 222 202 294 59 476 212 376 471 468 265 157 452 492 69 78 167 160 406 299 352 207 202 459 313 234 447 124 480 271 0 409 117 189 385 
347 360 199 500 153 208 475 315 290 202 490 54 309 441 252 84 225 370 401 338 168 252 495 76 210 307 261 363 137 240 340 435 306 490 190 409 0 475 132 334 
404 371 431 194 72 176 198 87 323 401 121 499 477 472 336 351 431 86 378 347 100 138 210 187 84 500 328 97 489 468 212 393 339 142 86 117 475 0 365 232 
441 155 298 97 433 296 280 161 338 131 91 374 215 144 180 59 304 74 93 60 352 347 499 76 59 147 121 358 390 395 333 87 256 130 134 189 132 365 0 271 
56 420 202 304 500 367 398 387 376 202 411 175 212 469 473 417 251 238 64 78 302 160 424 134 197 179 421 489 74 52 109 80 178 261 334 385 334 232 271 0 

628.5 0 1
628.5 1 2
628.5 2 16
628.5 3 30
628.5 4 26
628.5 5 34
628.5 6 23
628.5 7 13
628.5 8 28
628.5 9 35
628.5 10 7
628.5 11 21
628.5 12 16
628.5 13 6
628.5 14 25
628.5 15 32
628.5 16 7
628.5 17 20
628.5 18 2
628.5 19 8
628.5 20 18
628.5 21 13
628.5 22 32
628.5 23 15
628.5 24 20
628.5 25 35
628.5 26 32
628.5 27 26
628.5 28 32
628.5 29 15
628.5 30 33
628.5 31 21
628.5 32 16
628.5 33 38
628.5 34 2
628.5 35 3
628.5 36 33
628.5 37 25
628.5 38 6
628.5 39 11
