20 20 4 19

0.3 1 5
0.3 2 13
0.3 2 18
0.3 3 16
0.3 3 19
0.3 4 10
0.3 4 14
0.3 4 19
0.3 5 10
0.3 5 12
0.3 5 17
0.3 6 9
0.3 6 14
0.3 7 11
0.3 10 19
0.3 11 12
0.3 12 15
0.3 12 18
0.3 16 19

0 427 245 355 305 71 76 63 86 305 385 109 456 226 148 281 362 427 155 75 
427 0 221 129 108 418 180 268 460 85 321 448 167 104 308 489 358 418 421 266 
245 221 0 282 200 297 466 355 146 305 429 147 224 264 452 153 243 71 119 332 
355 129 282 0 500 60 170 399 463 211 350 280 467 225 114 310 170 237 169 459 
305 108 200 500 0 100 120 268 411 84 441 484 85 244 170 214 309 131 418 273 
71 418 297 60 100 0 133 396 73 326 500 106 258 424 384 415 307 192 468 415 
76 180 466 170 120 133 0 221 73 128 434 132 499 405 276 280 290 223 409 147 
63 268 355 399 268 396 221 0 490 88 454 202 370 239 288 145 399 433 408 89 
86 460 146 463 411 73 73 490 0 92 474 467 52 483 314 158 290 301 386 391 
305 85 305 211 84 326 128 88 92 0 495 363 90 353 243 204 284 377 391 344 
385 321 429 350 441 500 434 454 474 495 0 433 255 336 79 500 212 433 428 452 
109 448 147 280 484 106 132 202 467 363 433 0 323 470 278 103 483 110 82 436 
456 167 224 467 85 258 499 370 52 90 255 323 0 92 241 393 69 477 320 155 
226 104 264 225 244 424 405 239 483 353 336 470 92 0 399 108 440 247 346 107 
148 308 452 114 170 384 276 288 314 243 79 278 241 399 0 145 430 206 215 356 
281 489 153 310 214 415 280 145 158 204 500 103 393 108 145 0 419 94 238 224 
362 358 243 170 309 307 290 399 290 284 212 483 69 440 430 419 0 104 123 226 
427 418 71 237 131 192 223 433 301 377 433 110 477 247 206 94 104 0 158 273 
155 421 119 169 418 468 409 408 386 391 428 82 320 346 215 238 123 158 0 399 
75 266 332 459 273 415 147 89 391 344 452 436 155 107 356 224 226 273 399 0 

504.57 0 17
504.57 1 10
504.57 2 3
504.57 3 14
504.57 4 2
504.57 5 11
504.57 6 7
504.57 7 5
504.57 8 16
504.57 9 12
504.57 10 7
504.57 11 15
504.57 12 2
504.57 13 4
504.57 14 10
504.57 15 8
504.57 16 4
504.57 17 18
504.57 18 6
504.57 19 8
