10 10 3 11

0.25 0 3
0.25 0 6
0.25 1 2
0.25 1 8
0.25 2 9
0.25 4 7
0.25 4 8
0.25 5 6
0.25 5 8
0.25 7 8
0.25 7 9

0 392 393 420 416 452 206 127 93 199 
392 0 259 280 199 307 427 273 83 476 
393 259 0 135 212 273 356 368 148 317 
420 280 135 0 110 463 238 309 435 117 
416 199 212 110 0 345 111 58 182 292 
452 307 273 463 345 0 438 269 113 475 
206 427 356 238 111 438 0 187 110 130 
127 273 368 309 58 269 187 0 168 272 
93 83 148 435 182 113 110 168 0 438 
199 476 317 117 292 475 130 272 438 0 

306.9 0 1
306.9 1 2
306.9 2 5
306.9 3 5
306.9 4 5
306.9 5 3
306.9 6 5
306.9 7 8
306.9 8 2
306.9 9 0
