40 40 4 195

0.2 0 1
0.2 0 6
0.2 0 9
0.2 0 10
0.2 0 19
0.2 1 5
0.2 1 10
0.2 1 12
0.2 1 13
0.2 1 14
0.2 1 15
0.2 1 21
0.2 1 22
0.2 1 27
0.2 1 29
0.2 1 32
0.2 2 6
0.2 2 15
0.2 2 16
0.2 2 21
0.2 2 24
0.2 2 25
0.2 2 32
0.2 2 33
0.2 2 35
0.2 2 38
0.2 3 14
0.2 3 15
0.2 3 18
0.2 3 24
0.2 3 28
0.2 3 33
0.2 4 6
0.2 4 13
0.2 4 14
0.2 4 19
0.2 4 22
0.2 4 23
0.2 4 26
0.2 4 27
0.2 4 30
0.2 4 31
0.2 4 33
0.2 4 35
0.2 5 6
0.2 5 14
0.2 5 19
0.2 5 20
0.2 5 21
0.2 5 23
0.2 5 27
0.2 5 36
0.2 6 7
0.2 6 9
0.2 6 10
0.2 6 18
0.2 6 21
0.2 6 23
0.2 6 25
0.2 6 28
0.2 6 33
0.2 7 9
0.2 7 19
0.2 7 20
0.2 7 22
0.2 7 26
0.2 7 30
0.2 8 10
0.2 8 13
0.2 8 21
0.2 8 28
0.2 8 29
0.2 8 32
0.2 8 34
0.2 8 39
0.2 9 20
0.2 9 22
0.2 9 25
0.2 9 28
0.2 9 29
0.2 9 30
0.2 9 32
0.2 9 39
0.2 10 15
0.2 10 17
0.2 10 25
0.2 10 26
0.2 10 34
0.2 11 15
0.2 11 17
0.2 11 18
0.2 11 22
0.2 11 25
0.2 11 29
0.2 11 31
0.2 11 32
0.2 11 33
0.2 11 36
0.2 12 16
0.2 12 27
0.2 12 32
0.2 12 35
0.2 12 38
0.2 12 39
0.2 13 15
0.2 13 16
0.2 13 26
0.2 13 28
0.2 13 31
0.2 13 32
0.2 13 38
0.2 14 17
0.2 14 22
0.2 14 23
0.2 14 27
0.2 14 28
0.2 14 34
0.2 14 35
0.2 15 19
0.2 15 27
0.2 15 29
0.2 15 30
0.2 15 31
0.2 15 32
0.2 15 33
0.2 15 35
0.2 16 20
0.2 16 22
0.2 16 25
0.2 16 27
0.2 16 29
0.2 16 31
0.2 16 35
0.2 17 20
0.2 17 21
0.2 17 23
0.2 17 32
0.2 17 33
0.2 17 34
0.2 18 19
0.2 18 23
0.2 18 24
0.2 18 25
0.2 18 29
0.2 18 33
0.2 18 37
0.2 19 20
0.2 19 22
0.2 19 30
0.2 19 36
0.2 19 39
0.2 20 26
0.2 20 35
0.2 21 22
0.2 21 26
0.2 21 28
0.2 21 31
0.2 21 36
0.2 22 23
0.2 23 28
0.2 23 31
0.2 23 33
0.2 23 35
0.2 23 36
0.2 24 29
0.2 24 30
0.2 24 32
0.2 24 38
0.2 25 26
0.2 25 29
0.2 25 30
0.2 25 36
0.2 25 38
0.2 26 27
0.2 26 31
0.2 26 34
0.2 27 29
0.2 27 30
0.2 27 34
0.2 27 35
0.2 28 34
0.2 28 35
0.2 28 37
0.2 29 36
0.2 30 32
0.2 30 33
0.2 31 34
0.2 32 34
0.2 32 37
0.2 32 38
0.2 33 35
0.2 34 39
0.2 36 38
0.2 36 39
0.2 37 39

0 205 190 173 322 412 289 480 353 480 482 271 57 478 402 80 243 114 123 137 165 282 200 157 405 57 453 135 137 182 167 410 440 124 421 319 60 406 177 248 
205 0 417 275 65 477 489 62 335 416 58 381 184 53 472 327 103 239 190 349 384 356 345 185 194 429 425 302 475 442 178 134 221 144 114 362 79 429 390 281 
190 417 0 66 395 489 309 344 96 471 450 86 457 181 181 483 385 469 414 61 123 145 167 166 335 300 352 276 398 215 313 198 492 221 497 465 377 119 401 114 
173 275 66 0 159 373 245 333 58 130 290 439 479 129 454 252 421 316 375 427 157 153 183 347 412 476 57 82 298 476 108 430 369 194 348 198 82 440 334 116 
322 65 395 159 0 219 447 266 475 74 460 440 471 474 176 304 441 494 199 395 118 52 399 466 354 390 91 337 316 416 343 193 364 88 409 424 298 268 73 171 
412 477 489 373 219 0 267 273 464 383 152 371 238 120 222 242 94 417 76 125 144 300 493 436 113 319 496 228 200 319 496 247 238 220 338 259 59 73 278 427 
289 489 309 245 447 267 0 462 388 106 264 486 361 451 461 383 303 405 136 306 306 372 304 82 325 319 64 458 280 480 230 425 500 344 379 51 261 436 385 269 
480 62 344 333 266 273 462 0 249 270 439 448 283 288 66 140 163 133 468 393 82 357 78 475 213 50 470 189 348 438 161 129 200 341 111 72 454 434 87 100 
353 335 96 58 475 464 388 249 0 462 164 102 458 97 386 216 262 339 488 152 229 329 380 116 220 219 295 236 487 469 475 358 303 325 88 62 328 281 184 82 
480 416 471 130 74 383 106 270 462 0 107 449 322 87 439 453 319 114 286 469 400 288 74 233 216 153 246 499 458 259 374 399 399 447 147 427 133 207 415 403 
482 58 450 290 460 152 264 439 164 107 0 91 264 324 487 90 255 380 479 375 221 199 310 319 329 169 115 184 61 492 337 454 153 495 393 473 248 184 161 229 
271 381 86 439 440 371 486 448 102 449 91 0 466 487 123 210 200 499 315 372 336 200 442 234 273 72 321 457 175 212 234 401 203 269 304 206 496 171 391 478 
57 184 457 479 471 238 361 283 458 322 264 466 0 477 55 257 61 321 198 441 243 172 169 366 181 216 65 224 400 424 366 339 444 331 425 319 216 344 155 331 
478 53 181 129 474 120 451 288 97 87 324 487 477 0 269 127 328 457 465 205 277 480 169 218 471 444 116 185 59 53 255 319 178 59 451 166 258 64 203 488 
402 472 181 454 176 222 461 66 386 439 487 123 55 269 0 484 206 483 135 61 348 307 445 433 306 442 490 203 65 93 157 155 309 121 438 87 65 200 222 129 
80 327 483 252 304 242 383 140 216 453 90 210 257 127 484 0 280 270 388 354 169 240 419 377 362 142 168 290 357 323 125 202 146 108 186 462 495 80 156 192 
243 103 385 421 441 94 303 163 262 319 255 200 61 328 206 280 0 266 433 79 171 123 491 453 87 366 235 456 234 269 298 150 278 184 193 376 184 124 428 349 
114 239 469 316 494 417 405 133 339 114 380 499 321 457 483 270 266 0 401 210 179 319 57 313 245 271 269 425 408 316 186 160 419 55 382 60 187 257 423 295 
123 190 414 375 199 76 136 468 488 286 479 315 198 465 135 388 433 401 0 136 181 480 454 401 181 122 91 112 266 386 344 339 435 487 192 314 380 241 446 98 
137 349 61 427 395 125 306 393 152 469 375 372 441 205 61 354 79 210 136 0 63 303 279 469 478 254 385 202 230 453 320 444 221 238 53 329 79 336 221 191 
165 384 123 157 118 144 306 82 229 400 221 336 243 277 348 169 171 179 181 63 0 425 206 254 317 448 210 92 363 223 72 430 104 56 266 427 481 332 309 352 
282 356 145 153 52 300 372 357 329 288 199 200 172 480 307 240 123 319 480 303 425 0 153 69 105 134 390 297 190 151 53 361 295 361 146 171 110 51 395 197 
200 345 167 183 399 493 304 78 380 74 310 442 169 169 445 419 491 57 454 279 206 153 0 137 410 115 250 177 292 389 493 447 375 178 246 179 351 274 362 440 
157 185 166 347 466 436 82 475 116 233 319 234 366 218 433 377 453 313 401 469 254 69 137 0 193 241 187 340 271 292 173 179 233 247 210 189 454 251 155 321 
405 194 335 412 354 113 325 213 220 216 329 273 181 471 306 362 87 245 181 478 317 105 410 193 0 329 462 388 439 498 392 240 485 487 358 344 262 132 460 178 
57 429 300 476 390 319 319 50 219 153 169 72 216 444 442 142 366 271 122 254 448 134 115 241 329 0 454 337 295 180 492 95 176 444 144 230 125 87 407 126 
453 425 352 57 91 496 64 470 295 246 115 321 65 116 490 168 235 269 91 385 210 390 250 187 462 454 0 230 398 270 378 170 109 55 56 322 311 179 343 191 
135 302 276 82 337 228 458 189 236 499 184 457 224 185 203 290 456 425 112 202 92 297 177 340 388 337 230 0 279 193 279 117 309 399 466 474 232 450 350 444 
137 475 398 298 316 200 280 348 487 458 61 175 400 59 65 357 234 408 266 230 363 190 292 271 439 295 398 279 0 181 261 324 206 347 345 202 212 434 148 287 
182 442 215 476 416 319 480 438 469 259 492 212 424 53 93 323 269 316 386 453 223 151 389 292 498 180 270 193 181 0 70 137 196 158 183 68 131 347 91 288 
167 178 313 108 343 496 230 161 475 374 337 234 366 255 157 125 298 186 344 320 72 53 493 173 392 492 378 279 261 70 0 137 152 494 424 150 314 115 470 143 
410 134 198 430 193 247 425 129 358 399 454 401 339 319 155 202 150 160 339 444 430 361 447 179 240 95 170 117 324 137 137 0 145 421 472 471 429 95 275 242 
440 221 492 369 364 238 500 200 303 399 153 203 444 178 309 146 278 419 435 221 104 295 375 233 485 176 109 309 206 196 152 145 0 459 247 137 161 482 431 276 
124 144 221 194 88 220 344 341 325 447 495 269 331 59 121 108 184 55 487 238 56 361 178 247 487 444 55 399 347 158 494 421 459 0 177 321 190 391 370 415 
421 114 497 348 409 338 379 111 88 147 393 304 425 451 438 186 193 382 192 53 266 146 246 210 358 144 56 466 345 183 424 472 247 177 0 375 217 486 316 308 
319 362 465 198 424 259 51 72 62 427 473 206 319 166 87 462 376 60 314 329 427 171 179 189 344 230 322 474 202 68 150 471 137 321 375 0 165 249 211 397 
60 79 377 82 298 59 261 454 328 133 248 496 216 258 65 495 184 187 380 79 481 110 351 454 262 125 311 232 212 131 314 429 161 190 217 165 0 414 147 341 
406 429 119 440 268 73 436 434 281 207 184 171 344 64 200 80 124 257 241 336 332 51 274 251 132 87 179 450 434 347 115 95 482 391 486 249 414 0 200 283 
177 390 401 334 73 278 385 87 184 415 161 391 155 203 222 156 428 423 446 221 309 395 362 155 460 407 343 350 148 91 470 275 431 370 316 211 147 200 0 203 
248 281 114 116 171 427 269 100 82 403 229 478 331 488 129 192 349 295 98 191 352 197 440 321 178 126 191 444 287 288 143 242 276 415 308 397 341 283 203 0 

618.75 0 22
618.75 1 18
618.75 2 23
618.75 3 9
618.75 4 35
618.75 5 23
618.75 6 21
618.75 7 6
618.75 8 20
618.75 9 11
618.75 10 35
618.75 11 6
618.75 12 13
618.75 13 5
618.75 14 16
618.75 15 21
618.75 16 15
618.75 17 3
618.75 18 10
618.75 19 11
618.75 20 12
618.75 21 12
618.75 22 19
618.75 23 11
618.75 24 28
618.75 25 19
618.75 26 1
618.75 27 22
618.75 28 1
618.75 29 33
618.75 30 26
618.75 31 23
618.75 32 12
618.75 33 38
618.75 34 21
618.75 35 36
618.75 36 23
618.75 37 3
618.75 38 31
618.75 39 4
