40 40 4 78

0.3 0 16
0.3 0 24
0.3 0 29
0.3 0 32
0.3 0 33
0.3 0 37
0.3 0 38
0.3 1 2
0.3 1 11
0.3 1 19
0.3 1 22
0.3 2 14
0.3 2 18
0.3 2 20
0.3 2 30
0.3 3 4
0.3 3 6
0.3 3 24
0.3 3 25
0.3 4 12
0.3 4 25
0.3 5 7
0.3 5 15
0.3 5 16
0.3 5 22
0.3 5 34
0.3 6 8
0.3 6 11
0.3 6 12
0.3 6 13
0.3 6 26
0.3 6 28
0.3 6 29
0.3 7 17
0.3 7 20
0.3 7 27
0.3 8 10
0.3 9 10
0.3 9 13
0.3 9 21
0.3 9 23
0.3 9 29
0.3 10 11
0.3 10 20
0.3 10 32
0.3 10 37
0.3 11 19
0.3 11 23
0.3 11 24
0.3 12 26
0.3 12 35
0.3 13 26
0.3 13 30
0.3 14 23
0.3 14 26
0.3 14 30
0.3 14 34
0.3 15 28
0.3 15 30
0.3 15 34
0.3 16 31
0.3 16 34
0.3 17 19
0.3 17 31
0.3 20 38
0.3 21 23
0.3 22 24
0.3 22 30
0.3 25 28
0.3 25 39
0.3 26 29
0.3 28 29
0.3 29 30
0.3 29 37
0.3 31 36
0.3 33 35
0.3 34 39
0.3 36 38

0 79 120 76 291 183 265 446 181 468 171 325 177 365 198 448 186 79 337 327 292 191 272 251 80 425 414 160 85 384 202 138 449 414 145 280 314 278 276 172 
79 0 435 315 101 139 131 173 105 233 394 92 455 208 368 420 101 464 472 311 495 328 116 322 249 127 167 448 469 447 107 435 126 111 196 107 417 162 216 309 
120 435 0 252 286 228 492 121 331 455 426 130 471 316 477 438 369 341 288 328 268 404 484 451 199 283 169 381 442 177 313 169 343 275 289 473 290 462 201 258 
76 315 252 0 304 50 481 92 210 460 369 479 338 348 178 183 260 419 89 118 402 96 189 170 229 484 91 430 334 175 149 401 105 280 226 297 79 184 122 396 
291 101 286 304 0 123 352 229 382 244 130 223 414 181 149 284 77 247 86 192 212 104 456 394 416 283 359 450 128 415 441 83 367 220 58 78 186 97 91 204 
183 139 228 50 123 0 399 329 265 344 484 392 214 98 57 352 497 192 79 363 317 352 231 414 193 154 142 295 389 118 438 110 403 131 149 83 333 331 236 386 
265 131 492 481 352 399 0 448 443 98 267 310 182 210 305 206 115 124 97 358 67 180 249 284 209 194 466 303 215 460 63 94 150 156 67 254 333 321 173 442 
446 173 121 92 229 329 448 0 404 178 76 139 218 226 310 338 292 85 168 439 490 325 208 361 177 313 192 325 264 494 59 304 170 361 264 266 255 178 125 325 
181 105 331 210 382 265 443 404 0 345 156 274 343 374 235 483 57 382 262 439 396 96 286 474 150 109 375 336 94 214 153 326 435 135 111 270 199 210 408 208 
468 233 455 460 244 344 98 178 345 0 95 281 233 459 349 254 376 85 160 66 391 56 453 55 238 343 205 161 216 381 263 198 54 256 458 336 436 140 98 224 
171 394 426 369 130 484 267 76 156 95 0 81 339 306 224 499 477 290 217 406 157 124 349 183 128 249 182 417 66 464 430 273 149 256 482 96 163 376 274 453 
325 92 130 479 223 392 310 139 274 281 81 0 236 352 399 209 357 90 99 406 149 338 113 213 270 475 235 57 369 465 240 255 396 440 480 119 187 328 189 367 
177 455 471 338 414 214 182 218 343 233 339 236 0 388 481 334 99 369 410 277 424 50 112 195 131 242 349 59 51 96 227 388 148 268 132 367 374 100 178 142 
365 208 316 348 181 98 210 226 374 459 306 352 388 0 392 213 131 453 121 242 418 98 152 139 248 408 201 499 384 481 394 206 306 212 331 153 380 328 340 179 
198 368 477 178 149 57 305 310 235 349 224 399 481 392 0 221 93 468 128 377 183 446 375 394 261 152 294 212 493 334 493 355 250 175 143 202 113 222 171 67 
448 420 438 183 284 352 206 338 483 254 499 209 334 213 221 0 197 261 373 64 492 419 171 150 443 342 398 398 265 304 207 381 235 142 81 281 248 219 116 347 
186 101 369 260 77 497 115 292 57 376 477 357 99 131 93 197 0 53 412 489 109 366 489 297 429 145 400 440 394 364 434 119 375 164 351 439 168 443 76 234 
79 464 341 419 247 192 124 85 382 85 290 90 369 453 468 261 53 0 498 170 253 464 199 386 266 437 476 267 247 82 296 289 245 243 132 59 461 282 421 418 
337 472 288 89 86 79 97 168 262 160 217 99 410 121 128 373 412 498 0 300 105 408 217 309 332 319 346 99 183 275 277 383 118 70 415 427 453 374 452 374 
327 311 328 118 192 363 358 439 439 66 406 406 277 242 377 64 489 170 300 0 498 468 495 353 141 434 64 441 498 257 222 347 221 283 335 167 187 116 418 73 
292 495 268 402 212 317 67 490 396 391 157 149 424 418 183 492 109 253 105 498 0 110 274 206 167 184 127 371 186 279 277 461 413 384 358 289 168 276 471 442 
191 328 404 96 104 352 180 325 96 56 124 338 50 98 446 419 366 464 408 468 110 0 55 372 421 79 394 205 156 408 241 160 435 485 439 191 409 439 201 357 
272 116 484 189 456 231 249 208 286 453 349 113 112 152 375 171 489 199 217 495 274 55 0 211 242 132 159 416 96 462 451 87 258 69 473 499 110 480 255 157 
251 322 451 170 394 414 284 361 474 55 183 213 195 139 394 150 297 386 309 353 206 372 211 0 474 319 270 423 126 171 184 168 287 74 72 69 205 300 349 456 
80 249 199 229 416 193 209 177 150 238 128 270 131 248 261 443 429 266 332 141 167 421 242 474 0 51 419 219 233 270 202 50 435 188 265 208 418 179 401 115 
425 127 283 484 283 154 194 313 109 343 249 475 242 408 152 342 145 437 319 434 184 79 132 319 51 0 92 249 459 264 329 239 203 215 381 457 288 185 321 407 
414 167 169 91 359 142 466 192 375 205 182 235 349 201 294 398 400 476 346 64 127 394 159 270 419 92 0 72 492 455 404 203 440 120 281 423 359 343 340 171 
160 448 381 430 450 295 303 325 336 161 417 57 59 499 212 398 440 267 99 441 371 205 416 423 219 249 72 0 155 453 416 161 95 202 310 86 414 494 317 152 
85 469 442 334 128 389 215 264 94 216 66 369 51 384 493 265 394 247 183 498 186 156 96 126 233 459 492 155 0 222 283 154 64 52 252 59 73 131 276 454 
384 447 177 175 415 118 460 494 214 381 464 465 96 481 334 304 364 82 275 257 279 408 462 171 270 264 455 453 222 0 356 436 131 95 197 472 241 172 378 279 
202 107 313 149 441 438 63 59 153 263 430 240 227 394 493 207 434 296 277 222 277 241 451 184 202 329 404 416 283 356 0 467 269 371 379 204 450 249 308 313 
138 435 169 401 83 110 94 304 326 198 273 255 388 206 355 381 119 289 383 347 461 160 87 168 50 239 203 161 154 436 467 0 463 416 347 289 93 115 259 332 
449 126 343 105 367 403 150 170 435 54 149 396 148 306 250 235 375 245 118 221 413 435 258 287 435 203 440 95 64 131 269 463 0 363 99 286 157 284 300 294 
414 111 275 280 220 131 156 361 135 256 256 440 268 212 175 142 164 243 70 283 384 485 69 74 188 215 120 202 52 95 371 416 363 0 167 176 446 210 216 70 
145 196 289 226 58 149 67 264 111 458 482 480 132 331 143 81 351 132 415 335 358 439 473 72 265 381 281 310 252 197 379 347 99 167 0 86 123 249 331 227 
280 107 473 297 78 83 254 266 270 336 96 119 367 153 202 281 439 59 427 167 289 191 499 69 208 457 423 86 59 472 204 289 286 176 86 0 500 88 341 204 
314 417 290 79 186 333 333 255 199 436 163 187 374 380 113 248 168 461 453 187 168 409 110 205 418 288 359 414 73 241 450 93 157 446 123 500 0 492 402 163 
278 162 462 184 97 331 321 178 210 140 376 328 100 328 222 219 443 282 374 116 276 439 480 300 179 185 343 494 131 172 249 115 284 210 249 88 492 0 210 376 
276 216 201 122 91 236 173 125 408 98 274 189 178 340 171 116 76 421 452 418 471 201 255 349 401 321 340 317 276 378 308 259 300 216 331 341 402 210 0 236 
172 309 258 396 204 386 442 325 208 224 453 367 142 179 67 347 234 418 374 73 442 357 157 456 115 407 171 152 454 279 313 332 294 70 227 204 163 376 236 0 

841.17 0 6
841.17 1 22
841.17 2 27
841.17 3 12
841.17 4 27
841.17 5 11
841.17 6 22
841.17 7 36
841.17 8 38
841.17 9 35
841.17 10 17
841.17 11 31
841.17 12 5
841.17 13 4
841.17 14 5
841.17 15 22
841.17 16 37
841.17 17 4
841.17 18 17
841.17 19 9
841.17 20 9
841.17 21 29
841.17 22 20
841.17 23 13
841.17 24 16
841.17 25 4
841.17 26 14
841.17 27 28
841.17 28 24
841.17 29 9
841.17 30 32
841.17 31 32
841.17 32 21
841.17 33 20
841.17 34 32
841.17 35 37
841.17 36 20
841.17 37 15
841.17 38 34
841.17 39 8
