30 30 3 108

0.3 0 1
0.3 0 4
0.3 0 5
0.3 0 10
0.3 0 11
0.3 0 13
0.3 0 14
0.3 0 18
0.3 0 22
0.3 1 2
0.3 1 3
0.3 1 4
0.3 1 5
0.3 1 14
0.3 1 15
0.3 1 21
0.3 1 23
0.3 1 25
0.3 1 26
0.3 1 29
0.3 2 4
0.3 2 26
0.3 2 28
0.3 3 22
0.3 3 25
0.3 3 27
0.3 4 8
0.3 4 11
0.3 4 13
0.3 4 20
0.3 4 22
0.3 4 24
0.3 4 26
0.3 5 8
0.3 5 16
0.3 5 20
0.3 5 29
0.3 6 8
0.3 6 9
0.3 6 12
0.3 6 15
0.3 6 17
0.3 6 19
0.3 6 21
0.3 6 25
0.3 6 26
0.3 7 10
0.3 7 16
0.3 7 20
0.3 7 22
0.3 7 29
0.3 8 10
0.3 8 14
0.3 8 20
0.3 8 22
0.3 8 24
0.3 9 10
0.3 9 15
0.3 9 20
0.3 9 24
0.3 9 25
0.3 9 26
0.3 9 27
0.3 10 18
0.3 10 22
0.3 11 18
0.3 11 19
0.3 11 29
0.3 12 16
0.3 12 22
0.3 12 28
0.3 13 14
0.3 13 17
0.3 13 18
0.3 13 20
0.3 13 22
0.3 13 23
0.3 13 27
0.3 14 17
0.3 14 21
0.3 14 22
0.3 14 24
0.3 14 25
0.3 15 19
0.3 15 25
0.3 16 18
0.3 16 23
0.3 16 26
0.3 16 27
0.3 16 28
0.3 17 22
0.3 17 25
0.3 18 23
0.3 18 26
0.3 19 24
0.3 19 27
0.3 20 22
0.3 20 25
0.3 20 26
0.3 21 22
0.3 21 27
0.3 22 28
0.3 23 26
0.3 25 26
0.3 25 27
0.3 25 29
0.3 26 28
0.3 28 29

0 342 357 106 417 436 404 152 190 244 138 204 335 61 445 209 462 104 104 62 448 142 119 60 369 246 141 147 96 324 
342 0 367 307 345 179 283 306 145 417 481 279 474 170 295 173 166 71 258 82 375 85 348 70 240 192 156 177 351 295 
357 367 0 372 333 69 120 80 299 310 64 116 243 86 478 89 317 73 172 272 261 158 137 431 293 345 295 449 421 67 
106 307 372 0 228 331 250 166 238 283 208 403 351 296 70 309 463 120 147 319 177 203 275 218 133 163 238 187 165 371 
417 345 333 228 0 471 63 239 452 351 437 175 256 301 74 185 350 413 452 150 461 75 193 246 282 432 111 255 449 146 
436 179 69 331 471 0 266 199 165 452 78 211 93 124 97 416 93 439 275 482 481 256 444 382 70 200 168 296 304 194 
404 283 120 250 63 266 0 492 294 412 424 201 58 92 111 101 488 171 252 61 256 434 495 162 370 51 435 500 320 242 
152 306 80 166 239 199 492 0 466 370 88 119 374 461 498 187 153 100 192 308 81 186 470 433 430 56 460 256 135 301 
190 145 299 238 452 165 294 466 0 282 90 370 170 486 497 423 154 362 375 316 60 452 312 188 80 146 463 240 265 448 
244 417 310 283 351 452 412 370 282 0 210 73 291 321 412 383 485 53 474 462 112 410 314 231 146 51 97 111 322 269 
138 481 64 208 437 78 424 88 90 210 0 119 463 283 253 230 149 487 136 338 174 72 112 280 116 139 392 374 134 142 
204 279 116 403 175 211 201 119 370 73 119 0 150 388 89 140 272 452 270 110 161 155 347 482 248 378 369 174 471 420 
335 474 243 351 256 93 58 374 170 291 463 150 0 202 176 368 445 127 128 283 124 491 178 213 343 71 306 70 62 90 
61 170 86 296 301 124 92 461 486 321 283 388 202 0 127 257 189 450 364 392 206 283 472 179 448 460 154 337 402 433 
445 295 478 70 74 97 111 498 497 412 253 89 176 127 0 373 399 80 324 74 139 283 372 426 117 64 465 429 345 390 
209 173 89 309 185 416 101 187 423 383 230 140 368 257 373 0 278 295 150 405 150 207 385 207 275 101 307 168 393 102 
462 166 317 463 350 93 488 153 154 485 149 272 445 189 399 278 0 115 387 490 62 470 405 149 342 105 244 205 179 335 
104 71 73 120 413 439 171 100 362 53 487 452 127 450 80 295 115 0 150 476 327 245 58 237 298 337 99 234 388 234 
104 258 172 147 452 275 252 192 375 474 136 270 128 364 324 150 387 150 0 387 368 238 92 471 262 56 328 273 77 202 
62 82 272 319 150 482 61 308 316 462 338 110 283 392 74 405 490 476 387 0 320 481 70 418 324 398 203 377 297 464 
448 375 261 177 461 481 256 81 60 112 174 161 124 206 139 150 62 327 368 320 0 307 287 290 461 492 113 247 92 121 
142 85 158 203 75 256 434 186 452 410 72 155 491 283 283 207 470 245 238 481 307 0 198 149 391 123 135 467 261 229 
119 348 137 275 193 444 495 470 312 314 112 347 178 472 372 385 405 58 92 70 287 198 0 389 249 380 465 426 276 467 
60 70 431 218 246 382 162 433 188 231 280 482 213 179 426 207 149 237 471 418 290 149 389 0 167 333 156 281 175 371 
369 240 293 133 282 70 370 430 80 146 116 248 343 448 117 275 342 298 262 324 461 391 249 167 0 127 348 376 214 197 
246 192 345 163 432 200 51 56 146 51 139 378 71 460 64 101 105 337 56 398 492 123 380 333 127 0 119 245 449 243 
141 156 295 238 111 168 435 460 463 97 392 369 306 154 465 307 244 99 328 203 113 135 465 156 348 119 0 122 100 496 
147 177 449 187 255 296 500 256 240 111 374 174 70 337 429 168 205 234 273 377 247 467 426 281 376 245 122 0 445 361 
96 351 421 165 449 304 320 135 265 322 134 471 62 402 345 393 179 388 77 297 92 261 276 175 214 449 100 445 0 191 
324 295 67 371 146 194 242 301 448 269 142 420 90 433 390 102 335 234 202 464 121 229 467 371 197 243 496 361 191 0 

951 0 23
951 1 4
951 2 10
951 3 20
951 4 5
951 5 16
951 6 5
951 7 21
951 8 13
951 9 10
951 10 11
951 11 28
951 12 4
951 13 14
951 14 2
951 15 22
951 16 0
951 17 11
951 18 2
951 19 4
951 20 25
951 21 7
951 22 1
951 23 8
951 24 6
951 25 16
951 26 21
951 27 4
951 28 17
951 29 15
