10 10 4 11

0.2 0 1
0.2 0 3
0.2 0 5
0.2 0 8
0.2 0 9
0.2 1 3
0.2 1 7
0.2 2 3
0.2 2 8
0.2 4 5
0.2 5 8

0 299 310 144 285 175 175 416 435 63 
299 0 307 104 208 124 214 286 296 75 
310 307 0 136 477 235 184 148 171 74 
144 104 136 0 376 156 183 423 440 491 
285 208 477 376 0 255 392 475 105 401 
175 124 235 156 255 0 163 65 428 406 
175 214 184 183 392 163 0 381 290 321 
416 286 148 423 475 65 381 0 367 343 
435 296 171 440 105 428 290 367 0 61 
63 75 74 491 401 406 321 343 61 0 

208.5 0 2
208.5 1 2
208.5 2 3
208.5 3 8
208.5 4 2
208.5 5 7
208.5 6 7
208.5 7 6
208.5 8 0
208.5 9 1
