30 30 4 87

0.3 0 1
0.3 0 6
0.3 0 11
0.3 0 14
0.3 0 19
0.3 1 9
0.3 1 17
0.3 2 14
0.3 2 21
0.3 2 26
0.3 3 9
0.3 3 12
0.3 3 15
0.3 3 18
0.3 3 19
0.3 3 21
0.3 3 22
0.3 4 7
0.3 4 9
0.3 4 10
0.3 4 18
0.3 4 22
0.3 4 29
0.3 5 7
0.3 5 11
0.3 5 16
0.3 5 17
0.3 6 10
0.3 6 11
0.3 6 16
0.3 6 19
0.3 6 23
0.3 6 25
0.3 6 26
0.3 7 8
0.3 7 9
0.3 7 12
0.3 7 13
0.3 7 26
0.3 7 28
0.3 8 10
0.3 8 13
0.3 8 14
0.3 8 16
0.3 8 18
0.3 8 22
0.3 9 13
0.3 9 16
0.3 9 25
0.3 9 29
0.3 10 17
0.3 10 21
0.3 11 14
0.3 11 16
0.3 11 19
0.3 11 20
0.3 11 22
0.3 11 24
0.3 11 26
0.3 12 27
0.3 13 19
0.3 13 24
0.3 14 15
0.3 14 18
0.3 14 19
0.3 14 20
0.3 14 23
0.3 15 19
0.3 15 23
0.3 16 18
0.3 16 19
0.3 16 24
0.3 16 25
0.3 16 27
0.3 16 28
0.3 17 21
0.3 17 22
0.3 18 19
0.3 18 23
0.3 18 27
0.3 18 29
0.3 20 23
0.3 21 22
0.3 21 26
0.3 22 25
0.3 25 28
0.3 26 28

0 274 454 383 476 471 477 500 406 141 317 120 407 221 261 392 315 462 224 191 310 383 151 408 285 358 218 188 306 459 
274 0 225 412 122 271 446 266 388 207 458 185 101 400 68 326 395 339 425 195 420 406 294 83 75 282 386 225 457 194 
454 225 0 487 397 444 143 132 431 81 261 306 72 378 404 489 123 77 430 94 263 55 422 158 243 305 374 351 167 134 
383 412 487 0 174 108 422 279 386 244 166 218 438 86 415 390 333 352 418 228 145 70 192 461 465 333 167 472 249 264 
476 122 397 174 0 353 399 103 341 332 380 298 296 108 479 497 298 91 443 433 170 202 398 388 429 214 387 65 351 357 
471 271 444 108 353 0 336 272 155 51 366 400 354 219 269 144 244 172 409 476 218 52 335 93 425 306 369 275 98 251 
477 446 143 422 399 336 0 148 476 465 453 148 195 168 77 475 67 326 395 378 201 339 372 422 118 151 476 358 306 220 
500 266 132 279 103 272 148 0 253 482 135 183 260 142 286 289 273 330 453 466 410 377 478 327 58 449 375 145 322 207 
406 388 431 386 341 155 476 253 0 109 132 448 335 496 291 203 271 81 179 96 379 417 333 279 333 331 174 393 113 300 
141 207 81 244 332 51 465 482 109 0 84 254 461 60 221 193 304 225 336 409 94 100 311 279 358 344 308 451 81 476 
317 458 261 166 380 366 453 135 132 84 0 365 284 154 81 164 270 200 494 116 189 217 360 327 373 170 295 464 386 479 
120 185 306 218 298 400 148 183 448 254 365 0 499 213 351 51 442 82 249 188 354 226 445 201 293 260 430 368 415 119 
407 101 72 438 296 354 195 260 335 461 284 499 0 64 366 396 91 120 349 89 236 226 72 177 452 269 409 81 424 56 
221 400 378 86 108 219 168 142 496 60 154 213 64 0 499 381 120 80 290 291 91 430 136 225 172 445 450 344 336 121 
261 68 404 415 479 269 77 286 291 221 81 351 366 499 0 363 63 395 211 112 154 78 146 242 421 475 468 382 135 241 
392 326 489 390 497 144 475 289 203 193 164 51 396 381 363 0 89 386 394 225 414 346 281 500 485 308 253 326 291 430 
315 395 123 333 298 244 67 273 271 304 270 442 91 120 63 89 0 425 73 415 474 355 426 409 402 58 119 481 123 163 
462 339 77 352 91 172 326 330 81 225 200 82 120 80 395 386 425 0 269 261 130 229 230 281 407 348 434 291 429 326 
224 425 430 418 443 409 395 453 179 336 494 249 349 290 211 394 73 269 0 134 498 462 197 66 312 307 228 275 172 427 
191 195 94 228 433 476 378 466 96 409 116 188 89 291 112 225 415 261 134 0 439 233 232 476 102 216 270 448 399 237 
310 420 263 145 170 218 201 410 379 94 189 354 236 91 154 414 474 130 498 439 0 480 153 433 83 226 408 250 165 461 
383 406 55 70 202 52 339 377 417 100 217 226 226 430 78 346 355 229 462 233 480 0 130 295 243 227 486 101 169 306 
151 294 422 192 398 335 372 478 333 311 360 445 72 136 146 281 426 230 197 232 153 130 0 111 50 200 278 381 381 135 
408 83 158 461 388 93 422 327 279 279 327 201 177 225 242 500 409 281 66 476 433 295 111 0 289 127 462 184 112 126 
285 75 243 465 429 425 118 58 333 358 373 293 452 172 421 485 402 407 312 102 83 243 50 289 0 340 292 321 125 181 
358 282 305 333 214 306 151 449 331 344 170 260 269 445 475 308 58 348 307 216 226 227 200 127 340 0 444 495 432 222 
218 386 374 167 387 369 476 375 174 308 295 430 409 450 468 253 119 434 228 270 408 486 278 462 292 444 0 169 199 395 
188 225 351 472 65 275 358 145 393 451 464 368 81 344 382 326 481 291 275 448 250 101 381 184 321 495 169 0 259 257 
306 457 167 249 351 98 306 322 113 81 386 415 424 336 135 291 123 429 172 399 165 169 381 112 125 432 199 259 0 153 
459 194 134 264 357 251 220 207 300 476 479 119 56 121 241 430 163 326 427 237 461 306 135 126 181 222 395 257 153 0 

682.44 0 28
682.44 1 12
682.44 2 3
682.44 3 16
682.44 4 20
682.44 5 15
682.44 6 3
682.44 7 8
682.44 8 21
682.44 9 17
682.44 10 9
682.44 11 24
682.44 12 28
682.44 13 4
682.44 14 7
682.44 15 3
682.44 16 18
682.44 17 21
682.44 18 3
682.44 19 7
682.44 20 11
682.44 21 15
682.44 22 5
682.44 23 13
682.44 24 23
682.44 25 4
682.44 26 24
682.44 27 10
682.44 28 17
682.44 29 16
