20 20 4 19

0.3 0 11
0.3 1 8
0.3 2 6
0.3 2 14
0.3 3 9
0.3 4 12
0.3 4 17
0.3 5 17
0.3 6 8
0.3 6 15
0.3 6 16
0.3 8 9
0.3 8 16
0.3 9 19
0.3 12 17
0.3 12 19
0.3 13 18
0.3 15 18
0.3 16 18

0 72 257 128 337 341 394 65 266 87 97 55 446 69 183 113 311 75 296 373 
72 0 180 236 269 392 476 462 165 165 205 73 146 343 299 498 341 172 181 139 
257 180 0 485 474 330 277 369 216 290 487 231 434 427 65 62 245 119 388 80 
128 236 485 0 160 468 183 446 495 60 324 340 235 223 107 445 317 226 305 175 
337 269 474 160 0 439 462 408 128 275 95 496 156 108 358 273 112 395 61 145 
341 392 330 468 439 0 236 391 103 337 448 346 415 487 333 111 302 180 283 153 
394 476 277 183 462 236 0 128 329 403 59 55 71 95 52 127 381 304 71 382 
65 462 369 446 408 391 128 0 315 105 110 490 265 400 210 202 396 303 101 341 
266 165 216 495 128 103 329 315 0 305 165 425 470 248 473 170 60 56 358 451 
87 165 290 60 275 337 403 105 305 0 134 108 82 325 237 320 90 123 476 160 
97 205 487 324 95 448 59 110 165 134 0 318 68 130 72 247 368 50 371 392 
55 73 231 340 496 346 55 490 425 108 318 0 382 294 388 276 454 489 319 316 
446 146 434 235 156 415 71 265 470 82 68 382 0 320 465 67 112 348 150 436 
69 343 427 223 108 487 95 400 248 325 130 294 320 0 288 71 462 278 427 394 
183 299 65 107 358 333 52 210 473 237 72 388 465 288 0 112 419 101 100 203 
113 498 62 445 273 111 127 202 170 320 247 276 67 71 112 0 106 365 272 323 
311 341 245 317 112 302 381 396 60 90 368 454 112 462 419 106 0 326 252 405 
75 172 119 226 395 180 304 303 56 123 50 489 348 278 101 365 326 0 277 215 
296 181 388 305 61 283 71 101 358 476 371 319 150 427 100 272 252 277 0 313 
373 139 80 175 145 153 382 341 451 160 392 316 436 394 203 323 405 215 313 0 

410.52 0 4
410.52 1 16
410.52 2 9
410.52 3 15
410.52 4 9
410.52 5 9
410.52 6 2
410.52 7 14
410.52 8 15
410.52 9 14
410.52 10 16
410.52 11 4
410.52 12 9
410.52 13 6
410.52 14 18
410.52 15 11
410.52 16 12
410.52 17 18
410.52 18 1
410.52 19 7
