40 40 3 78

0.4 0 37
0.4 0 39
0.4 1 8
0.4 1 19
0.4 1 21
0.4 1 39
0.4 2 8
0.4 2 14
0.4 3 28
0.4 4 14
0.4 4 20
0.4 4 27
0.4 5 7
0.4 5 14
0.4 5 26
0.4 5 34
0.4 6 26
0.4 6 27
0.4 6 39
0.4 7 26
0.4 7 37
0.4 8 10
0.4 8 17
0.4 8 21
0.4 8 25
0.4 8 26
0.4 8 27
0.4 9 20
0.4 9 25
0.4 9 39
0.4 10 18
0.4 10 21
0.4 10 29
0.4 10 32
0.4 10 35
0.4 10 38
0.4 12 13
0.4 12 20
0.4 13 33
0.4 14 25
0.4 14 33
0.4 15 26
0.4 15 30
0.4 15 37
0.4 17 29
0.4 18 29
0.4 18 38
0.4 19 22
0.4 19 23
0.4 19 36
0.4 19 37
0.4 21 24
0.4 22 26
0.4 22 31
0.4 22 33
0.4 22 34
0.4 22 38
0.4 23 27
0.4 23 35
0.4 23 36
0.4 24 27
0.4 25 36
0.4 27 31
0.4 27 38
0.4 28 32
0.4 28 34
0.4 30 32
0.4 30 39
0.4 31 35
0.4 32 36
0.4 32 37
0.4 32 39
0.4 33 39
0.4 34 37
0.4 35 39
0.4 36 37
0.4 36 38
0.4 37 38

0 380 299 464 72 331 477 392 487 90 446 307 208 105 59 115 308 205 278 417 346 378 301 125 233 471 382 329 486 463 126 383 99 235 451 286 192 451 213 277 
380 0 440 247 160 467 134 256 105 108 403 405 54 164 426 85 295 360 235 393 387 225 103 348 115 447 155 103 329 441 157 152 310 333 305 197 468 206 332 429 
299 440 0 56 491 484 279 333 388 418 452 78 313 400 247 121 345 77 421 151 136 68 406 140 300 53 374 114 207 127 142 429 188 303 490 228 185 185 335 147 
464 247 56 0 178 206 87 62 366 80 224 337 126 90 411 319 441 474 239 216 215 191 365 405 89 139 435 245 472 448 273 476 74 333 218 124 360 63 218 485 
72 160 491 178 0 486 328 458 354 443 196 391 85 365 391 347 492 206 272 374 365 130 345 77 144 154 338 127 157 476 234 132 392 340 273 148 123 235 436 456 
331 467 484 206 486 0 321 496 327 455 279 134 256 194 245 442 462 225 120 325 454 199 315 197 166 72 220 202 468 491 297 163 57 61 344 322 148 153 470 84 
477 134 279 87 328 321 0 80 85 254 495 432 80 282 118 218 331 399 476 341 359 396 59 240 367 358 161 107 86 420 456 272 52 262 132 175 375 329 430 268 
392 256 333 62 458 496 80 0 308 427 88 464 496 398 395 387 443 300 204 471 299 369 168 195 243 93 284 208 109 133 225 87 429 147 452 462 339 74 452 72 
487 105 388 366 354 327 85 308 0 160 241 194 389 452 265 306 80 482 277 312 232 68 63 117 241 344 431 343 301 214 423 94 101 414 388 155 357 126 104 188 
90 108 418 80 443 455 254 427 160 0 327 465 398 186 401 363 432 468 163 476 363 372 381 247 421 365 457 151 445 212 88 194 403 228 345 464 322 54 381 442 
446 403 452 224 196 279 495 88 241 327 0 499 441 426 186 168 207 418 479 197 466 228 496 248 333 132 145 378 166 399 389 125 260 94 364 64 261 398 51 214 
307 405 78 337 391 134 432 464 194 465 499 0 498 495 471 203 187 391 368 106 435 120 238 229 353 438 209 454 459 466 134 189 447 56 127 59 316 429 321 472 
208 54 313 126 85 256 80 496 389 398 441 498 0 284 188 314 118 281 438 406 487 259 399 318 204 481 315 386 288 156 437 485 387 413 131 51 340 262 231 479 
105 164 400 90 365 194 282 398 452 186 426 495 284 0 181 61 384 429 434 181 114 70 393 300 237 449 188 308 267 64 354 268 234 240 347 448 474 66 284 477 
59 426 247 411 391 245 118 395 265 401 186 471 188 181 0 129 325 226 72 499 292 492 74 494 92 387 52 411 337 424 447 250 196 287 404 423 470 135 116 222 
115 85 121 319 347 442 218 387 306 363 168 203 314 61 129 0 249 295 54 82 202 330 97 327 349 429 179 237 241 394 207 187 73 277 88 460 166 245 154 473 
308 295 345 441 492 462 331 443 80 432 207 187 118 384 325 249 0 430 217 370 194 230 288 418 304 125 271 467 359 488 485 181 365 327 434 312 145 99 224 206 
205 360 77 474 206 225 399 300 482 468 418 391 281 429 226 295 430 0 253 477 116 351 150 264 289 427 197 432 351 467 97 234 380 251 207 263 257 267 436 222 
278 235 421 239 272 120 476 204 277 163 479 368 438 434 72 54 217 253 0 152 249 128 322 414 97 281 366 375 358 342 401 234 465 380 252 203 413 350 334 339 
417 393 151 216 374 325 341 471 312 476 197 106 406 181 499 82 370 477 152 0 165 412 160 169 483 279 426 226 302 103 451 81 153 97 364 120 207 76 330 458 
346 387 136 215 365 454 359 299 232 363 466 435 487 114 292 202 194 116 249 165 0 420 328 208 106 163 83 317 74 318 145 184 271 457 340 416 484 89 313 84 
378 225 68 191 130 199 396 369 68 372 228 120 259 70 492 330 230 351 128 412 420 0 149 312 103 323 294 352 289 406 454 329 500 431 244 81 83 217 494 88 
301 103 406 365 345 315 59 168 63 381 496 238 399 393 74 97 288 150 322 160 328 149 0 62 233 128 51 373 177 355 268 242 345 183 102 297 425 233 495 309 
125 348 140 405 77 197 240 195 117 247 248 229 318 300 494 327 418 264 414 169 208 312 62 0 140 417 460 182 250 342 50 159 136 493 447 356 155 162 229 399 
233 115 300 89 144 166 367 243 241 421 333 353 204 237 92 349 304 289 97 483 106 103 233 140 0 318 281 278 105 402 65 86 85 238 172 70 271 230 50 452 
471 447 53 139 154 72 358 93 344 365 132 438 481 449 387 429 125 427 281 279 163 323 128 417 318 0 280 162 235 238 316 257 308 156 471 414 323 156 366 199 
382 155 374 435 338 220 161 284 431 457 145 209 315 188 52 179 271 197 366 426 83 294 51 460 281 280 0 427 329 298 402 181 267 222 234 268 160 378 95 303 
329 103 114 245 127 202 107 208 343 151 378 454 386 308 411 237 467 432 375 226 317 352 373 182 278 162 427 0 445 213 253 438 230 212 489 415 207 454 156 289 
486 329 207 472 157 468 86 109 301 445 166 459 288 267 337 241 359 351 358 302 74 289 177 250 105 235 329 445 0 424 320 216 474 81 167 238 367 459 494 474 
463 441 127 448 476 491 420 133 214 212 399 466 156 64 424 394 488 467 342 103 318 406 355 342 402 238 298 213 424 0 115 452 425 367 413 191 307 210 352 177 
126 157 142 273 234 297 456 225 423 88 389 134 437 354 447 207 485 97 401 451 145 454 268 50 65 316 402 253 320 115 0 259 439 441 395 55 217 57 364 55 
383 152 429 476 132 163 272 87 94 194 125 189 485 268 250 187 181 234 234 81 184 329 242 159 86 257 181 438 216 452 259 0 72 473 117 230 266 165 414 250 
99 310 188 74 392 57 52 429 101 403 260 447 387 234 196 73 365 380 465 153 271 500 345 136 85 308 267 230 474 425 439 72 0 200 424 94 274 366 183 312 
235 333 303 333 340 61 262 147 414 228 94 56 413 240 287 277 327 251 380 97 457 431 183 493 238 156 222 212 81 367 441 473 200 0 385 440 352 399 198 360 
451 305 490 218 273 344 132 452 388 345 364 127 131 347 404 88 434 207 252 364 340 244 102 447 172 471 234 489 167 413 395 117 424 385 0 60 125 178 131 234 
286 197 228 124 148 322 175 462 155 464 64 59 51 448 423 460 312 263 203 120 416 81 297 356 70 414 268 415 238 191 55 230 94 440 60 0 347 100 118 267 
192 468 185 360 123 148 375 339 357 322 261 316 340 474 470 166 145 257 413 207 484 83 425 155 271 323 160 207 367 307 217 266 274 352 125 347 0 51 167 394 
451 206 185 63 235 153 329 74 126 54 398 429 262 66 135 245 99 267 350 76 89 217 233 162 230 156 378 454 459 210 57 165 366 399 178 100 51 0 267 209 
213 332 335 218 436 470 430 452 104 381 51 321 231 284 116 154 224 436 334 330 313 494 495 229 50 366 95 156 494 352 364 414 183 198 131 118 167 267 0 496 
277 429 147 485 456 84 268 72 188 442 214 472 479 477 222 473 206 222 339 458 84 88 309 399 452 199 303 289 474 177 55 250 312 360 234 267 394 209 496 0 

1201.5 0 13
1201.5 1 30
1201.5 2 22
1201.5 3 10
1201.5 4 14
1201.5 5 6
1201.5 6 10
1201.5 7 37
1201.5 8 11
1201.5 9 11
1201.5 10 6
1201.5 11 22
1201.5 12 6
1201.5 13 11
1201.5 14 6
1201.5 15 23
1201.5 16 14
1201.5 17 6
1201.5 18 16
1201.5 19 5
1201.5 20 30
1201.5 21 8
1201.5 22 26
1201.5 23 5
1201.5 24 21
1201.5 25 19
1201.5 26 29
1201.5 27 32
1201.5 28 7
1201.5 29 2
1201.5 30 5
1201.5 31 20
1201.5 32 33
1201.5 33 27
1201.5 34 20
1201.5 35 36
1201.5 36 22
1201.5 37 30
1201.5 38 34
1201.5 39 33
