20 20 4 47

0.4 0 3
0.4 0 5
0.4 0 11
0.4 0 13
0.4 0 15
0.4 0 19
0.4 1 4
0.4 1 8
0.4 1 15
0.4 1 18
0.4 2 9
0.4 2 12
0.4 2 18
0.4 3 5
0.4 3 9
0.4 3 12
0.4 3 13
0.4 3 15
0.4 4 6
0.4 4 7
0.4 4 8
0.4 4 9
0.4 4 11
0.4 4 13
0.4 4 14
0.4 4 16
0.4 5 19
0.4 6 14
0.4 7 9
0.4 7 11
0.4 7 13
0.4 7 16
0.4 7 17
0.4 7 18
0.4 8 9
0.4 8 19
0.4 9 10
0.4 9 12
0.4 10 18
0.4 11 14
0.4 11 16
0.4 11 18
0.4 13 15
0.4 13 19
0.4 14 15
0.4 14 17
0.4 16 17

0 384 404 70 96 60 133 68 315 142 315 347 257 391 342 129 350 243 358 284 
384 0 230 470 100 57 152 81 238 228 389 483 145 86 274 321 343 234 442 360 
404 230 0 499 373 287 499 451 415 124 436 196 268 243 285 335 172 354 338 426 
70 470 499 0 379 493 425 310 405 222 313 289 331 375 488 266 331 215 223 385 
96 100 373 379 0 380 342 261 349 313 313 298 317 242 277 419 334 152 256 353 
60 57 287 493 380 0 186 334 144 134 277 141 287 280 325 371 159 224 203 252 
133 152 499 425 342 186 0 236 182 229 206 203 172 390 451 460 314 174 283 374 
68 81 451 310 261 334 236 0 318 99 331 409 252 104 129 293 365 395 355 464 
315 238 415 405 349 144 182 318 0 334 65 440 336 333 300 113 109 287 73 63 
142 228 124 222 313 134 229 99 334 0 156 53 456 372 281 446 393 327 86 330 
315 389 436 313 313 277 206 331 65 156 0 90 67 251 152 389 164 490 313 406 
347 483 196 289 298 141 203 409 440 53 90 0 431 121 293 167 97 161 187 175 
257 145 268 331 317 287 172 252 336 456 67 431 0 376 159 279 252 105 242 334 
391 86 243 375 242 280 390 104 333 372 251 121 376 0 111 467 164 456 125 470 
342 274 285 488 277 325 451 129 300 281 152 293 159 111 0 124 206 235 136 323 
129 321 335 266 419 371 460 293 113 446 389 167 279 467 124 0 313 161 426 172 
350 343 172 331 334 159 314 365 109 393 164 97 252 164 206 313 0 298 185 192 
243 234 354 215 152 224 174 395 287 327 490 161 105 456 235 161 298 0 302 285 
358 442 338 223 256 203 283 355 73 86 313 187 242 125 136 426 185 302 0 325 
284 360 426 385 353 252 374 464 63 330 406 175 334 470 323 172 192 285 325 0 

813 0 8
813 1 3
813 2 7
813 3 16
813 4 9
813 5 3
813 6 7
813 7 11
813 8 10
813 9 10
813 10 7
813 11 3
813 12 5
813 13 18
813 14 10
813 15 6
813 16 15
813 17 10
813 18 2
813 19 15
