20 20 3 47

0.25 0 1
0.25 0 2
0.25 0 6
0.25 0 18
0.25 0 19
0.25 1 3
0.25 1 10
0.25 1 13
0.25 1 15
0.25 2 5
0.25 2 8
0.25 2 10
0.25 2 11
0.25 2 14
0.25 2 16
0.25 3 6
0.25 3 8
0.25 3 14
0.25 3 15
0.25 3 16
0.25 4 10
0.25 4 18
0.25 5 10
0.25 5 11
0.25 5 15
0.25 6 17
0.25 6 19
0.25 7 11
0.25 7 13
0.25 7 15
0.25 7 17
0.25 7 18
0.25 8 9
0.25 8 12
0.25 9 11
0.25 9 15
0.25 9 18
0.25 10 12
0.25 10 16
0.25 11 12
0.25 11 16
0.25 11 17
0.25 12 17
0.25 13 18
0.25 14 15
0.25 14 19
0.25 17 18

0 389 53 150 287 368 356 453 237 123 414 121 280 185 159 313 312 442 177 137 
389 0 212 259 469 462 177 219 247 218 419 253 367 347 149 460 470 165 365 379 
53 212 0 216 430 314 311 327 245 390 383 242 334 227 136 214 335 442 444 191 
150 259 216 0 168 292 246 299 332 259 225 436 170 54 468 169 168 318 185 372 
287 469 430 168 0 244 73 215 457 336 371 196 125 67 393 352 313 223 132 491 
368 462 314 292 244 0 83 452 407 465 162 195 376 256 252 267 58 415 214 283 
356 177 311 246 73 83 0 157 432 220 465 180 134 298 247 103 60 371 147 467 
453 219 327 299 215 452 157 0 422 357 323 478 51 65 466 356 64 78 315 364 
237 247 245 332 457 407 432 422 0 256 87 152 439 328 292 491 462 406 470 462 
123 218 390 259 336 465 220 357 256 0 291 87 96 257 123 309 477 386 389 421 
414 419 383 225 371 162 465 323 87 291 0 409 172 464 90 153 306 388 294 207 
121 253 242 436 196 195 180 478 152 87 409 0 357 470 167 55 85 167 355 416 
280 367 334 170 125 376 134 51 439 96 172 357 0 403 414 343 273 229 93 308 
185 347 227 54 67 256 298 65 328 257 464 470 403 0 92 361 179 455 316 334 
159 149 136 468 393 252 247 466 292 123 90 167 414 92 0 470 449 343 297 487 
313 460 214 169 352 267 103 356 491 309 153 55 343 361 470 0 71 247 415 251 
312 470 335 168 313 58 60 64 462 477 306 85 273 179 449 71 0 181 464 226 
442 165 442 318 223 415 371 78 406 386 388 167 229 455 343 247 181 0 114 118 
177 365 444 185 132 214 147 315 470 389 294 355 93 316 297 415 464 114 0 171 
137 379 191 372 491 283 467 364 462 421 207 416 308 334 487 251 226 118 171 0 

499.29 0 13
499.29 1 14
499.29 2 15
499.29 3 1
499.29 4 7
499.29 5 16
499.29 6 4
499.29 7 8
499.29 8 9
499.29 9 8
499.29 10 11
499.29 11 16
499.29 12 1
499.29 13 18
499.29 14 11
499.29 15 16
499.29 16 8
499.29 17 11
499.29 18 9
499.29 19 16
