10 10 4 9

0.3 0 5
0.3 1 6
0.3 2 6
0.3 2 9
0.3 3 6
0.3 5 6
0.3 5 7
0.3 6 7
0.3 7 8

0 79 58 485 344 336 427 282 100 142 
79 0 472 165 216 444 152 388 355 163 
58 472 0 115 144 369 421 114 349 401 
485 165 115 0 79 258 136 456 129 236 
344 216 144 79 0 494 103 500 119 192 
336 444 369 258 494 0 106 223 321 443 
427 152 421 136 103 106 0 436 113 387 
282 388 114 456 500 223 436 0 235 268 
100 355 349 129 119 321 113 235 0 200 
142 163 401 236 192 443 387 268 200 0 

295.02 0 1
295.02 1 0
295.02 2 0
295.02 3 7
295.02 4 0
295.02 5 2
295.02 6 2
295.02 7 1
295.02 8 0
295.02 9 6
