30 30 4 87

0.3 0 4
0.3 0 8
0.3 0 12
0.3 0 17
0.3 0 27
0.3 1 6
0.3 1 8
0.3 1 11
0.3 1 14
0.3 1 15
0.3 1 20
0.3 1 21
0.3 1 23
0.3 1 24
0.3 1 25
0.3 2 3
0.3 2 5
0.3 2 8
0.3 2 10
0.3 2 16
0.3 2 25
0.3 3 6
0.3 3 9
0.3 3 11
0.3 3 15
0.3 3 23
0.3 3 28
0.3 3 29
0.3 4 8
0.3 4 9
0.3 4 13
0.3 4 16
0.3 4 21
0.3 4 23
0.3 5 7
0.3 5 13
0.3 5 16
0.3 5 19
0.3 5 27
0.3 7 13
0.3 7 17
0.3 7 23
0.3 7 28
0.3 8 10
0.3 8 12
0.3 8 25
0.3 9 15
0.3 9 21
0.3 9 24
0.3 9 26
0.3 9 27
0.3 10 12
0.3 10 18
0.3 10 23
0.3 10 25
0.3 10 26
0.3 11 20
0.3 11 21
0.3 11 24
0.3 12 14
0.3 12 18
0.3 12 24
0.3 13 14
0.3 13 20
0.3 14 22
0.3 14 26
0.3 14 29
0.3 15 20
0.3 15 23
0.3 16 28
0.3 17 29
0.3 18 21
0.3 18 24
0.3 18 25
0.3 18 26
0.3 19 20
0.3 19 23
0.3 19 26
0.3 19 27
0.3 20 22
0.3 21 25
0.3 21 27
0.3 23 27
0.3 24 26
0.3 24 28
0.3 24 29
0.3 25 29

0 193 257 462 495 128 121 238 182 91 415 281 156 109 92 350 445 179 412 297 453 376 315 464 327 164 351 91 464 162 
193 0 369 201 415 366 410 275 93 488 398 283 465 337 498 394 219 445 123 406 411 254 441 160 247 433 169 396 466 224 
257 369 0 382 146 180 442 283 134 121 462 192 429 382 261 499 56 177 259 166 170 225 57 429 364 291 359 149 346 233 
462 201 382 0 246 233 442 498 326 187 356 425 434 476 491 393 443 71 165 497 186 422 176 104 469 233 334 352 456 125 
495 415 146 246 0 205 249 142 300 441 339 416 358 403 422 209 186 360 193 238 379 434 431 427 444 441 430 450 263 190 
128 366 180 233 205 0 53 137 209 406 210 443 369 372 202 91 498 426 304 228 170 134 365 266 114 155 119 206 241 285 
121 410 442 442 249 53 0 438 287 52 360 58 96 166 353 482 364 259 222 497 422 90 226 377 188 405 449 471 104 80 
238 275 283 498 142 137 438 0 207 120 284 241 117 458 386 184 338 494 149 179 269 373 149 456 213 474 119 308 115 159 
182 93 134 326 300 209 287 207 0 346 191 449 195 359 130 201 106 333 221 208 55 365 426 168 77 353 360 491 397 476 
91 488 121 187 441 406 52 120 346 0 349 424 148 399 494 353 456 112 478 401 359 352 160 398 298 475 388 157 467 341 
415 398 462 356 339 210 360 284 191 349 0 234 482 150 451 300 418 500 261 291 249 321 231 152 142 443 59 133 292 224 
281 283 192 425 416 443 58 241 449 424 234 0 93 283 449 158 99 441 50 339 412 317 179 175 338 52 222 195 411 129 
156 465 429 434 358 369 96 117 195 148 482 93 0 314 296 212 406 274 286 474 362 263 92 281 431 88 499 226 457 308 
109 337 382 476 403 372 166 458 359 399 150 283 314 0 67 198 122 198 391 409 155 441 152 82 358 337 239 200 399 223 
92 498 261 491 422 202 353 386 130 494 451 449 296 67 0 258 101 406 179 413 284 209 113 247 421 216 281 289 495 490 
350 394 499 393 209 91 482 184 201 353 300 158 212 198 258 0 179 425 437 439 358 141 176 457 386 322 473 235 358 471 
445 219 56 443 186 498 364 338 106 456 418 99 406 122 101 179 0 123 274 74 99 317 192 181 477 341 388 372 124 121 
179 445 177 71 360 426 259 494 333 112 500 441 274 198 406 425 123 0 407 105 218 338 192 172 318 308 283 288 194 240 
412 123 259 165 193 304 222 149 221 478 261 50 286 391 179 437 274 407 0 242 354 116 491 323 244 159 267 180 147 329 
297 406 166 497 238 228 497 179 208 401 291 339 474 409 413 439 74 105 242 0 435 78 495 363 358 271 224 152 65 403 
453 411 170 186 379 170 422 269 55 359 249 412 362 155 284 358 99 218 354 435 0 196 463 57 98 372 205 467 272 384 
376 254 225 422 434 134 90 373 365 352 321 317 263 441 209 141 317 338 116 78 196 0 63 365 277 79 295 68 141 182 
315 441 57 176 431 365 226 149 426 160 231 179 92 152 113 176 192 192 491 495 463 63 0 221 311 157 64 141 196 418 
464 160 429 104 427 266 377 456 168 398 152 175 281 82 247 457 181 172 323 363 57 365 221 0 261 104 219 441 130 362 
327 247 364 469 444 114 188 213 77 298 142 338 431 358 421 386 477 318 244 358 98 277 311 261 0 103 160 242 107 273 
164 433 291 233 441 155 405 474 353 475 443 52 88 337 216 322 341 308 159 271 372 79 157 104 103 0 286 297 214 320 
351 169 359 334 430 119 449 119 360 388 59 222 499 239 281 473 388 283 267 224 205 295 64 219 160 286 0 235 221 442 
91 396 149 352 450 206 471 308 491 157 133 195 226 200 289 235 372 288 180 152 467 68 141 441 242 297 235 0 498 330 
464 466 346 456 263 241 104 115 397 467 292 411 457 399 495 358 124 194 147 65 272 141 196 130 107 214 221 498 0 240 
162 224 233 125 190 285 80 159 476 341 224 129 308 223 490 471 121 240 329 403 384 182 418 362 273 320 442 330 240 0 

711.15 0 15
711.15 1 8
711.15 2 20
711.15 3 14
711.15 4 16
711.15 5 13
711.15 6 15
711.15 7 8
711.15 8 24
711.15 9 13
711.15 10 24
711.15 11 10
711.15 12 2
711.15 13 7
711.15 14 28
711.15 15 26
711.15 16 28
711.15 17 10
711.15 18 21
711.15 19 16
711.15 20 22
711.15 21 23
711.15 22 25
711.15 23 25
711.15 24 25
711.15 25 5
711.15 26 9
711.15 27 20
711.15 28 1
711.15 29 16
