50 50 3 306

0.3 0 8
0.3 0 9
0.3 0 12
0.3 0 13
0.3 0 14
0.3 0 16
0.3 0 17
0.3 0 20
0.3 0 22
0.3 0 23
0.3 0 28
0.3 0 29
0.3 0 30
0.3 0 31
0.3 0 39
0.3 0 43
0.3 0 45
0.3 0 49
0.3 1 4
0.3 1 10
0.3 1 25
0.3 1 26
0.3 1 31
0.3 1 32
0.3 1 35
0.3 1 41
0.3 1 44
0.3 1 45
0.3 1 46
0.3 1 49
0.3 2 6
0.3 2 13
0.3 2 15
0.3 2 24
0.3 2 25
0.3 2 26
0.3 2 31
0.3 2 39
0.3 2 43
0.3 2 44
0.3 2 47
0.3 3 11
0.3 3 17
0.3 3 18
0.3 3 23
0.3 3 44
0.3 3 45
0.3 3 46
0.3 3 48
0.3 4 13
0.3 4 18
0.3 4 23
0.3 4 29
0.3 4 31
0.3 4 32
0.3 4 38
0.3 4 44
0.3 4 48
0.3 5 15
0.3 5 18
0.3 5 20
0.3 5 22
0.3 5 24
0.3 5 29
0.3 5 31
0.3 5 33
0.3 5 34
0.3 5 35
0.3 5 43
0.3 5 49
0.3 6 8
0.3 6 18
0.3 6 33
0.3 6 37
0.3 6 40
0.3 6 42
0.3 6 43
0.3 6 46
0.3 6 47
0.3 6 48
0.3 6 49
0.3 7 8
0.3 7 9
0.3 7 10
0.3 7 14
0.3 7 17
0.3 7 21
0.3 7 22
0.3 7 28
0.3 7 30
0.3 7 34
0.3 7 35
0.3 7 43
0.3 7 44
0.3 7 45
0.3 8 9
0.3 8 11
0.3 8 14
0.3 8 16
0.3 8 20
0.3 8 31
0.3 8 35
0.3 8 36
0.3 8 38
0.3 8 44
0.3 9 10
0.3 9 11
0.3 9 14
0.3 9 16
0.3 9 17
0.3 9 27
0.3 9 40
0.3 9 46
0.3 9 47
0.3 10 11
0.3 10 16
0.3 10 20
0.3 10 24
0.3 10 26
0.3 10 27
0.3 10 30
0.3 10 32
0.3 10 33
0.3 10 34
0.3 10 36
0.3 10 38
0.3 10 46
0.3 10 47
0.3 10 48
0.3 11 14
0.3 11 17
0.3 11 18
0.3 11 20
0.3 11 25
0.3 11 30
0.3 11 37
0.3 11 38
0.3 11 39
0.3 11 42
0.3 11 44
0.3 11 45
0.3 12 16
0.3 12 17
0.3 12 19
0.3 12 27
0.3 12 36
0.3 12 38
0.3 12 39
0.3 12 44
0.3 12 46
0.3 13 16
0.3 13 17
0.3 13 23
0.3 13 29
0.3 13 35
0.3 13 41
0.3 13 42
0.3 13 46
0.3 13 48
0.3 14 17
0.3 14 24
0.3 14 28
0.3 14 31
0.3 14 38
0.3 14 41
0.3 14 43
0.3 14 47
0.3 15 16
0.3 15 18
0.3 15 20
0.3 15 21
0.3 15 22
0.3 15 23
0.3 15 28
0.3 15 32
0.3 15 33
0.3 16 21
0.3 16 23
0.3 16 36
0.3 16 41
0.3 16 47
0.3 16 48
0.3 17 22
0.3 17 24
0.3 17 26
0.3 17 33
0.3 17 36
0.3 17 39
0.3 17 42
0.3 17 44
0.3 17 48
0.3 18 22
0.3 18 23
0.3 18 30
0.3 18 37
0.3 18 39
0.3 18 41
0.3 18 44
0.3 19 25
0.3 19 31
0.3 19 32
0.3 19 35
0.3 19 36
0.3 19 40
0.3 19 44
0.3 19 45
0.3 19 46
0.3 19 48
0.3 20 21
0.3 20 25
0.3 20 26
0.3 20 29
0.3 20 30
0.3 20 32
0.3 20 36
0.3 20 38
0.3 21 25
0.3 21 26
0.3 21 27
0.3 21 30
0.3 21 36
0.3 21 42
0.3 22 24
0.3 22 29
0.3 22 32
0.3 22 35
0.3 22 39
0.3 22 44
0.3 22 45
0.3 23 24
0.3 23 25
0.3 23 41
0.3 23 46
0.3 23 48
0.3 23 49
0.3 24 27
0.3 24 31
0.3 24 33
0.3 24 35
0.3 24 38
0.3 24 47
0.3 25 27
0.3 25 28
0.3 25 38
0.3 25 39
0.3 25 41
0.3 26 29
0.3 26 31
0.3 26 33
0.3 26 35
0.3 26 37
0.3 26 45
0.3 27 29
0.3 27 37
0.3 27 40
0.3 27 44
0.3 28 34
0.3 28 39
0.3 28 40
0.3 28 43
0.3 28 45
0.3 28 46
0.3 29 45
0.3 29 46
0.3 30 36
0.3 30 37
0.3 30 39
0.3 31 32
0.3 31 33
0.3 31 37
0.3 31 40
0.3 31 43
0.3 31 49
0.3 32 35
0.3 32 44
0.3 33 36
0.3 33 44
0.3 33 46
0.3 33 47
0.3 34 38
0.3 34 40
0.3 34 47
0.3 34 49
0.3 35 42
0.3 35 43
0.3 35 44
0.3 35 45
0.3 36 41
0.3 36 42
0.3 36 43
0.3 36 47
0.3 36 49
0.3 37 41
0.3 38 49
0.3 39 40
0.3 39 44
0.3 39 47
0.3 41 43
0.3 42 44
0.3 42 48
0.3 43 45
0.3 44 46
0.3 45 47
0.3 45 49
0.3 46 48
0.3 47 48

0 288 116 349 79 202 418 316 207 175 192 277 370 214 79 375 257 370 52 251 225 483 185 107 226 370 495 285 117 431 153 153 343 486 385 142 222 253 281 392 384 177 285 180 186 464 270 391 78 50 
288 0 342 294 375 316 224 107 272 492 356 167 417 416 140 88 447 131 353 199 391 323 481 297 118 201 300 300 101 257 290 189 173 235 197 314 423 460 378 137 114 302 69 234 313 438 176 169 249 209 
116 342 0 414 153 401 468 247 213 213 411 266 185 231 467 156 52 227 105 293 284 153 169 451 268 436 247 162 227 186 72 302 207 175 164 110 234 147 226 325 146 486 285 461 260 83 58 347 462 58 
349 294 414 0 341 410 445 248 201 278 366 367 289 166 318 99 347 419 78 367 469 183 136 136 97 248 474 118 83 255 116 382 225 119 307 411 452 258 85 205 217 260 63 119 493 155 61 118 487 390 
79 375 153 341 0 392 335 402 338 332 56 80 402 169 382 253 414 90 494 258 337 355 217 240 399 411 317 84 92 64 183 462 134 290 111 447 93 487 200 446 124 102 219 169 400 196 129 289 167 75 
202 316 401 410 392 0 182 108 55 121 452 488 468 260 160 278 320 456 336 396 383 108 408 403 340 473 120 157 233 119 277 191 349 215 108 127 486 65 428 433 385 330 60 414 55 279 182 143 68 254 
418 224 468 445 335 182 0 384 256 300 498 80 360 382 187 281 435 406 242 194 97 393 52 469 490 454 99 368 196 288 337 366 90 415 111 402 88 298 471 413 438 184 116 67 191 179 152 245 95 428 
316 107 247 248 402 108 384 0 338 439 79 231 201 327 54 125 73 165 188 491 353 442 54 484 408 137 468 488 367 314 252 298 139 238 427 280 88 151 238 276 70 156 85 421 337 54 336 163 227 298 
207 272 213 201 338 55 256 338 0 481 266 81 162 243 296 398 213 353 154 195 351 91 340 112 397 297 56 337 474 302 65 394 449 98 311 415 298 382 484 104 452 102 114 96 58 158 183 290 472 205 
175 492 213 278 332 121 300 439 481 0 452 292 97 499 426 247 195 153 86 390 258 145 165 153 493 428 298 184 59 434 150 381 177 158 492 95 77 98 186 109 329 333 273 335 409 363 97 325 95 315 
192 356 411 366 56 452 498 79 266 452 0 438 343 92 406 457 319 328 446 247 96 121 488 464 115 391 379 315 441 180 261 155 244 253 333 381 211 323 314 290 216 181 330 460 359 300 245 351 136 251 
277 167 266 367 80 488 80 231 81 292 438 0 469 110 263 224 345 76 393 201 237 474 162 438 484 402 235 386 461 275 205 361 309 224 337 288 90 496 152 126 457 164 58 418 75 255 143 443 413 469 
370 417 185 289 402 468 360 201 162 97 343 469 0 79 492 441 101 93 129 82 460 487 268 446 439 267 458 358 346 443 488 292 175 407 193 313 165 436 158 60 377 115 174 419 451 272 111 326 266 337 
214 416 231 166 169 260 382 327 243 499 92 110 79 0 107 211 288 490 310 249 452 355 170 180 468 381 222 77 331 121 242 142 92 320 395 283 160 331 257 288 94 72 359 251 440 442 421 399 57 113 
79 140 467 318 382 160 187 54 296 426 406 263 492 107 0 267 337 500 262 53 236 442 223 345 208 310 238 390 482 443 148 102 117 446 374 173 94 106 331 271 137 200 440 79 137 202 127 337 420 102 
375 88 156 99 253 278 281 125 398 247 457 224 441 211 267 0 365 300 211 137 82 79 82 448 422 164 141 443 438 495 315 146 272 111 61 85 466 460 416 240 425 69 436 357 316 191 426 228 120 314 
257 447 52 347 414 320 435 73 213 195 319 345 101 288 337 365 0 436 244 484 416 237 63 185 79 129 112 469 189 402 184 407 205 331 403 382 164 126 441 361 104 347 246 381 436 402 401 217 97 387 
370 131 227 419 90 456 406 165 353 153 328 76 93 490 500 300 436 0 387 253 131 245 165 184 67 375 140 103 58 424 142 444 60 369 179 449 180 412 308 392 273 367 242 296 52 292 281 357 480 380 
52 353 105 78 494 336 242 188 154 86 446 393 129 310 262 211 244 387 0 423 433 382 330 112 142 354 359 164 84 433 216 239 217 302 273 54 302 266 72 440 198 103 95 199 490 247 228 102 493 201 
251 199 293 367 258 396 194 491 195 390 247 201 82 249 53 137 484 253 423 0 407 87 365 379 467 275 199 206 338 297 315 329 484 305 149 351 354 444 452 54 75 207 183 438 318 173 170 459 340 191 
225 391 284 469 337 383 97 353 351 258 96 237 460 452 236 82 416 131 433 407 0 210 443 53 463 98 156 195 477 189 281 258 268 261 326 298 74 229 499 341 356 87 317 297 358 385 296 212 390 253 
483 323 153 183 355 108 393 442 91 145 121 474 487 355 442 79 237 245 382 87 210 0 303 86 479 61 229 434 137 467 220 226 393 247 263 380 88 307 439 378 76 238 88 61 380 257 421 107 367 229 
185 481 169 136 217 408 52 54 340 165 488 162 268 170 223 82 63 165 330 365 443 303 0 499 311 196 486 52 209 135 454 255 446 441 263 336 356 233 474 425 184 194 165 72 477 295 168 353 246 174 
107 297 451 136 240 403 469 484 112 153 464 438 446 180 345 448 185 184 112 379 53 86 499 0 167 127 237 260 390 165 247 211 185 284 350 240 307 271 367 342 330 323 134 67 89 446 441 110 88 377 
226 118 268 97 399 340 490 408 397 493 115 484 439 468 208 422 79 67 142 467 463 479 311 167 0 285 82 132 282 310 61 180 72 164 375 394 368 401 170 304 455 225 292 92 391 409 129 453 65 136 
370 201 436 248 411 473 454 137 297 428 391 402 267 381 310 164 129 375 354 275 98 61 196 127 285 0 260 365 142 294 325 266 211 74 279 80 110 305 249 429 325 105 406 374 203 254 481 500 452 68 
495 300 247 474 317 120 99 468 56 298 379 235 458 222 238 141 112 140 359 199 156 229 486 237 82 260 0 439 392 54 264 242 378 406 235 296 91 241 194 274 216 388 231 355 192 308 203 202 180 474 
285 300 162 118 84 157 368 488 337 184 315 386 358 77 390 443 469 103 164 206 195 434 52 260 132 365 439 0 492 92 61 394 416 65 308 76 290 417 450 265 328 96 180 365 447 470 295 235 247 257 
117 101 227 83 92 233 196 367 474 59 441 461 346 331 482 438 189 58 84 338 477 137 209 390 282 142 392 492 0 142 86 484 402 386 245 123 92 72 232 133 154 160 59 497 420 485 98 465 106 89 
431 257 186 255 64 119 288 314 302 434 180 275 443 121 443 495 402 424 433 297 189 467 135 165 310 294 54 92 142 0 306 278 155 434 106 255 387 162 421 378 221 230 136 416 253 158 188 422 72 433 
153 290 72 116 183 277 337 252 65 150 261 205 488 242 148 315 184 142 216 315 281 220 454 247 61 325 264 61 86 306 0 406 321 260 182 78 121 476 294 159 184 125 350 224 384 481 403 57 363 426 
153 189 302 382 462 191 366 298 394 381 155 361 292 142 102 146 407 444 239 329 258 226 255 211 180 266 242 394 484 278 406 0 244 371 336 422 264 276 219 475 488 287 51 383 105 204 318 355 134 89 
343 173 207 225 134 349 90 139 449 177 244 309 175 92 117 272 205 60 217 484 268 393 446 185 72 211 378 416 402 155 321 244 0 375 253 275 66 328 298 222 285 483 155 356 65 96 70 90 271 141 
486 235 175 119 290 215 415 238 98 158 253 224 407 320 446 111 331 369 302 305 261 247 441 284 164 74 406 65 386 434 260 371 375 0 52 346 61 330 226 190 281 111 135 184 143 63 167 354 324 190 
385 197 164 307 111 108 111 427 311 492 333 337 193 395 374 61 403 179 273 149 326 263 263 350 375 279 235 308 245 106 182 336 253 52 0 332 422 484 462 180 204 498 64 453 304 309 85 423 121 185 
142 314 110 411 447 127 402 280 415 95 381 288 313 283 173 85 382 449 54 351 298 380 336 240 394 80 296 76 123 255 78 422 275 346 332 0 109 70 204 167 115 291 81 476 172 242 149 86 388 374 
222 423 234 452 93 486 88 88 298 77 211 90 165 160 94 466 164 180 302 354 74 88 356 307 368 110 91 290 92 387 121 264 66 61 422 109 0 345 154 123 372 147 145 304 355 499 55 203 98 150 
253 460 147 258 487 65 298 151 382 98 323 496 436 331 106 460 126 412 266 444 229 307 233 271 401 305 241 417 72 162 476 276 328 330 484 70 345 0 188 299 349 181 131 470 202 194 394 168 373 319 
281 378 226 85 200 428 471 238 484 186 314 152 158 257 331 416 441 308 72 452 499 439 474 367 170 249 194 450 232 421 294 219 298 226 462 204 154 188 0 150 136 398 323 396 459 453 191 199 322 171 
392 137 325 205 446 433 413 276 104 109 290 126 60 288 271 240 361 392 440 54 341 378 425 342 304 429 274 265 133 378 159 475 222 190 180 167 123 299 150 0 323 406 416 106 363 156 189 443 276 61 
384 114 146 217 124 385 438 70 452 329 216 457 377 94 137 425 104 273 198 75 356 76 184 330 455 325 216 328 154 221 184 488 285 281 204 115 372 349 136 323 0 220 110 60 110 56 441 199 174 133 
177 302 486 260 102 330 184 156 102 333 181 164 115 72 200 69 347 367 103 207 87 238 194 323 225 105 388 96 160 230 125 287 483 111 498 291 147 181 398 406 220 0 152 111 74 460 142 500 408 372 
285 69 285 63 219 60 116 85 114 273 330 58 174 359 440 436 246 242 95 183 317 88 165 134 292 406 231 180 59 136 350 51 155 135 64 81 145 131 323 416 110 152 0 230 144 362 282 142 395 480 
180 234 461 119 169 414 67 421 96 335 460 418 419 251 79 357 381 296 199 438 297 61 72 67 92 374 355 365 497 416 224 383 356 184 453 476 304 470 396 106 60 111 230 0 61 485 258 475 390 176 
186 313 260 493 400 55 191 337 58 409 359 75 451 440 137 316 436 52 490 318 358 380 477 89 391 203 192 447 420 253 384 105 65 143 304 172 355 202 459 363 110 74 144 61 0 157 62 155 415 435 
464 438 83 155 196 279 179 54 158 363 300 255 272 442 202 191 402 292 247 173 385 257 295 446 409 254 308 470 485 158 481 204 96 63 309 242 499 194 453 156 56 460 362 485 157 0 116 185 70 82 
270 176 58 61 129 182 152 336 183 97 245 143 111 421 127 426 401 281 228 170 296 421 168 441 129 481 203 295 98 188 403 318 70 167 85 149 55 394 191 189 441 142 282 258 62 116 0 410 460 196 
391 169 347 118 289 143 245 163 290 325 351 443 326 399 337 228 217 357 102 459 212 107 353 110 453 500 202 235 465 422 57 355 90 354 423 86 203 168 199 443 199 500 142 475 155 185 410 0 218 77 
78 249 462 487 167 68 95 227 472 95 136 413 266 57 420 120 97 480 493 340 390 367 246 88 65 452 180 247 106 72 363 134 271 324 121 388 98 373 322 276 174 408 395 390 415 70 460 218 0 168 
50 209 58 390 75 254 428 298 205 315 251 469 337 113 102 314 387 380 201 191 253 229 174 377 136 68 474 257 89 433 426 89 141 190 185 374 150 319 171 61 133 372 480 176 435 82 196 77 168 0 

1420 0 37
1420 1 31
1420 2 13
1420 3 34
1420 4 16
1420 5 11
1420 6 33
1420 7 36
1420 8 7
1420 9 6
1420 10 41
1420 11 12
1420 12 14
1420 13 43
1420 14 28
1420 15 20
1420 16 24
1420 17 22
1420 18 25
1420 19 8
1420 20 6
1420 21 18
1420 22 23
1420 23 3
1420 24 39
1420 25 22
1420 26 44
1420 27 13
1420 28 31
1420 29 36
1420 30 40
1420 31 19
1420 32 18
1420 33 9
1420 34 4
1420 35 40
1420 36 25
1420 37 42
1420 38 27
1420 39 32
1420 40 0
1420 41 24
1420 42 1
1420 43 14
1420 44 23
1420 45 29
1420 46 40
1420 47 48
1420 48 7
1420 49 16
