30 30 3 87

0.2 0 1
0.2 0 3
0.2 0 10
0.2 0 13
0.2 0 22
0.2 0 26
0.2 1 2
0.2 1 3
0.2 1 15
0.2 1 18
0.2 1 20
0.2 1 21
0.2 1 28
0.2 2 6
0.2 2 9
0.2 2 10
0.2 2 21
0.2 3 4
0.2 3 13
0.2 3 23
0.2 3 28
0.2 4 9
0.2 4 12
0.2 4 16
0.2 4 17
0.2 4 21
0.2 4 28
0.2 5 10
0.2 5 12
0.2 5 17
0.2 5 19
0.2 5 22
0.2 5 27
0.2 5 28
0.2 6 9
0.2 6 10
0.2 6 14
0.2 6 16
0.2 6 19
0.2 6 29
0.2 7 15
0.2 7 19
0.2 7 24
0.2 8 12
0.2 8 13
0.2 8 15
0.2 8 20
0.2 8 22
0.2 8 28
0.2 8 29
0.2 9 15
0.2 9 16
0.2 9 20
0.2 9 29
0.2 10 14
0.2 10 18
0.2 10 20
0.2 10 21
0.2 10 29
0.2 11 15
0.2 11 18
0.2 13 15
0.2 13 19
0.2 13 21
0.2 13 24
0.2 13 29
0.2 14 23
0.2 14 29
0.2 15 16
0.2 16 18
0.2 16 19
0.2 16 20
0.2 16 24
0.2 16 25
0.2 17 21
0.2 17 28
0.2 18 25
0.2 18 26
0.2 19 22
0.2 19 23
0.2 20 21
0.2 20 24
0.2 21 28
0.2 22 25
0.2 22 27
0.2 23 25
0.2 25 29

0 470 329 322 462 493 281 417 258 140 247 232 59 111 451 222 443 346 315 227 500 288 289 497 281 277 436 475 181 91 
470 0 71 407 437 219 353 427 186 218 364 220 415 421 480 401 415 498 342 496 491 494 427 260 164 75 307 205 82 452 
329 71 0 469 313 206 419 253 394 271 253 369 456 459 220 385 76 266 92 383 68 469 270 277 194 100 444 209 377 187 
322 407 469 0 52 187 148 392 435 403 165 102 488 138 383 463 422 308 430 197 210 382 371 498 222 310 445 231 263 429 
462 437 313 52 0 419 361 474 221 427 218 184 317 295 303 462 341 215 272 286 161 253 295 370 239 333 90 402 56 484 
493 219 206 187 419 0 296 292 172 264 321 261 382 300 458 306 165 278 97 246 156 190 329 157 57 381 358 351 81 63 
281 353 419 148 361 296 0 370 256 122 168 446 251 335 148 422 431 436 399 221 468 73 239 406 392 283 428 244 178 398 
417 427 253 392 474 292 370 0 128 133 134 118 145 372 217 306 298 471 126 206 407 468 115 67 310 113 115 101 237 246 
258 186 394 435 221 172 256 128 0 401 247 432 221 482 413 100 263 84 464 224 88 291 315 466 53 495 408 295 189 94 
140 218 271 403 427 264 122 133 401 0 127 117 151 261 135 221 148 363 454 57 479 437 470 401 359 183 237 284 479 75 
247 364 253 165 218 321 168 134 247 127 0 81 99 240 485 347 417 317 415 445 174 72 353 200 86 493 154 409 187 189 
232 220 369 102 184 261 446 118 432 117 81 0 84 83 50 179 105 213 381 144 279 290 309 235 258 440 495 223 240 233 
59 415 456 488 317 382 251 145 221 151 99 84 0 151 92 409 339 272 308 259 205 183 438 271 228 190 227 105 480 260 
111 421 459 138 295 300 335 372 482 261 240 83 151 0 336 314 418 130 296 466 376 297 441 202 193 384 425 316 421 326 
451 480 220 383 303 458 148 217 413 135 485 50 92 336 0 369 147 289 226 436 162 206 268 271 163 249 245 166 149 180 
222 401 385 463 462 306 422 306 100 221 347 179 409 314 369 0 174 214 305 58 109 295 334 217 452 401 116 417 409 447 
443 415 76 422 341 165 431 298 263 148 417 105 339 418 147 174 0 252 268 151 369 403 220 267 365 242 417 66 232 453 
346 498 266 308 215 278 436 471 84 363 317 213 272 130 289 214 252 0 241 414 114 173 442 292 270 493 185 99 171 279 
315 342 92 430 272 97 399 126 464 454 415 381 308 296 226 305 268 241 0 105 280 408 124 186 151 158 257 341 282 355 
227 496 383 197 286 246 221 206 224 57 445 144 259 466 436 58 151 414 105 0 74 198 157 327 307 176 56 262 148 185 
500 491 68 210 161 156 468 407 88 479 174 279 205 376 162 109 369 114 280 74 0 359 464 307 491 185 140 166 188 156 
288 494 469 382 253 190 73 468 291 437 72 290 183 297 206 295 403 173 408 198 359 0 365 331 59 478 364 464 331 136 
289 427 270 371 295 329 239 115 315 470 353 309 438 441 268 334 220 442 124 157 464 365 0 474 77 127 456 397 195 490 
497 260 277 498 370 157 406 67 466 401 200 235 271 202 271 217 267 292 186 327 307 331 474 0 414 50 132 129 400 50 
281 164 194 222 239 57 392 310 53 359 86 258 228 193 163 452 365 270 151 307 491 59 77 414 0 247 228 226 203 174 
277 75 100 310 333 381 283 113 495 183 493 440 190 384 249 401 242 493 158 176 185 478 127 50 247 0 131 243 365 185 
436 307 444 445 90 358 428 115 408 237 154 495 227 425 245 116 417 185 257 56 140 364 456 132 228 131 0 199 52 400 
475 205 209 231 402 351 244 101 295 284 409 223 105 316 166 417 66 99 341 262 166 464 397 129 226 243 199 0 282 327 
181 82 377 263 56 81 178 237 189 479 187 240 480 421 149 409 232 171 282 148 188 331 195 400 203 365 52 282 0 500 
91 452 187 429 484 63 398 246 94 75 189 233 260 326 180 447 453 279 355 185 156 136 490 50 174 185 400 327 500 0 

478.75 0 11
478.75 1 7
478.75 2 24
478.75 3 12
478.75 4 14
478.75 5 16
478.75 6 3
478.75 7 20
478.75 8 23
478.75 9 8
478.75 10 9
478.75 11 12
478.75 12 11
478.75 13 14
478.75 14 15
478.75 15 14
478.75 16 4
478.75 17 13
478.75 18 10
478.75 19 4
478.75 20 21
478.75 21 22
478.75 22 28
478.75 23 1
478.75 24 2
478.75 25 28
478.75 26 2
478.75 27 17
478.75 28 19
478.75 29 23
