30 30 4 43

0.3 0 5
0.3 0 9
0.3 0 10
0.3 0 27
0.3 3 12
0.3 3 18
0.3 4 5
0.3 4 12
0.3 5 18
0.3 5 22
0.3 6 10
0.3 6 26
0.3 7 25
0.3 8 12
0.3 8 16
0.3 8 25
0.3 9 12
0.3 9 20
0.3 9 21
0.3 9 22
0.3 9 25
0.3 10 21
0.3 11 16
0.3 11 21
0.3 12 23
0.3 13 19
0.3 13 25
0.3 13 27
0.3 14 18
0.3 15 16
0.3 15 26
0.3 16 17
0.3 17 19
0.3 18 27
0.3 19 21
0.3 19 24
0.3 19 27
0.3 19 29
0.3 20 24
0.3 21 23
0.3 22 25
0.3 23 27
0.3 24 29

0 234 121 129 228 369 308 473 415 54 345 200 168 429 253 458 106 365 367 484 496 65 176 452 347 322 237 337 95 95 
234 0 260 59 230 255 243 260 146 162 499 481 294 220 87 364 447 268 268 480 211 457 415 455 143 250 166 367 404 391 
121 260 0 256 67 99 319 346 126 163 126 459 295 483 468 166 149 441 256 77 486 237 385 313 444 228 340 109 300 462 
129 59 256 0 324 440 116 163 148 72 163 415 281 221 231 376 144 240 404 382 384 342 395 60 263 353 219 494 360 140 
228 230 67 324 0 362 216 272 218 436 114 395 72 429 327 499 414 474 151 190 236 451 193 395 170 294 176 115 241 294 
369 255 99 440 362 0 183 404 92 238 293 104 230 69 150 92 86 484 477 135 447 127 385 395 279 371 492 53 373 468 
308 243 319 116 216 183 0 58 434 484 52 247 469 430 350 114 177 61 496 99 419 348 303 362 431 417 492 159 175 206 
473 260 346 163 272 404 58 0 434 485 87 249 55 484 327 426 63 399 311 306 85 407 263 314 271 347 377 406 234 241 
415 146 126 148 218 92 434 434 0 177 52 479 421 426 151 472 142 455 347 202 273 127 190 368 231 220 427 222 195 97 
54 162 163 72 436 238 484 485 177 0 105 289 352 167 337 134 454 352 181 445 429 249 223 244 142 360 100 493 178 332 
345 499 126 163 114 293 52 87 52 105 0 183 106 442 349 112 371 461 319 317 82 95 278 435 83 110 377 153 99 425 
200 481 459 415 395 104 247 249 479 289 183 0 419 341 331 455 186 165 255 326 496 123 147 252 448 341 53 420 100 242 
168 294 295 281 72 230 469 55 421 352 106 419 0 61 62 266 58 117 85 494 412 166 166 138 487 139 223 125 351 460 
429 220 483 221 429 69 430 484 426 167 442 341 61 0 110 229 201 396 350 391 61 287 326 127 184 247 223 79 91 475 
253 87 468 231 327 150 350 327 151 337 349 331 62 110 0 397 198 61 326 300 279 457 304 344 309 111 224 471 410 499 
458 364 166 376 499 92 114 426 472 134 112 455 266 229 397 0 325 174 60 457 50 109 244 147 57 76 83 452 270 310 
106 447 149 144 414 86 177 63 142 454 371 186 58 201 198 325 0 343 290 294 409 441 381 96 258 339 490 83 166 272 
365 268 441 240 474 484 61 399 455 352 461 165 117 396 61 174 343 0 66 401 364 131 417 240 53 351 64 193 196 408 
367 268 256 404 151 477 496 311 347 181 319 255 85 350 326 60 290 66 0 189 306 144 321 76 442 474 379 381 447 287 
484 480 77 382 190 135 99 306 202 445 317 326 494 391 300 457 294 401 189 0 214 213 336 81 461 82 237 257 324 389 
496 211 486 384 236 447 419 85 273 429 82 496 412 61 279 50 409 364 306 214 0 267 462 93 348 242 332 433 229 103 
65 457 237 342 451 127 348 407 127 249 95 123 166 287 457 109 441 131 144 213 267 0 150 193 276 283 405 371 140 233 
176 415 385 395 193 385 303 263 190 223 278 147 166 326 304 244 381 417 321 336 462 150 0 357 60 296 282 478 205 419 
452 455 313 60 395 395 362 314 368 244 435 252 138 127 344 147 96 240 76 81 93 193 357 0 202 450 389 311 192 489 
347 143 444 263 170 279 431 271 231 142 83 448 487 184 309 57 258 53 442 461 348 276 60 202 0 493 378 314 279 79 
322 250 228 353 294 371 417 347 220 360 110 341 139 247 111 76 339 351 474 82 242 283 296 450 493 0 314 309 282 123 
237 166 340 219 176 492 492 377 427 100 377 53 223 223 224 83 490 64 379 237 332 405 282 389 378 314 0 215 376 387 
337 367 109 494 115 53 159 406 222 493 153 420 125 79 471 452 83 193 381 257 433 371 478 311 314 309 215 0 90 309 
95 404 300 360 241 373 175 234 195 178 99 100 351 91 410 270 166 196 447 324 229 140 205 192 279 282 376 90 0 355 
95 391 462 140 294 468 206 241 97 332 425 242 460 475 499 310 272 408 287 389 103 233 419 489 79 123 387 309 355 0 

601.92 0 10
601.92 1 7
601.92 2 6
601.92 3 17
601.92 4 11
601.92 5 17
601.92 6 20
601.92 7 1
601.92 8 25
601.92 9 26
601.92 10 22
601.92 11 20
601.92 12 1
601.92 13 17
601.92 14 27
601.92 15 0
601.92 16 13
601.92 17 5
601.92 18 28
601.92 19 21
601.92 20 5
601.92 21 6
601.92 22 26
601.92 23 24
601.92 24 25
601.92 25 22
601.92 26 20
601.92 27 13
601.92 28 10
601.92 29 13
