40 40 4 156

0.3 0 3
0.3 0 8
0.3 0 16
0.3 0 22
0.3 1 3
0.3 1 5
0.3 1 6
0.3 1 7
0.3 1 24
0.3 1 26
0.3 1 31
0.3 1 32
0.3 1 36
0.3 2 6
0.3 2 9
0.3 2 16
0.3 2 20
0.3 2 22
0.3 2 26
0.3 2 28
0.3 2 31
0.3 2 36
0.3 2 38
0.3 3 11
0.3 3 18
0.3 3 19
0.3 3 24
0.3 3 28
0.3 3 37
0.3 4 17
0.3 4 18
0.3 4 19
0.3 4 21
0.3 4 22
0.3 4 23
0.3 4 26
0.3 4 27
0.3 4 28
0.3 4 30
0.3 4 35
0.3 4 37
0.3 5 6
0.3 5 9
0.3 5 19
0.3 5 31
0.3 5 37
0.3 5 39
0.3 6 12
0.3 6 21
0.3 6 25
0.3 6 32
0.3 6 34
0.3 7 10
0.3 7 11
0.3 7 13
0.3 7 17
0.3 7 22
0.3 7 27
0.3 7 30
0.3 7 31
0.3 7 34
0.3 7 37
0.3 8 17
0.3 8 18
0.3 8 19
0.3 8 21
0.3 9 27
0.3 9 34
0.3 10 14
0.3 10 19
0.3 10 28
0.3 10 30
0.3 11 13
0.3 11 18
0.3 11 19
0.3 11 28
0.3 11 30
0.3 11 33
0.3 11 34
0.3 11 35
0.3 11 37
0.3 12 27
0.3 12 37
0.3 12 38
0.3 12 39
0.3 13 20
0.3 13 22
0.3 13 23
0.3 13 24
0.3 13 28
0.3 13 30
0.3 13 34
0.3 14 15
0.3 14 30
0.3 14 31
0.3 14 33
0.3 15 16
0.3 15 17
0.3 15 20
0.3 15 27
0.3 15 28
0.3 15 31
0.3 15 38
0.3 16 20
0.3 16 24
0.3 16 26
0.3 16 28
0.3 16 31
0.3 16 34
0.3 16 36
0.3 17 32
0.3 17 38
0.3 18 28
0.3 18 34
0.3 19 20
0.3 19 29
0.3 19 33
0.3 19 36
0.3 20 25
0.3 20 26
0.3 20 27
0.3 20 39
0.3 21 31
0.3 21 32
0.3 21 34
0.3 21 36
0.3 22 31
0.3 22 32
0.3 22 33
0.3 22 34
0.3 23 28
0.3 24 25
0.3 24 30
0.3 24 32
0.3 24 38
0.3 25 26
0.3 25 35
0.3 26 29
0.3 26 34
0.3 26 35
0.3 26 38
0.3 26 39
0.3 27 33
0.3 27 35
0.3 27 37
0.3 28 34
0.3 28 36
0.3 29 37
0.3 29 39
0.3 30 32
0.3 31 33
0.3 32 34
0.3 32 39
0.3 34 36
0.3 36 39
0.3 37 38

0 81 492 167 497 406 290 300 330 293 91 253 313 88 480 409 367 386 252 306 168 499 374 113 409 205 405 76 326 81 442 248 94 247 255 288 401 328 196 110 
81 0 485 429 180 257 145 397 343 437 185 198 291 344 248 110 198 361 210 314 92 231 198 54 453 173 94 116 305 427 319 345 486 178 482 89 346 338 419 411 
492 485 0 212 74 301 252 236 184 148 74 219 141 443 67 155 494 74 360 101 80 334 51 464 397 491 365 351 212 305 106 244 373 235 417 220 418 156 322 86 
167 429 212 0 245 219 92 313 117 318 50 283 168 100 80 418 321 59 483 338 185 451 348 409 419 85 134 448 421 113 124 60 105 114 137 355 98 468 126 376 
497 180 74 245 0 311 282 290 334 181 434 234 315 350 453 148 216 215 190 255 271 309 301 74 399 231 165 290 87 438 331 419 160 489 306 428 181 208 198 75 
406 257 301 219 311 0 300 478 375 261 306 61 272 383 466 205 281 229 247 333 404 243 359 437 140 301 251 462 485 224 169 281 360 383 219 85 318 273 60 367 
290 145 252 92 282 300 0 79 234 281 300 173 379 215 100 116 274 126 313 439 417 112 282 330 307 271 290 248 478 240 268 386 441 117 117 439 492 149 430 227 
300 397 236 313 290 478 79 0 262 189 234 57 96 92 451 405 181 326 327 449 125 246 444 170 61 139 495 361 485 475 261 394 53 96 181 198 428 189 101 264 
330 343 184 117 334 375 234 262 0 430 409 101 167 136 106 55 331 441 190 356 370 342 362 174 410 460 448 95 481 415 359 248 108 274 159 335 434 371 258 462 
293 437 148 318 181 261 281 189 430 0 242 499 308 363 218 450 431 75 67 228 57 327 409 410 312 167 81 119 195 217 242 244 392 169 378 194 164 224 456 228 
91 185 74 50 434 306 300 234 409 242 0 448 137 261 265 119 444 151 229 207 454 380 199 74 475 264 225 111 439 215 382 342 346 234 64 236 167 279 109 387 
253 198 219 283 234 61 173 57 101 499 448 0 59 125 84 97 499 488 374 245 102 216 92 175 319 358 248 91 341 396 282 130 188 103 300 297 426 239 409 198 
313 291 141 168 315 272 379 96 167 308 137 59 0 304 96 292 402 317 74 372 70 369 243 464 92 258 303 113 240 118 163 232 330 383 255 410 482 147 330 472 
88 344 443 100 350 383 215 92 136 363 261 125 304 0 311 188 478 289 148 410 267 410 149 81 167 71 70 58 58 153 277 456 57 435 88 173 392 197 352 486 
480 248 67 80 453 466 100 451 106 218 265 84 96 311 0 64 301 52 467 162 153 351 107 241 355 369 414 123 402 236 350 357 495 378 463 483 124 248 239 486 
409 110 155 418 148 205 116 405 55 450 119 97 292 188 64 0 420 390 141 438 358 139 192 246 419 374 420 495 282 308 474 288 118 318 266 493 384 319 389 311 
367 198 494 321 216 281 274 181 331 431 444 499 402 478 301 420 0 438 379 148 228 69 211 476 292 89 285 464 121 368 464 429 436 212 230 161 161 302 51 162 
386 361 74 59 215 229 126 326 441 75 151 488 317 289 52 390 438 0 476 58 437 474 303 102 471 99 272 132 167 345 364 320 71 304 236 68 424 200 417 433 
252 210 360 483 190 247 313 327 190 67 229 374 74 148 467 141 379 476 0 184 297 421 240 154 443 192 384 272 111 296 341 152 427 436 377 443 419 168 236 230 
306 314 101 338 255 333 439 449 356 228 207 245 372 410 162 438 148 58 184 0 177 146 244 381 173 338 62 377 323 440 308 269 411 274 489 403 59 85 87 361 
168 92 80 185 271 404 417 125 370 57 454 102 70 267 153 358 228 437 297 177 0 482 389 352 435 424 347 258 337 462 367 334 355 161 330 270 466 124 148 352 
499 231 334 451 309 243 112 246 342 327 380 216 369 410 351 139 69 474 421 146 482 0 406 103 474 253 258 56 193 113 487 225 151 308 450 142 398 109 131 403 
374 198 51 348 301 359 282 444 362 409 199 92 243 149 107 192 211 303 240 244 389 406 0 480 364 256 101 355 94 469 476 256 373 144 292 84 246 444 133 340 
113 54 464 409 74 437 330 170 174 410 74 175 464 81 241 246 476 102 154 381 352 103 480 0 180 422 153 142 213 298 430 309 371 123 495 191 350 228 177 222 
409 453 397 419 399 140 307 61 410 312 475 319 92 167 355 419 292 471 443 173 435 474 364 180 0 224 156 275 401 463 455 154 462 97 444 92 284 348 448 479 
205 173 491 85 231 301 271 139 460 167 264 358 258 71 369 374 89 99 192 338 424 253 256 422 224 0 145 202 307 62 480 417 290 459 426 480 424 86 420 445 
405 94 365 134 165 251 290 495 448 81 225 248 303 70 414 420 285 272 384 62 347 258 101 153 156 145 0 106 275 217 149 288 365 495 422 237 234 476 249 364 
76 116 351 448 290 462 248 361 95 119 111 91 113 58 123 495 464 132 272 377 258 56 355 142 275 202 106 0 249 120 223 253 422 183 451 177 201 188 213 180 
326 305 212 421 87 485 478 485 481 195 439 341 240 58 402 282 121 167 111 323 337 193 94 213 401 307 275 249 0 75 196 140 380 221 239 180 398 96 223 453 
81 427 305 113 438 224 240 475 415 217 215 396 118 153 236 308 368 345 296 440 462 113 469 298 463 62 217 120 75 0 219 191 55 300 96 472 289 78 480 66 
442 319 106 124 331 169 268 261 359 242 382 282 163 277 350 474 464 364 341 308 367 487 476 430 455 480 149 223 196 219 0 178 99 314 379 178 387 160 164 468 
248 345 244 60 419 281 386 394 248 244 342 130 232 456 357 288 429 320 152 269 334 225 256 309 154 417 288 253 140 191 178 0 180 418 200 418 298 130 369 269 
94 486 373 105 160 360 441 53 108 392 346 188 330 57 495 118 436 71 427 411 355 151 373 371 462 290 365 422 380 55 99 180 0 429 284 267 134 366 154 428 
247 178 235 114 489 383 117 96 274 169 234 103 383 435 378 318 212 304 436 274 161 308 144 123 97 459 495 183 221 300 314 418 429 0 51 104 60 266 436 261 
255 482 417 137 306 219 117 181 159 378 64 300 255 88 463 266 230 236 377 489 330 450 292 495 444 426 422 451 239 96 379 200 284 51 0 479 347 97 202 145 
288 89 220 355 428 85 439 198 335 194 236 297 410 173 483 493 161 68 443 403 270 142 84 191 92 480 237 177 180 472 178 418 267 104 479 0 472 280 302 453 
401 346 418 98 181 318 492 428 434 164 167 426 482 392 124 384 161 424 419 59 466 398 246 350 284 424 234 201 398 289 387 298 134 60 347 472 0 245 203 334 
328 338 156 468 208 273 149 189 371 224 279 239 147 197 248 319 302 200 168 85 124 109 444 228 348 86 476 188 96 78 160 130 366 266 97 280 245 0 131 322 
196 419 322 126 198 60 430 101 258 456 109 409 330 352 239 389 51 417 236 87 148 131 133 177 448 420 249 213 223 480 164 369 154 436 202 302 203 131 0 424 
110 411 86 376 75 367 227 264 462 228 387 198 472 486 486 311 162 433 230 361 352 403 340 222 479 445 364 180 453 66 468 269 428 261 145 453 334 322 424 0 

801.24 0 15
801.24 1 24
801.24 2 24
801.24 3 17
801.24 4 20
801.24 5 12
801.24 6 29
801.24 7 28
801.24 8 21
801.24 9 3
801.24 10 0
801.24 11 38
801.24 12 34
801.24 13 2
801.24 14 25
801.24 15 36
801.24 16 1
801.24 17 18
801.24 18 20
801.24 19 34
801.24 20 24
801.24 21 12
801.24 22 6
801.24 23 34
801.24 24 33
801.24 25 6
801.24 26 8
801.24 27 28
801.24 28 14
801.24 29 8
801.24 30 17
801.24 31 19
801.24 32 33
801.24 33 30
801.24 34 36
801.24 35 2
801.24 36 4
801.24 37 16
801.24 38 30
801.24 39 14
