30 30 3 87

0.25 0 1
0.25 0 2
0.25 0 4
0.25 0 7
0.25 0 13
0.25 0 14
0.25 0 19
0.25 0 23
0.25 0 28
0.25 1 5
0.25 1 6
0.25 1 11
0.25 1 12
0.25 1 15
0.25 1 19
0.25 2 26
0.25 2 28
0.25 2 29
0.25 3 4
0.25 3 10
0.25 3 11
0.25 3 15
0.25 3 16
0.25 3 20
0.25 3 22
0.25 3 26
0.25 3 28
0.25 4 8
0.25 4 11
0.25 4 18
0.25 4 19
0.25 5 18
0.25 6 7
0.25 6 28
0.25 6 29
0.25 7 8
0.25 7 11
0.25 7 14
0.25 7 15
0.25 7 26
0.25 8 13
0.25 8 16
0.25 8 22
0.25 8 25
0.25 9 10
0.25 9 19
0.25 9 27
0.25 10 11
0.25 10 16
0.25 11 15
0.25 11 22
0.25 12 17
0.25 12 18
0.25 12 21
0.25 12 27
0.25 13 17
0.25 13 20
0.25 13 24
0.25 14 18
0.25 14 19
0.25 15 18
0.25 15 28
0.25 16 17
0.25 16 20
0.25 16 26
0.25 17 19
0.25 17 20
0.25 17 24
0.25 17 25
0.25 18 20
0.25 18 22
0.25 18 29
0.25 19 20
0.25 19 21
0.25 19 25
0.25 19 27
0.25 20 23
0.25 20 29
0.25 21 22
0.25 21 23
0.25 21 27
0.25 22 24
0.25 23 29
0.25 25 27
0.25 25 29
0.25 26 29
0.25 27 29

0 183 418 342 187 311 221 460 77 437 319 365 459 448 265 285 150 302 123 237 202 128 180 299 79 362 310 394 405 462 
183 0 132 118 157 240 137 407 196 396 236 228 338 197 93 382 436 170 89 198 283 248 102 98 145 258 357 350 423 246 
418 132 0 60 323 397 189 362 137 252 450 435 446 342 392 193 372 390 162 123 246 381 224 121 293 158 82 311 89 450 
342 118 60 0 66 387 379 378 417 466 459 181 210 459 129 306 400 314 74 385 119 142 284 449 66 126 378 323 330 122 
187 157 323 66 0 408 356 104 320 168 321 255 303 189 445 329 83 205 139 320 410 334 433 453 154 87 200 400 317 169 
311 240 397 387 408 0 328 131 427 62 61 338 113 122 235 341 451 437 137 129 417 83 308 290 58 417 148 120 389 489 
221 137 189 379 356 328 0 110 259 205 286 269 430 376 87 354 100 374 269 157 275 195 415 135 89 160 239 179 347 158 
460 407 362 378 104 131 110 0 145 65 281 378 214 287 489 287 475 198 385 171 282 288 393 454 489 323 408 189 139 192 
77 196 137 417 320 427 259 145 0 156 418 157 128 193 387 480 489 416 204 168 353 467 255 471 64 61 463 204 496 134 
437 396 252 466 168 62 205 65 156 0 147 195 292 103 455 183 88 56 418 301 307 94 423 266 344 160 71 85 417 455 
319 236 450 459 321 61 286 281 418 147 0 343 483 428 291 369 361 66 420 373 250 330 472 262 317 339 201 287 475 488 
365 228 435 181 255 338 269 378 157 195 343 0 71 325 450 473 443 145 221 308 101 168 209 195 219 165 379 393 184 129 
459 338 446 210 303 113 430 214 128 292 483 71 0 64 140 326 85 333 206 380 494 83 303 256 296 375 181 443 120 371 
448 197 342 459 189 122 376 287 193 103 428 325 64 0 211 422 67 438 166 203 154 75 113 194 313 134 475 249 59 462 
265 93 392 129 445 235 87 489 387 455 291 450 140 211 0 401 289 252 229 103 174 237 249 453 304 361 390 170 177 470 
285 382 193 306 329 341 354 287 480 183 369 473 326 422 401 0 246 189 326 248 134 199 337 377 456 389 498 350 219 197 
150 436 372 400 83 451 100 475 489 88 361 443 85 67 289 246 0 129 262 227 424 198 466 87 283 428 69 334 208 227 
302 170 390 314 205 437 374 198 416 56 66 145 333 438 252 189 129 0 249 399 461 218 488 415 276 177 261 57 376 146 
123 89 162 74 139 137 269 385 204 418 420 221 206 166 229 326 262 249 0 91 448 431 59 299 217 107 373 80 339 122 
237 198 123 385 320 129 157 171 168 301 373 308 380 203 103 248 227 399 91 0 302 50 59 265 428 431 361 223 57 141 
202 283 246 119 410 417 275 282 353 307 250 101 494 154 174 134 424 461 448 302 0 475 317 330 483 440 121 55 209 228 
128 248 381 142 334 83 195 288 467 94 330 168 83 75 237 199 198 218 431 50 475 0 178 102 118 118 468 100 102 167 
180 102 224 284 433 308 415 393 255 423 472 209 303 113 249 337 466 488 59 59 317 178 0 328 137 386 288 190 88 148 
299 98 121 449 453 290 135 454 471 266 262 195 256 194 453 377 87 415 299 265 330 102 328 0 359 222 455 134 138 143 
79 145 293 66 154 58 89 489 64 344 317 219 296 313 304 456 283 276 217 428 483 118 137 359 0 344 282 411 107 220 
362 258 158 126 87 417 160 323 61 160 339 165 375 134 361 389 428 177 107 431 440 118 386 222 344 0 425 262 345 393 
310 357 82 378 200 148 239 408 463 71 201 379 181 475 390 498 69 261 373 361 121 468 288 455 282 425 0 101 278 438 
394 350 311 323 400 120 179 189 204 85 287 393 443 249 170 350 334 57 80 223 55 100 190 134 411 262 101 0 191 484 
405 423 89 330 317 389 347 139 496 417 475 184 120 59 177 219 208 376 339 57 209 102 88 138 107 345 278 191 0 444 
462 246 450 122 169 489 158 192 134 455 488 129 371 462 470 197 227 146 122 141 228 167 148 143 220 393 438 484 444 0 

673.86 0 25
673.86 1 20
673.86 2 14
673.86 3 2
673.86 4 26
673.86 5 20
673.86 6 9
673.86 7 17
673.86 8 9
673.86 9 20
673.86 10 14
673.86 11 1
673.86 12 13
673.86 13 1
673.86 14 23
673.86 15 16
673.86 16 5
673.86 17 10
673.86 18 27
673.86 19 13
673.86 20 27
673.86 21 8
673.86 22 23
673.86 23 15
673.86 24 5
673.86 25 0
673.86 26 7
673.86 27 3
673.86 28 17
673.86 29 21
