50 50 4 306

0.4 0 3
0.4 0 18
0.4 0 20
0.4 0 25
0.4 0 27
0.4 0 30
0.4 0 33
0.4 0 34
0.4 0 36
0.4 0 37
0.4 0 38
0.4 0 44
0.4 0 46
0.4 0 47
0.4 1 2
0.4 1 6
0.4 1 8
0.4 1 10
0.4 1 15
0.4 1 16
0.4 1 18
0.4 1 27
0.4 1 35
0.4 1 39
0.4 1 40
0.4 1 43
0.4 1 44
0.4 1 45
0.4 1 48
0.4 1 49
0.4 2 9
0.4 2 15
0.4 2 17
0.4 2 27
0.4 2 32
0.4 2 33
0.4 2 39
0.4 2 45
0.4 2 48
0.4 3 6
0.4 3 23
0.4 3 25
0.4 3 30
0.4 3 34
0.4 3 37
0.4 3 39
0.4 3 43
0.4 3 48
0.4 3 49
0.4 4 11
0.4 4 12
0.4 4 14
0.4 4 20
0.4 4 21
0.4 4 24
0.4 4 25
0.4 4 29
0.4 4 31
0.4 4 41
0.4 4 42
0.4 4 46
0.4 4 48
0.4 5 6
0.4 5 14
0.4 5 16
0.4 5 20
0.4 5 25
0.4 5 27
0.4 5 29
0.4 5 35
0.4 5 36
0.4 5 37
0.4 5 38
0.4 5 42
0.4 5 45
0.4 6 9
0.4 6 12
0.4 6 14
0.4 6 19
0.4 6 24
0.4 6 31
0.4 6 38
0.4 6 39
0.4 6 41
0.4 6 42
0.4 6 45
0.4 6 49
0.4 7 13
0.4 7 16
0.4 7 17
0.4 7 18
0.4 7 19
0.4 7 21
0.4 7 22
0.4 7 28
0.4 7 30
0.4 7 32
0.4 7 38
0.4 7 39
0.4 7 43
0.4 7 46
0.4 7 49
0.4 8 9
0.4 8 22
0.4 8 25
0.4 8 30
0.4 8 32
0.4 8 34
0.4 8 40
0.4 8 44
0.4 8 48
0.4 9 10
0.4 9 11
0.4 9 14
0.4 9 15
0.4 9 18
0.4 9 19
0.4 9 30
0.4 9 39
0.4 9 43
0.4 9 44
0.4 9 47
0.4 10 12
0.4 10 20
0.4 10 21
0.4 10 27
0.4 10 30
0.4 10 38
0.4 10 46
0.4 10 49
0.4 11 18
0.4 11 22
0.4 11 27
0.4 11 28
0.4 11 31
0.4 11 32
0.4 11 39
0.4 11 40
0.4 11 46
0.4 11 48
0.4 11 49
0.4 12 13
0.4 12 24
0.4 12 26
0.4 12 36
0.4 13 17
0.4 13 22
0.4 13 24
0.4 13 30
0.4 13 42
0.4 14 32
0.4 14 40
0.4 14 42
0.4 15 17
0.4 15 21
0.4 15 23
0.4 15 25
0.4 15 26
0.4 15 27
0.4 16 17
0.4 16 19
0.4 16 23
0.4 16 34
0.4 16 39
0.4 16 43
0.4 16 47
0.4 17 18
0.4 17 20
0.4 17 23
0.4 17 27
0.4 17 28
0.4 17 33
0.4 17 39
0.4 17 41
0.4 17 42
0.4 18 19
0.4 18 22
0.4 18 23
0.4 18 24
0.4 18 27
0.4 18 32
0.4 18 36
0.4 18 38
0.4 18 42
0.4 18 43
0.4 18 46
0.4 19 21
0.4 19 25
0.4 19 30
0.4 19 32
0.4 19 33
0.4 19 37
0.4 19 44
0.4 20 22
0.4 20 34
0.4 20 41
0.4 20 44
0.4 20 46
0.4 20 48
0.4 21 25
0.4 21 27
0.4 21 28
0.4 21 32
0.4 21 38
0.4 21 40
0.4 21 42
0.4 21 43
0.4 22 36
0.4 22 37
0.4 22 40
0.4 22 44
0.4 22 45
0.4 22 46
0.4 22 47
0.4 22 49
0.4 23 25
0.4 23 26
0.4 23 27
0.4 23 28
0.4 23 31
0.4 23 33
0.4 23 35
0.4 23 37
0.4 23 44
0.4 23 45
0.4 23 47
0.4 23 48
0.4 24 29
0.4 24 34
0.4 24 35
0.4 24 41
0.4 24 44
0.4 25 32
0.4 25 35
0.4 25 39
0.4 25 44
0.4 25 45
0.4 26 29
0.4 26 35
0.4 26 36
0.4 26 39
0.4 26 40
0.4 26 41
0.4 26 45
0.4 26 48
0.4 27 28
0.4 27 29
0.4 27 37
0.4 27 38
0.4 27 39
0.4 27 41
0.4 27 45
0.4 28 30
0.4 28 34
0.4 28 41
0.4 29 31
0.4 29 35
0.4 29 39
0.4 29 41
0.4 30 31
0.4 30 39
0.4 30 40
0.4 30 41
0.4 30 44
0.4 30 45
0.4 30 47
0.4 30 48
0.4 30 49
0.4 31 33
0.4 31 38
0.4 31 43
0.4 32 43
0.4 32 45
0.4 32 49
0.4 33 34
0.4 33 37
0.4 33 38
0.4 33 39
0.4 33 41
0.4 34 39
0.4 34 45
0.4 35 36
0.4 35 41
0.4 35 48
0.4 35 49
0.4 36 44
0.4 36 46
0.4 36 47
0.4 37 43
0.4 37 45
0.4 37 47
0.4 38 40
0.4 38 41
0.4 38 42
0.4 40 41
0.4 40 46
0.4 40 47
0.4 41 42
0.4 41 44
0.4 41 46
0.4 43 46
0.4 44 46
0.4 44 47
0.4 44 49
0.4 47 49
0.4 48 49

0 369 149 321 135 95 335 93 310 112 448 361 469 124 465 240 353 72 123 289 351 470 295 177 314 369 173 208 181 450 498 358 180 290 489 168 421 294 143 77 190 491 170 263 215 334 371 441 161 152 
369 0 215 64 426 174 319 226 230 85 491 120 452 78 289 240 424 282 152 378 418 147 158 61 442 217 497 95 441 359 329 111 227 99 405 104 228 402 438 156 58 254 274 411 235 229 130 400 480 272 
149 215 0 112 78 68 244 67 335 476 483 410 213 207 338 276 407 59 61 143 437 472 260 497 113 131 408 107 147 316 247 313 426 246 397 326 253 188 259 56 182 378 279 476 94 100 235 154 404 422 
321 64 112 0 396 230 259 362 179 347 399 385 200 427 139 442 349 464 82 246 100 317 275 282 54 153 267 83 474 337 112 104 441 347 434 347 109 68 244 492 459 469 63 157 262 148 304 175 451 160 
135 426 78 396 0 477 163 336 329 187 456 380 298 385 422 315 261 303 128 292 483 291 444 61 176 236 443 99 356 55 144 173 107 344 218 171 222 329 344 140 472 105 71 189 208 295 239 86 223 226 
95 174 68 230 477 0 252 329 50 278 352 139 350 413 259 304 253 313 238 142 312 485 241 438 117 368 179 231 193 413 84 163 295 238 80 402 127 194 55 182 237 375 145 358 457 289 220 254 101 300 
335 319 244 259 163 252 0 74 450 472 357 426 428 210 314 355 477 75 306 66 304 473 254 181 83 212 136 79 80 310 117 345 493 107 472 125 164 252 218 360 197 128 273 423 236 286 180 131 469 290 
93 226 67 362 336 329 74 0 344 205 499 265 269 466 373 448 227 457 183 66 87 446 126 184 241 500 367 213 389 361 263 448 54 184 361 433 112 492 361 151 352 59 386 373 104 352 77 242 147 157 
310 230 335 179 329 50 450 344 0 458 77 419 55 273 422 188 273 208 93 337 417 324 445 412 244 65 467 204 449 312 100 132 134 88 125 495 274 496 259 500 165 417 348 56 259 207 215 466 188 464 
112 85 476 347 187 278 472 205 458 0 375 182 142 487 465 267 349 499 249 394 83 500 493 427 301 483 239 229 468 97 429 152 144 193 279 168 220 151 126 212 481 55 247 418 361 404 164 365 291 283 
448 491 483 399 456 352 357 499 77 375 0 422 424 376 377 364 148 321 115 477 396 339 303 293 444 53 309 98 419 250 282 376 136 339 312 348 300 407 465 243 60 122 161 260 359 86 490 123 241 235 
361 120 410 385 380 139 426 265 419 182 422 0 252 157 479 361 444 68 376 140 486 174 298 172 232 398 335 290 161 260 354 120 204 101 143 184 478 90 277 112 363 463 412 190 414 368 274 448 194 253 
469 452 213 200 298 350 428 269 55 142 424 252 0 123 148 246 432 245 498 438 79 417 220 408 68 99 157 95 172 271 385 212 62 452 336 197 213 474 176 464 272 319 332 188 169 181 219 220 294 215 
124 78 207 427 385 413 210 466 273 487 376 157 123 0 146 351 333 171 349 307 481 482 326 443 381 293 308 64 354 375 248 467 102 67 209 106 144 310 161 105 145 187 101 267 412 480 397 291 121 87 
465 289 338 139 422 259 314 373 422 465 377 479 148 146 0 236 92 461 399 450 335 431 88 119 364 139 350 235 209 127 125 319 473 107 190 238 400 254 305 483 291 298 188 399 244 328 254 126 324 117 
240 240 276 442 315 304 355 448 188 267 364 361 246 351 236 0 77 304 280 449 482 155 205 161 203 500 346 110 168 393 466 287 300 398 323 497 209 202 160 174 404 367 71 97 486 435 260 126 237 333 
353 424 407 349 261 253 477 227 273 349 148 444 432 333 92 77 0 94 359 339 272 50 298 275 500 94 67 349 155 435 82 188 447 97 52 493 95 398 146 221 248 260 175 474 108 391 370 85 143 256 
72 282 59 464 303 313 75 457 208 499 321 68 245 171 461 304 94 0 118 77 183 235 485 271 497 289 248 99 223 493 224 351 323 281 348 138 166 68 141 127 335 157 109 413 116 227 275 90 314 383 
123 152 61 82 128 238 306 183 93 249 115 376 498 349 399 280 359 118 0 394 254 193 235 360 446 438 395 368 110 268 400 218 224 137 350 423 404 343 113 209 428 496 478 268 239 403 235 424 98 381 
289 378 143 246 292 142 66 66 337 394 477 140 438 307 450 449 339 77 394 0 289 417 53 77 171 112 66 406 215 89 74 294 240 452 230 497 214 197 95 248 113 475 199 397 432 279 187 133 409 476 
351 418 437 100 483 312 304 87 417 83 396 486 79 481 335 482 272 183 254 289 0 475 79 68 404 170 93 395 279 423 442 131 405 76 401 244 229 322 156 291 96 69 495 95 350 377 150 488 57 372 
470 147 472 317 291 485 473 446 324 500 339 174 417 482 431 155 50 235 193 417 475 0 359 287 144 301 150 141 366 328 195 366 89 472 220 266 381 485 213 134 106 114 180 174 418 339 456 198 455 76 
295 158 260 275 444 241 254 126 445 493 303 298 220 326 88 205 298 485 235 53 79 359 0 109 447 472 317 360 289 461 203 195 385 103 54 488 108 485 211 428 359 378 427 98 168 289 450 67 171 384 
177 61 497 282 61 438 181 184 412 427 293 172 408 443 119 161 275 271 360 77 68 287 109 0 65 169 332 497 391 408 476 285 396 164 400 169 435 130 166 426 129 440 64 449 479 484 261 218 424 152 
314 442 113 54 176 117 83 241 244 301 444 232 68 381 364 203 500 497 446 171 404 144 447 65 0 53 88 364 260 193 362 342 137 118 344 113 300 454 145 397 342 70 301 102 455 462 284 137 225 413 
369 217 131 153 236 368 212 500 65 483 53 398 99 293 139 500 94 289 438 112 170 301 472 169 53 0 136 159 136 249 110 56 391 500 492 478 303 243 328 338 367 240 259 346 70 352 175 116 458 400 
173 497 408 267 443 179 136 367 467 239 309 335 157 308 350 346 67 248 395 66 93 150 317 332 88 136 0 353 250 298 375 345 447 174 218 395 436 65 77 74 360 124 410 331 237 349 276 144 287 382 
208 95 107 83 99 231 79 213 204 229 98 290 95 64 235 110 349 99 368 406 395 141 360 497 364 159 353 0 463 159 317 216 60 488 140 256 131 150 214 159 179 421 256 366 461 201 149 300 372 126 
181 441 147 474 356 193 80 389 449 468 419 161 172 354 209 168 155 223 110 215 279 366 289 391 260 136 250 463 0 91 358 323 213 112 284 213 102 166 219 55 57 457 307 197 97 481 218 297 290 238 
450 359 316 337 55 413 310 361 312 97 250 260 271 375 127 393 435 493 268 89 423 328 461 408 193 249 298 159 91 0 485 410 112 297 276 489 262 303 474 423 206 318 220 166 204 334 178 173 433 105 
498 329 247 112 144 84 117 263 100 429 282 354 385 248 125 466 82 224 400 74 442 195 203 476 362 110 375 317 358 485 0 407 417 293 193 295 258 225 428 296 118 229 217 498 400 267 200 179 352 139 
358 111 313 104 173 163 345 448 132 152 376 120 212 467 319 287 188 351 218 294 131 366 195 285 342 56 345 216 323 410 407 0 99 108 479 331 229 411 312 82 404 447 183 166 469 314 88 237 158 341 
180 227 426 441 107 295 493 54 134 144 136 204 62 102 473 300 447 323 224 240 405 89 385 396 137 391 447 60 213 112 417 99 0 346 387 299 441 412 411 285 214 71 200 284 389 269 258 72 168 327 
290 99 246 347 344 238 107 184 88 193 339 101 452 67 107 398 97 281 137 452 76 472 103 164 118 500 174 488 112 297 293 108 346 0 89 120 217 363 393 302 250 314 202 229 444 317 141 284 463 61 
489 405 397 434 218 80 472 361 125 279 312 143 336 209 190 323 52 348 350 230 401 220 54 400 344 492 218 140 284 276 193 479 387 89 0 177 288 185 56 281 363 171 196 481 230 169 98 362 315 207 
168 104 326 347 171 402 125 433 495 168 348 184 197 106 238 497 493 138 423 497 244 266 488 169 113 478 395 256 213 489 295 331 299 120 177 0 369 240 461 131 185 333 222 179 303 271 447 315 342 52 
421 228 253 109 222 127 164 112 274 220 300 478 213 144 400 209 95 166 404 214 229 381 108 435 300 303 436 131 102 262 258 229 441 217 288 369 0 264 398 191 194 395 298 86 157 106 67 244 63 311 
294 402 188 68 329 194 252 492 496 151 407 90 474 310 254 202 398 68 343 197 322 485 485 130 454 243 65 150 166 303 225 411 412 363 185 240 264 0 431 140 59 249 176 403 173 405 228 199 283 203 
143 438 259 244 344 55 218 361 259 126 465 277 176 161 305 160 146 141 113 95 156 213 211 166 145 328 77 214 219 474 428 312 411 393 56 461 398 431 0 233 487 342 314 51 113 329 475 56 439 159 
77 156 56 492 140 182 360 151 500 212 243 112 464 105 483 174 221 127 209 248 291 134 428 426 397 338 74 159 55 423 296 82 285 302 281 131 191 140 233 0 309 311 145 300 366 470 440 209 409 274 
190 58 182 459 472 237 197 352 165 481 60 363 272 145 291 404 248 335 428 113 96 106 359 129 342 367 360 179 57 206 118 404 214 250 363 185 194 59 487 309 0 461 129 76 240 65 98 271 280 436 
491 254 378 469 105 375 128 59 417 55 122 463 319 187 298 367 260 157 496 475 69 114 378 440 70 240 124 421 457 318 229 447 71 314 171 333 395 249 342 311 461 0 425 468 423 365 220 336 387 344 
170 274 279 63 71 145 273 386 348 247 161 412 332 101 188 71 175 109 478 199 495 180 427 64 301 259 410 256 307 220 217 183 200 202 196 222 298 176 314 145 129 425 0 440 279 93 213 364 309 233 
263 411 476 157 189 358 423 373 56 418 260 190 188 267 399 97 474 413 268 397 95 174 98 449 102 346 331 366 197 166 498 166 284 229 481 179 86 403 51 300 76 468 440 0 359 196 475 197 280 150 
215 235 94 262 208 457 236 104 259 361 359 414 169 412 244 486 108 116 239 432 350 418 168 479 455 70 237 461 97 204 400 469 389 444 230 303 157 173 113 366 240 423 279 359 0 345 323 126 458 137 
334 229 100 148 295 289 286 352 207 404 86 368 181 480 328 435 391 227 403 279 377 339 289 484 462 352 349 201 481 334 267 314 269 317 169 271 106 405 329 470 65 365 93 196 345 0 173 440 339 301 
371 130 235 304 239 220 180 77 215 164 490 274 219 397 254 260 370 275 235 187 150 456 450 261 284 175 276 149 218 178 200 88 258 141 98 447 67 228 475 440 98 220 213 475 323 173 0 274 467 189 
441 400 154 175 86 254 131 242 466 365 123 448 220 291 126 126 85 90 424 133 488 198 67 218 137 116 144 300 297 173 179 237 72 284 362 315 244 199 56 209 271 336 364 197 126 440 274 0 307 343 
161 480 404 451 223 101 469 147 188 291 241 194 294 121 324 237 143 314 98 409 57 455 171 424 225 458 287 372 290 433 352 158 168 463 315 342 63 283 439 409 280 387 309 280 458 339 467 307 0 183 
152 272 422 160 226 300 290 157 464 283 235 253 215 87 117 333 256 383 381 476 372 76 384 152 413 400 382 126 238 105 139 341 327 61 207 52 311 203 159 274 436 344 233 150 137 301 189 343 183 0 

1473 0 18
1473 1 28
1473 2 11
1473 3 20
1473 4 22
1473 5 46
1473 6 1
1473 7 31
1473 8 20
1473 9 43
1473 10 36
1473 11 39
1473 12 33
1473 13 48
1473 14 8
1473 15 20
1473 16 15
1473 17 40
1473 18 8
1473 19 3
1473 20 8
1473 21 35
1473 22 21
1473 23 14
1473 24 0
1473 25 33
1473 26 30
1473 27 8
1473 28 38
1473 29 20
1473 30 22
1473 31 12
1473 32 4
1473 33 38
1473 34 32
1473 35 32
1473 36 37
1473 37 38
1473 38 14
1473 39 7
1473 40 37
1473 41 6
1473 42 46
1473 43 22
1473 44 10
1473 45 10
1473 46 47
1473 47 25
1473 48 1
1473 49 7
