30 30 3 108

0.3 0 6
0.3 0 9
0.3 0 19
0.3 0 25
0.3 0 28
0.3 1 5
0.3 1 13
0.3 1 14
0.3 1 18
0.3 1 23
0.3 1 28
0.3 3 4
0.3 3 5
0.3 3 8
0.3 3 9
0.3 3 11
0.3 3 16
0.3 3 18
0.3 3 19
0.3 3 20
0.3 3 21
0.3 3 22
0.3 3 26
0.3 3 29
0.3 4 9
0.3 4 11
0.3 4 14
0.3 4 26
0.3 5 11
0.3 5 15
0.3 5 17
0.3 5 26
0.3 5 27
0.3 6 9
0.3 6 14
0.3 6 16
0.3 6 23
0.3 6 26
0.3 6 27
0.3 7 10
0.3 7 16
0.3 7 26
0.3 7 27
0.3 7 29
0.3 8 9
0.3 8 11
0.3 8 18
0.3 8 21
0.3 8 23
0.3 8 25
0.3 9 14
0.3 9 17
0.3 9 25
0.3 9 26
0.3 9 27
0.3 10 16
0.3 10 19
0.3 10 21
0.3 10 26
0.3 10 29
0.3 11 15
0.3 11 19
0.3 11 20
0.3 11 23
0.3 11 25
0.3 11 27
0.3 12 18
0.3 12 19
0.3 12 21
0.3 12 22
0.3 12 26
0.3 12 29
0.3 13 16
0.3 13 17
0.3 13 20
0.3 13 22
0.3 13 26
0.3 14 15
0.3 14 17
0.3 15 17
0.3 15 19
0.3 15 20
0.3 15 24
0.3 15 27
0.3 16 20
0.3 16 21
0.3 16 23
0.3 16 26
0.3 16 28
0.3 17 18
0.3 18 20
0.3 18 23
0.3 18 25
0.3 18 27
0.3 18 29
0.3 19 28
0.3 20 22
0.3 20 25
0.3 20 28
0.3 20 29
0.3 21 23
0.3 21 26
0.3 22 25
0.3 22 29
0.3 23 25
0.3 24 27
0.3 25 26
0.3 27 29

0 390 379 228 371 311 185 121 382 472 174 293 240 459 247 411 491 238 343 50 305 318 259 426 283 404 298 119 426 259 
390 0 254 402 445 193 181 202 120 283 203 381 479 87 485 461 372 336 401 124 107 76 119 387 193 100 425 175 363 237 
379 254 0 294 392 473 480 483 268 50 235 446 347 75 287 225 468 137 270 444 337 339 280 211 196 245 163 464 54 347 
228 402 294 0 350 330 104 52 478 364 153 354 240 296 380 228 232 416 397 140 219 466 189 246 295 400 308 69 373 391 
371 445 392 350 0 205 190 392 449 339 257 469 98 336 492 420 365 462 123 153 163 315 120 408 271 312 225 452 432 99 
311 193 473 330 205 0 439 215 228 67 131 272 392 109 351 469 347 312 192 94 338 228 330 277 379 238 93 468 180 352 
185 181 480 104 190 439 0 111 412 263 91 122 465 286 119 253 223 376 69 143 215 64 223 354 448 464 212 444 336 263 
121 202 483 52 392 215 111 0 106 311 84 446 311 323 470 422 216 140 228 465 339 78 372 176 80 301 482 114 451 237 
382 120 268 478 449 228 412 106 0 103 490 427 409 353 404 60 173 323 224 273 284 221 230 304 60 382 289 276 131 238 
472 283 50 364 339 67 263 311 103 0 281 300 274 166 66 69 399 395 415 177 254 394 428 112 334 367 111 168 303 98 
174 203 235 153 257 131 91 84 490 281 0 358 435 475 274 207 326 297 106 341 150 191 396 245 241 95 500 364 150 394 
293 381 446 354 469 272 122 446 427 300 358 0 111 413 51 333 189 362 51 442 352 476 256 290 256 359 477 438 402 75 
240 479 347 240 98 392 465 311 409 274 435 111 0 135 237 128 172 473 290 288 254 451 473 459 448 245 282 356 285 108 
459 87 75 296 336 109 286 323 353 166 475 413 135 0 84 80 328 83 469 390 431 234 362 72 224 249 57 359 475 494 
247 485 287 380 492 351 119 470 404 66 274 51 237 84 0 64 376 376 446 343 51 402 70 120 317 389 114 255 472 183 
411 461 225 228 420 469 253 422 60 69 207 333 128 80 64 0 413 219 332 264 100 113 200 388 330 462 148 355 429 99 
491 372 468 232 365 347 223 216 173 399 326 189 172 328 376 413 0 405 312 286 83 71 132 394 234 289 102 92 330 224 
238 336 137 416 462 312 376 140 323 395 297 362 473 83 376 219 405 0 118 172 95 116 306 300 379 336 423 243 331 154 
343 401 270 397 123 192 69 228 224 415 106 51 290 469 446 332 312 118 0 162 193 402 127 315 75 218 99 362 391 479 
50 124 444 140 153 94 143 465 273 177 341 442 288 390 343 264 286 172 162 0 499 61 476 497 475 444 58 156 391 53 
305 107 337 219 163 338 215 339 284 254 150 352 254 431 51 100 83 95 193 499 0 320 203 55 337 59 67 97 373 435 
318 76 339 466 315 228 64 78 221 394 191 476 451 234 402 113 71 116 402 61 320 0 103 287 304 241 60 171 133 125 
259 119 280 189 120 330 223 372 230 428 396 256 473 362 70 200 132 306 127 476 203 103 0 114 301 273 297 286 253 394 
426 387 211 246 408 277 354 176 304 112 245 290 459 72 120 388 394 300 315 497 55 287 114 0 224 244 353 146 235 63 
283 193 196 295 271 379 448 80 60 334 241 256 448 224 317 330 234 379 75 475 337 304 301 224 0 119 435 179 181 208 
404 100 245 400 312 238 464 301 382 367 95 359 245 249 389 462 289 336 218 444 59 241 273 244 119 0 240 303 130 353 
298 425 163 308 225 93 212 482 289 111 500 477 282 57 114 148 102 423 99 58 67 60 297 353 435 240 0 364 227 456 
119 175 464 69 452 468 444 114 276 168 364 438 356 359 255 355 92 243 362 156 97 171 286 146 179 303 364 0 484 339 
426 363 54 373 432 180 336 451 131 303 150 402 285 475 472 429 330 331 391 391 373 133 253 235 181 130 227 484 0 433 
259 237 347 391 99 352 263 237 238 98 394 75 108 494 183 99 224 154 479 53 435 125 394 63 208 353 456 339 433 0 

936.5 0 21
936.5 1 18
936.5 2 18
936.5 3 4
936.5 4 14
936.5 5 17
936.5 6 5
936.5 7 16
936.5 8 21
936.5 9 2
936.5 10 16
936.5 11 19
936.5 12 23
936.5 13 0
936.5 14 11
936.5 15 7
936.5 16 22
936.5 17 28
936.5 18 9
936.5 19 15
936.5 20 13
936.5 21 22
936.5 22 11
936.5 23 27
936.5 24 11
936.5 25 19
936.5 26 17
936.5 27 9
936.5 28 19
936.5 29 26
