50 50 4 122

0.3 0 6
0.3 0 9
0.3 0 15
0.3 0 31
0.3 0 38
0.3 1 5
0.3 1 16
0.3 1 18
0.3 1 34
0.3 2 21
0.3 2 25
0.3 2 26
0.3 2 33
0.3 2 35
0.3 2 46
0.3 3 4
0.3 3 17
0.3 3 19
0.3 3 45
0.3 4 28
0.3 4 29
0.3 4 31
0.3 5 9
0.3 5 28
0.3 5 29
0.3 5 45
0.3 5 46
0.3 6 8
0.3 6 13
0.3 6 15
0.3 6 24
0.3 6 42
0.3 7 13
0.3 7 17
0.3 7 18
0.3 7 20
0.3 8 9
0.3 8 16
0.3 8 28
0.3 8 30
0.3 8 45
0.3 9 15
0.3 9 40
0.3 9 41
0.3 10 14
0.3 10 15
0.3 10 16
0.3 10 28
0.3 10 32
0.3 10 38
0.3 10 43
0.3 11 20
0.3 11 24
0.3 11 29
0.3 11 35
0.3 11 39
0.3 12 25
0.3 12 28
0.3 12 44
0.3 12 47
0.3 12 49
0.3 13 15
0.3 13 16
0.3 13 25
0.3 13 40
0.3 13 47
0.3 14 23
0.3 14 25
0.3 14 28
0.3 14 44
0.3 15 27
0.3 15 33
0.3 15 34
0.3 16 28
0.3 16 37
0.3 16 49
0.3 17 19
0.3 17 24
0.3 17 25
0.3 17 28
0.3 17 48
0.3 18 28
0.3 19 25
0.3 19 36
0.3 21 31
0.3 21 34
0.3 21 49
0.3 22 25
0.3 22 29
0.3 22 37
0.3 22 45
0.3 22 49
0.3 23 47
0.3 25 37
0.3 25 44
0.3 26 30
0.3 26 34
0.3 26 47
0.3 26 49
0.3 27 30
0.3 27 38
0.3 27 43
0.3 28 41
0.3 28 44
0.3 28 46
0.3 28 48
0.3 30 34
0.3 30 48
0.3 31 36
0.3 31 37
0.3 33 42
0.3 33 48
0.3 34 44
0.3 35 45
0.3 35 46
0.3 37 40
0.3 37 41
0.3 37 43
0.3 39 40
0.3 39 44
0.3 40 43
0.3 43 45

0 479 153 152 466 437 402 344 152 162 265 224 133 164 215 119 124 146 494 224 172 391 250 389 256 160 423 296 298 297 487 218 325 354 287 358 87 412 484 487 287 326 258 76 363 498 319 216 417 481 
479 0 322 422 235 88 364 275 407 404 467 107 72 331 274 101 196 458 454 92 244 349 245 63 90 450 268 111 358 321 319 203 58 311 157 119 329 362 482 290 333 212 441 146 178 314 153 129 377 150 
153 322 0 372 494 357 154 295 262 128 402 362 301 385 379 492 148 343 198 159 58 304 261 310 442 111 250 255 76 372 133 174 389 260 178 465 397 204 406 215 408 55 322 161 259 314 300 231 377 373 
152 422 372 0 147 110 417 85 337 155 369 201 211 194 162 364 104 217 460 413 154 116 283 293 412 251 412 302 357 301 63 57 88 285 147 468 313 387 443 270 432 344 112 440 87 202 291 100 181 430 
466 235 494 147 0 366 422 59 266 51 383 416 384 129 391 216 74 173 398 277 478 115 101 57 419 235 301 198 360 385 190 216 432 183 106 125 75 447 76 186 373 280 181 383 172 204 248 134 352 481 
437 88 357 110 366 0 223 112 291 64 323 475 58 317 275 322 260 371 203 51 233 102 352 301 404 328 353 384 345 154 141 70 166 153 411 191 277 282 438 351 441 250 174 298 112 123 54 95 492 235 
402 364 154 417 422 223 0 477 439 400 299 169 226 242 245 248 445 171 415 165 248 244 92 259 371 169 278 69 319 365 398 355 394 449 160 117 485 148 355 298 374 474 234 111 471 106 139 173 306 300 
344 275 295 85 59 112 477 0 187 114 433 252 284 172 413 360 299 239 462 447 356 480 165 261 436 197 251 398 368 451 50 320 458 76 299 69 360 108 379 230 63 375 307 89 132 492 253 149 172 121 
152 407 262 337 266 291 439 187 0 331 98 240 122 248 75 157 455 478 441 327 53 104 107 296 292 125 171 51 493 449 456 278 394 63 471 247 268 456 105 116 431 137 236 259 396 346 399 262 143 58 
162 404 128 155 51 64 400 114 331 0 93 410 263 55 407 272 113 393 482 143 92 477 54 459 141 317 479 320 409 183 104 310 203 487 394 174 379 253 449 321 127 271 99 311 345 394 340 388 216 175 
265 467 402 369 383 323 299 433 98 93 0 190 255 241 296 308 81 253 77 342 284 96 56 456 245 315 192 458 143 318 206 130 88 109 445 466 128 94 77 244 97 409 380 161 332 365 139 263 377 494 
224 107 362 201 416 475 169 252 240 410 190 0 295 155 290 486 361 464 469 225 492 433 406 57 291 494 449 280 391 442 345 434 327 284 349 335 262 326 396 438 391 314 428 208 477 366 64 416 208 135 
133 72 301 211 384 58 226 284 122 263 255 295 0 177 339 470 360 118 388 60 266 427 65 242 148 427 355 277 411 298 128 154 64 440 107 492 162 412 430 90 311 162 359 352 462 431 130 404 442 287 
164 331 385 194 129 317 242 172 248 55 241 155 177 0 286 69 77 272 379 92 83 311 329 56 252 186 339 128 413 411 147 208 246 379 239 394 468 146 321 83 362 355 232 236 238 105 164 97 143 266 
215 274 379 162 391 275 245 413 75 407 296 290 339 286 0 226 199 396 321 178 357 293 471 359 500 185 73 258 348 88 142 287 113 458 382 62 155 168 338 236 245 241 207 131 90 355 197 245 178 129 
119 101 492 364 216 322 248 360 157 272 308 486 470 69 226 0 145 192 345 415 385 404 117 491 115 219 378 175 190 208 489 454 224 295 161 494 487 144 58 435 180 145 80 225 421 479 144 237 347 483 
124 196 148 104 74 260 445 299 455 113 81 361 360 77 199 145 0 418 222 51 310 494 72 378 255 277 153 283 397 79 392 403 149 326 222 77 163 443 73 283 145 171 186 494 205 238 325 408 440 329 
146 458 343 217 173 371 171 239 478 393 253 464 118 272 396 192 418 0 488 283 114 491 206 173 215 136 273 319 426 142 57 178 448 104 228 389 453 134 307 498 181 420 171 354 391 266 327 383 84 217 
494 454 198 460 398 203 415 462 441 482 77 469 388 379 321 345 222 488 0 117 256 260 378 252 70 460 305 220 154 104 274 217 391 277 52 394 101 482 372 84 90 112 207 226 310 145 178 321 96 285 
224 92 159 413 277 51 165 447 327 143 342 225 60 92 178 415 51 283 117 0 256 498 256 384 262 131 496 63 71 182 484 177 483 140 183 168 343 294 63 254 84 366 255 254 198 499 55 265 126 383 
172 244 58 154 478 233 248 356 53 92 284 492 266 83 357 385 310 114 256 256 0 289 253 78 163 95 164 197 415 274 318 368 315 185 170 196 232 443 340 234 226 367 250 333 338 349 365 269 450 354 
391 349 304 116 115 102 244 480 104 477 96 433 427 311 293 404 494 491 260 498 289 0 311 267 283 216 474 324 180 416 407 485 131 255 193 141 140 129 298 314 392 486 366 375 66 55 122 409 174 210 
250 245 261 283 101 352 92 165 107 54 56 406 65 329 471 117 72 206 378 256 253 311 0 419 327 196 272 286 449 411 257 290 272 442 141 115 466 496 395 355 240 103 450 494 130 188 309 418 362 79 
389 63 310 293 57 301 259 261 296 459 456 57 242 56 359 491 378 173 252 384 78 267 419 0 153 300 251 452 428 188 233 331 145 191 101 474 181 263 494 163 221 146 334 375 166 494 460 114 370 413 
256 90 442 412 419 404 371 436 292 141 245 291 148 252 500 115 255 215 70 262 163 283 327 153 0 381 189 319 327 95 73 218 55 252 248 73 145 157 105 77 277 73 369 411 70 387 58 151 140 218 
160 450 111 251 235 328 169 197 125 317 315 494 427 186 185 219 277 136 460 131 95 216 196 300 381 0 109 157 272 359 151 313 291 225 240 88 152 491 394 437 317 222 217 406 331 166 164 204 117 140 
423 268 250 412 301 353 278 251 171 479 192 449 355 339 73 378 153 273 305 496 164 474 272 251 189 109 0 181 214 116 278 432 283 349 120 173 147 327 471 411 229 455 374 357 241 291 204 255 169 413 
296 111 255 302 198 384 69 398 51 320 458 280 277 128 258 175 283 319 220 63 197 324 286 452 319 157 181 0 485 128 382 202 208 149 225 450 252 220 480 440 260 258 101 460 283 318 65 359 216 319 
298 358 76 357 360 345 319 368 493 409 143 391 411 413 348 190 397 426 154 71 415 180 449 428 327 272 214 485 0 337 217 401 398 69 267 299 114 175 280 95 244 177 65 261 98 426 335 276 127 330 
297 321 372 301 385 154 365 451 449 183 318 442 298 411 88 208 79 142 104 182 274 416 411 188 95 359 116 128 337 0 356 356 138 478 200 186 78 203 395 145 241 119 51 144 183 64 329 60 162 467 
487 319 133 63 190 141 398 50 456 104 206 345 128 147 142 489 392 57 274 484 318 407 257 233 73 151 278 382 217 356 0 58 423 321 427 260 288 308 430 206 424 129 261 389 411 211 127 470 273 116 
218 203 174 57 216 70 355 320 278 310 130 434 154 208 287 454 403 178 217 177 368 485 290 331 218 313 432 202 401 356 58 0 222 373 261 156 358 293 263 288 482 453 480 494 411 180 360 199 494 310 
325 58 389 88 432 166 394 458 394 203 88 327 64 246 113 224 149 448 391 483 315 131 272 145 55 291 283 208 398 138 423 222 0 495 307 463 357 271 376 385 73 488 442 447 311 328 432 346 245 323 
354 311 260 285 183 153 449 76 63 487 109 284 440 379 458 295 326 104 277 140 185 255 442 191 252 225 349 149 69 478 321 373 495 0 104 431 185 218 91 371 87 134 82 50 377 475 133 407 356 439 
287 157 178 147 106 411 160 299 471 394 445 349 107 239 382 161 222 228 52 183 170 193 141 101 248 240 120 225 267 200 427 261 307 104 0 330 377 179 206 58 169 52 92 433 204 332 151 249 382 239 
358 119 465 468 125 191 117 69 247 174 466 335 492 394 62 494 77 389 394 168 196 141 115 474 73 88 173 450 299 186 260 156 463 431 330 0 138 217 158 277 152 268 330 329 189 238 386 431 96 304 
87 329 397 313 75 277 485 360 268 379 128 262 162 468 155 487 163 453 101 343 232 140 466 181 145 152 147 252 114 78 288 358 357 185 377 138 0 450 479 221 479 334 413 54 195 304 138 209 348 380 
412 362 204 387 447 282 148 108 456 253 94 326 412 146 168 144 443 134 482 294 443 129 496 263 157 491 327 220 175 203 308 293 271 218 179 217 450 0 60 306 249 477 483 494 381 145 447 372 187 245 
484 482 406 443 76 438 355 379 105 449 77 396 430 321 338 58 73 307 372 63 340 298 395 494 105 394 471 480 280 395 430 263 376 91 206 158 479 60 0 214 165 142 343 124 272 437 139 286 218 131 
487 290 215 270 186 351 298 230 116 321 244 438 90 83 236 435 283 498 84 254 234 314 355 163 77 437 411 440 95 145 206 288 385 371 58 277 221 306 214 0 165 421 148 263 90 149 487 421 197 389 
287 333 408 432 373 441 374 63 431 127 97 391 311 362 245 180 145 181 90 84 226 392 240 221 277 317 229 260 244 241 424 482 73 87 169 152 479 249 165 165 0 454 288 61 225 489 286 260 353 370 
326 212 55 344 280 250 474 375 137 271 409 314 162 355 241 145 171 420 112 366 367 486 103 146 73 222 455 258 177 119 129 453 488 134 52 268 334 477 142 421 454 0 430 236 103 301 435 500 302 124 
258 441 322 112 181 174 234 307 236 99 380 428 359 232 207 80 186 171 207 255 250 366 450 334 369 217 374 101 65 51 261 480 442 82 92 330 413 483 343 148 288 430 0 178 274 465 258 92 355 474 
76 146 161 440 383 298 111 89 259 311 161 208 352 236 131 225 494 354 226 254 333 375 494 375 411 406 357 460 261 144 389 494 447 50 433 329 54 494 124 263 61 236 178 0 393 419 366 370 50 364 
363 178 259 87 172 112 471 132 396 345 332 477 462 238 90 421 205 391 310 198 338 66 130 166 70 331 241 283 98 183 411 411 311 377 204 189 195 381 272 90 225 103 274 393 0 112 305 303 151 97 
498 314 314 202 204 123 106 492 346 394 365 366 431 105 355 479 238 266 145 499 349 55 188 494 387 166 291 318 426 64 211 180 328 475 332 238 304 145 437 149 489 301 465 419 112 0 405 494 239 309 
319 153 300 291 248 54 139 253 399 340 139 64 130 164 197 144 325 327 178 55 365 122 309 460 58 164 204 65 335 329 127 360 432 133 151 386 138 447 139 487 286 435 258 366 305 405 0 106 348 102 
216 129 231 100 134 95 173 149 262 388 263 416 404 97 245 237 408 383 321 265 269 409 418 114 151 204 255 359 276 60 470 199 346 407 249 431 209 372 286 421 260 500 92 370 303 494 106 0 90 132 
417 377 377 181 352 492 306 172 143 216 377 208 442 143 178 347 440 84 96 126 450 174 362 370 140 117 169 216 127 162 273 494 245 356 382 96 348 187 218 197 353 302 355 50 151 239 348 90 0 476 
481 150 373 430 481 235 300 121 58 175 494 135 287 266 129 483 329 217 285 383 354 210 79 413 218 140 413 319 330 467 116 310 323 439 239 304 380 245 131 389 370 124 474 364 97 309 102 132 476 0 

951.72 0 5
951.72 1 46
951.72 2 3
951.72 3 40
951.72 4 21
951.72 5 20
951.72 6 19
951.72 7 15
951.72 8 23
951.72 9 46
951.72 10 19
951.72 11 29
951.72 12 30
951.72 13 4
951.72 14 12
951.72 15 46
951.72 16 7
951.72 17 0
951.72 18 36
951.72 19 28
951.72 20 33
951.72 21 8
951.72 22 27
951.72 23 16
951.72 24 6
951.72 25 14
951.72 26 31
951.72 27 38
951.72 28 45
951.72 29 7
951.72 30 34
951.72 31 6
951.72 32 4
951.72 33 42
951.72 34 47
951.72 35 30
951.72 36 13
951.72 37 22
951.72 38 46
951.72 39 36
951.72 40 24
951.72 41 21
951.72 42 22
951.72 43 5
951.72 44 26
951.72 45 34
951.72 46 3
951.72 47 38
951.72 48 34
951.72 49 39
