50 50 4 122

0.25 0 1
0.25 0 12
0.25 0 31
0.25 0 43
0.25 1 3
0.25 1 14
0.25 1 31
0.25 1 46
0.25 1 49
0.25 2 3
0.25 2 11
0.25 2 42
0.25 2 45
0.25 3 14
0.25 3 20
0.25 3 26
0.25 3 28
0.25 4 8
0.25 4 18
0.25 4 36
0.25 4 37
0.25 5 10
0.25 5 26
0.25 5 31
0.25 5 44
0.25 6 13
0.25 6 14
0.25 6 20
0.25 6 28
0.25 6 30
0.25 6 31
0.25 6 47
0.25 6 49
0.25 7 12
0.25 7 28
0.25 7 31
0.25 8 12
0.25 8 16
0.25 8 30
0.25 8 39
0.25 9 31
0.25 9 32
0.25 9 47
0.25 9 49
0.25 10 14
0.25 10 30
0.25 11 27
0.25 11 30
0.25 11 31
0.25 11 41
0.25 12 25
0.25 12 28
0.25 12 29
0.25 12 42
0.25 13 15
0.25 13 18
0.25 13 20
0.25 13 47
0.25 13 48
0.25 13 49
0.25 14 16
0.25 14 28
0.25 14 49
0.25 15 41
0.25 15 44
0.25 16 46
0.25 17 37
0.25 17 41
0.25 17 42
0.25 18 35
0.25 18 46
0.25 19 21
0.25 20 47
0.25 21 25
0.25 21 35
0.25 22 23
0.25 22 28
0.25 22 31
0.25 22 33
0.25 22 38
0.25 23 38
0.25 23 39
0.25 23 41
0.25 24 25
0.25 24 35
0.25 24 40
0.25 25 45
0.25 25 47
0.25 26 32
0.25 26 38
0.25 26 46
0.25 26 47
0.25 27 42
0.25 28 33
0.25 29 35
0.25 29 40
0.25 29 41
0.25 29 43
0.25 29 44
0.25 29 46
0.25 30 31
0.25 30 47
0.25 31 33
0.25 31 36
0.25 31 38
0.25 31 44
0.25 32 46
0.25 32 47
0.25 32 48
0.25 33 48
0.25 35 38
0.25 36 43
0.25 36 48
0.25 37 42
0.25 38 45
0.25 39 45
0.25 40 42
0.25 40 43
0.25 40 48
0.25 42 44
0.25 44 45
0.25 44 46

0 244 239 178 415 190 326 412 482 409 92 492 376 155 487 61 478 220 403 390 323 69 499 168 415 200 387 187 50 149 96 226 98 65 200 203 105 431 258 434 120 396 412 90 454 342 494 152 389 320 
244 0 185 495 448 106 306 291 301 231 187 296 438 313 87 65 108 60 353 484 273 180 350 367 246 445 207 387 120 140 75 118 60 205 289 210 139 149 323 335 202 473 409 344 382 183 197 344 51 404 
239 185 0 374 415 287 456 118 401 394 123 434 169 395 413 56 457 227 491 467 295 55 70 367 365 277 62 213 450 436 394 473 71 285 176 355 332 486 281 268 87 181 229 367 240 257 454 466 89 217 
178 495 374 0 188 77 103 221 432 79 499 387 269 212 172 460 64 179 237 316 112 150 50 155 274 99 91 460 164 149 393 119 168 242 334 300 92 481 128 203 467 444 190 96 302 121 157 421 335 396 
415 448 415 188 0 250 71 242 246 369 447 485 467 325 116 170 227 388 190 85 438 404 195 234 207 166 267 66 465 418 461 461 227 366 148 122 500 460 420 467 392 412 455 135 194 485 136 248 260 110 
190 106 287 77 250 0 308 147 85 83 351 234 488 460 144 319 335 252 67 432 261 365 281 142 434 387 196 306 336 385 493 433 210 428 148 213 429 293 89 498 316 175 126 307 297 83 474 456 125 423 
326 306 456 103 71 308 0 189 316 136 62 287 59 60 499 354 130 239 277 254 104 290 294 134 447 414 241 166 83 263 66 319 437 153 391 159 61 303 236 332 311 346 318 143 149 473 292 77 466 100 
412 291 118 221 242 147 189 0 240 362 114 416 309 162 260 89 321 427 236 61 287 168 178 411 107 80 418 285 424 382 101 234 411 473 206 488 234 444 435 88 496 316 330 167 133 298 226 211 100 412 
482 301 401 432 246 85 316 240 0 317 348 430 105 207 263 350 333 101 307 86 152 167 452 218 102 339 423 103 109 428 256 240 401 351 152 411 100 99 286 186 382 368 100 399 125 402 193 353 276 136 
409 231 394 79 369 83 136 362 317 0 130 78 326 306 474 69 96 466 290 253 350 120 305 132 313 278 497 383 340 297 398 74 217 352 153 390 360 371 401 368 58 112 72 242 149 263 451 269 243 375 
92 187 123 499 447 351 62 114 348 130 0 232 108 302 433 99 290 232 215 251 68 400 404 467 180 61 291 431 89 305 479 131 493 54 209 470 308 390 269 92 320 109 112 130 133 366 115 134 296 282 
492 296 434 387 485 234 287 416 430 78 232 0 242 94 457 462 307 270 466 375 173 197 132 238 414 496 65 51 344 487 259 426 82 263 491 235 115 309 426 189 413 63 146 164 108 288 388 127 221 185 
376 438 169 269 467 488 59 309 105 326 108 242 0 290 483 434 480 155 285 274 239 343 310 339 253 419 167 57 149 343 409 490 413 53 281 172 278 402 280 239 341 485 143 488 219 72 51 168 157 350 
155 313 395 212 325 460 60 162 207 306 302 94 290 0 242 111 453 500 142 360 52 401 260 161 273 458 321 354 178 100 221 247 446 182 482 142 307 65 179 72 233 72 198 174 478 318 110 219 213 409 
487 87 413 172 116 144 499 260 263 474 433 457 483 242 0 471 496 240 185 434 346 466 242 226 498 310 355 254 482 330 101 146 178 178 118 367 118 247 122 138 495 96 300 210 477 333 203 288 77 123 
61 65 56 460 170 319 354 89 350 69 99 462 434 111 471 0 221 132 296 264 261 487 381 339 371 227 151 298 357 198 459 297 209 116 75 65 447 459 189 398 403 398 291 141 189 298 466 493 380 82 
478 108 457 64 227 335 130 321 333 96 290 307 480 453 496 221 0 314 75 96 294 368 500 496 441 477 88 369 185 228 258 412 113 127 173 212 52 128 86 116 198 422 441 106 72 479 172 54 423 331 
220 60 227 179 388 252 239 427 101 466 232 270 155 500 240 132 314 0 70 330 277 69 360 384 337 440 106 127 335 311 249 354 239 88 426 500 80 433 53 248 242 169 340 107 145 164 311 352 142 346 
403 353 491 237 190 67 277 236 307 290 215 466 285 142 185 296 75 70 0 282 221 480 254 143 337 140 69 325 111 55 394 496 411 191 187 297 420 380 297 325 60 268 326 141 120 440 112 321 73 231 
390 484 467 316 85 432 254 61 86 253 251 375 274 360 434 264 96 330 282 0 305 471 119 399 385 229 252 430 433 364 275 305 369 151 364 218 232 203 165 81 294 255 386 232 402 70 198 447 381 328 
323 273 295 112 438 261 104 287 152 350 68 173 239 52 346 261 294 277 221 305 0 125 466 222 382 419 366 229 410 352 461 129 74 162 427 246 107 441 481 333 196 76 149 122 107 185 490 51 370 290 
69 180 55 150 404 365 290 168 167 120 400 197 343 401 466 487 368 69 480 471 125 0 401 159 449 137 246 364 188 323 464 213 123 241 281 463 112 202 450 413 216 339 464 50 369 140 400 86 450 430 
499 350 70 50 195 281 294 178 452 305 404 132 310 260 242 381 500 360 254 119 466 401 0 158 110 99 228 487 258 52 127 475 343 50 300 474 236 408 453 375 256 365 59 50 84 463 257 180 255 308 
168 367 367 155 234 142 134 411 218 132 467 238 339 161 226 339 496 384 143 399 222 159 158 0 428 115 62 455 340 469 283 413 193 388 246 474 215 432 94 355 327 135 89 484 118 453 398 134 205 183 
415 246 365 274 207 434 447 107 102 313 180 414 253 273 498 371 441 337 337 385 382 449 110 428 0 180 92 115 123 217 466 446 276 230 460 76 125 158 403 259 207 204 93 364 179 390 486 444 352 425 
200 445 277 99 166 387 414 80 339 278 61 496 419 458 310 227 477 440 140 229 419 137 99 115 180 0 164 108 328 260 302 441 490 113 98 437 302 128 427 248 193 442 95 395 309 245 424 71 214 458 
387 207 62 91 267 196 241 418 423 497 291 65 167 321 355 151 88 106 69 252 366 246 228 62 92 164 0 408 82 64 451 421 113 472 278 297 323 270 258 158 123 293 154 212 246 101 68 246 118 428 
187 387 213 460 66 306 166 285 103 383 431 51 57 354 254 298 369 127 325 430 229 364 487 455 115 108 408 0 78 291 433 152 378 299 114 402 499 203 135 390 370 90 226 263 95 288 193 446 164 132 
50 120 450 164 465 336 83 424 109 340 89 344 149 178 482 357 185 335 111 433 410 188 258 340 123 328 82 78 0 294 316 373 362 325 464 63 284 338 382 247 334 85 398 339 276 109 135 415 99 185 
149 140 436 149 418 385 263 382 428 297 305 487 343 100 330 198 228 311 55 364 352 323 52 469 217 260 64 291 294 0 448 236 55 155 117 116 249 114 344 450 201 446 294 413 454 258 211 210 475 309 
96 75 394 393 461 493 66 101 256 398 479 259 409 221 101 459 258 249 394 275 461 464 127 283 466 302 451 433 316 448 0 99 428 209 375 158 221 247 316 463 121 102 176 432 125 112 375 150 176 420 
226 118 473 119 461 433 319 234 240 74 131 426 490 247 146 297 412 354 496 305 129 213 475 413 446 441 421 152 373 236 99 0 411 340 370 423 339 268 346 181 160 431 65 380 436 158 128 66 438 211 
98 60 71 168 227 210 437 411 401 217 493 82 413 446 178 209 113 239 411 369 74 123 343 193 276 490 113 378 362 55 428 411 0 311 112 276 339 214 374 491 353 418 202 463 92 147 358 260 233 212 
65 205 285 242 366 428 153 473 351 352 54 263 53 182 178 116 127 88 191 151 162 241 50 388 230 113 472 299 325 155 209 340 311 0 257 220 52 232 96 230 365 234 111 298 315 75 329 115 216 136 
200 289 176 334 148 148 391 206 152 153 209 491 281 482 118 75 173 426 187 364 427 281 300 246 460 98 278 114 464 117 375 370 112 257 0 223 138 456 181 90 126 130 205 426 444 229 236 193 273 106 
203 210 355 300 122 213 159 488 411 390 470 235 172 142 367 65 212 500 297 218 246 463 474 474 76 437 297 402 63 116 158 423 276 220 223 0 94 380 293 457 451 330 364 304 443 131 200 458 443 272 
105 139 332 92 500 429 61 234 100 360 308 115 278 307 118 447 52 80 420 232 107 112 236 215 125 302 323 499 284 249 221 339 339 52 138 94 0 475 342 435 180 115 188 311 318 109 58 277 498 58 
431 149 486 481 460 293 303 444 99 371 390 309 402 65 247 459 128 433 380 203 441 202 408 432 158 128 270 203 338 114 247 268 214 232 456 380 475 0 367 128 388 182 473 68 93 201 234 427 445 363 
258 323 281 128 420 89 236 435 286 401 269 426 280 179 122 189 86 53 297 165 481 450 453 94 403 427 258 135 382 344 316 346 374 96 181 293 342 367 0 496 447 352 400 422 75 135 133 168 493 183 
434 335 268 203 467 498 332 88 186 368 92 189 239 72 138 398 116 248 325 81 333 413 375 355 259 248 158 390 247 450 463 181 491 230 90 457 435 128 496 0 62 189 445 209 393 461 408 129 273 352 
120 202 87 467 392 316 311 496 382 58 320 413 341 233 495 403 198 242 60 294 196 216 256 327 207 193 123 370 334 201 121 160 353 365 126 451 180 388 447 62 0 244 251 467 399 415 185 195 187 238 
396 473 181 444 412 175 346 316 368 112 109 63 485 72 96 398 422 169 268 255 76 339 365 135 204 442 293 90 85 446 102 431 418 234 130 330 115 182 352 189 244 0 463 258 365 452 405 460 496 416 
412 409 229 190 455 126 318 330 100 72 112 146 143 198 300 291 441 340 326 386 149 464 59 89 93 95 154 226 398 294 176 65 202 111 205 364 188 473 400 445 251 463 0 324 207 455 295 413 200 487 
90 344 367 96 135 307 143 167 399 242 130 164 488 174 210 141 106 107 141 232 122 50 50 484 364 395 212 263 339 413 432 380 463 298 426 304 311 68 422 209 467 258 324 0 118 193 186 313 295 294 
454 382 240 302 194 297 149 133 125 149 133 108 219 478 477 189 72 145 120 402 107 369 84 118 179 309 246 95 276 454 125 436 92 315 444 443 318 93 75 393 399 365 207 118 0 476 465 178 208 80 
342 183 257 121 485 83 473 298 402 263 366 288 72 318 333 298 479 164 440 70 185 140 463 453 390 245 101 288 109 258 112 158 147 75 229 131 109 201 135 461 415 452 455 193 476 0 449 200 227 316 
494 197 454 157 136 474 292 226 193 451 115 388 51 110 203 466 172 311 112 198 490 400 257 398 486 424 68 193 135 211 375 128 358 329 236 200 58 234 133 408 185 405 295 186 465 449 0 62 174 82 
152 344 466 421 248 456 77 211 353 269 134 127 168 219 288 493 54 352 321 447 51 86 180 134 444 71 246 446 415 210 150 66 260 115 193 458 277 427 168 129 195 460 413 313 178 200 62 0 130 117 
389 51 89 335 260 125 466 100 276 243 296 221 157 213 77 380 423 142 73 381 370 450 255 205 352 214 118 164 99 475 176 438 233 216 273 443 498 445 493 273 187 496 200 295 208 227 174 130 0 368 
320 404 217 396 110 423 100 412 136 375 282 185 350 409 123 82 331 346 231 328 290 430 308 183 425 458 428 132 185 309 420 211 212 136 106 272 58 363 183 352 238 416 487 294 80 316 82 117 368 0 

729.75 0 34
729.75 1 42
729.75 2 29
729.75 3 21
729.75 4 38
729.75 5 2
729.75 6 27
729.75 7 5
729.75 8 40
729.75 9 41
729.75 10 43
729.75 11 6
729.75 12 3
729.75 13 47
729.75 14 48
729.75 15 12
729.75 16 14
729.75 17 9
729.75 18 5
729.75 19 2
729.75 20 40
729.75 21 3
729.75 22 23
729.75 23 40
729.75 24 41
729.75 25 32
729.75 26 44
729.75 27 18
729.75 28 43
729.75 29 45
729.75 30 48
729.75 31 28
729.75 32 43
729.75 33 28
729.75 34 6
729.75 35 33
729.75 36 35
729.75 37 33
729.75 38 43
729.75 39 27
729.75 40 25
729.75 41 37
729.75 42 38
729.75 43 34
729.75 44 35
729.75 45 42
729.75 46 47
729.75 47 5
729.75 48 3
729.75 49 2

