50 50 4 245

0.4 0 5
0.4 0 17
0.4 0 19
0.4 0 21
0.4 0 22
0.4 0 35
0.4 0 41
0.4 1 2
0.4 1 4
0.4 1 7
0.4 1 20
0.4 1 29
0.4 1 31
0.4 1 37
0.4 2 6
0.4 2 9
0.4 2 16
0.4 2 20
0.4 2 34
0.4 2 37
0.4 2 42
0.4 3 11
0.4 3 13
0.4 3 20
0.4 3 29
0.4 3 32
0.4 3 34
0.4 3 36
0.4 3 37
0.4 3 41
0.4 3 45
0.4 4 19
0.4 4 22
0.4 4 25
0.4 4 28
0.4 4 30
0.4 4 31
0.4 4 32
0.4 4 36
0.4 4 43
0.4 4 44
0.4 4 47
0.4 4 49
0.4 5 12
0.4 5 14
0.4 5 24
0.4 5 32
0.4 5 35
0.4 5 41
0.4 5 45
0.4 5 48
0.4 6 8
0.4 6 11
0.4 6 15
0.4 6 30
0.4 6 38
0.4 6 39
0.4 6 42
0.4 6 47
0.4 7 9
0.4 7 13
0.4 7 19
0.4 7 20
0.4 7 21
0.4 7 22
0.4 7 23
0.4 7 25
0.4 7 30
0.4 7 31
0.4 7 33
0.4 7 41
0.4 7 44
0.4 8 9
0.4 8 16
0.4 8 17
0.4 8 20
0.4 8 21
0.4 8 25
0.4 8 26
0.4 8 28
0.4 8 31
0.4 8 38
0.4 8 42
0.4 9 12
0.4 9 19
0.4 9 25
0.4 9 34
0.4 9 35
0.4 9 37
0.4 9 38
0.4 9 40
0.4 9 42
0.4 9 45
0.4 9 46
0.4 10 14
0.4 10 17
0.4 10 18
0.4 10 20
0.4 10 21
0.4 10 22
0.4 10 23
0.4 10 31
0.4 10 36
0.4 10 40
0.4 10 41
0.4 11 20
0.4 11 25
0.4 11 26
0.4 11 29
0.4 11 39
0.4 11 40
0.4 11 48
0.4 12 16
0.4 12 20
0.4 12 24
0.4 12 35
0.4 12 37
0.4 12 39
0.4 12 46
0.4 13 15
0.4 13 16
0.4 13 27
0.4 13 28
0.4 13 32
0.4 13 33
0.4 13 34
0.4 13 35
0.4 13 44
0.4 13 47
0.4 13 48
0.4 14 17
0.4 14 19
0.4 14 23
0.4 14 25
0.4 14 27
0.4 14 28
0.4 14 30
0.4 14 31
0.4 14 32
0.4 14 36
0.4 14 40
0.4 15 18
0.4 15 23
0.4 15 24
0.4 15 29
0.4 15 33
0.4 15 42
0.4 16 17
0.4 16 25
0.4 16 26
0.4 16 43
0.4 16 48
0.4 17 29
0.4 17 40
0.4 17 49
0.4 18 19
0.4 18 20
0.4 18 27
0.4 18 29
0.4 18 31
0.4 18 35
0.4 18 46
0.4 18 47
0.4 18 48
0.4 19 20
0.4 19 21
0.4 19 26
0.4 19 27
0.4 19 34
0.4 19 42
0.4 19 45
0.4 19 49
0.4 20 26
0.4 20 30
0.4 20 36
0.4 20 39
0.4 20 41
0.4 20 44
0.4 20 45
0.4 21 25
0.4 21 26
0.4 21 29
0.4 21 34
0.4 21 35
0.4 21 37
0.4 21 42
0.4 22 28
0.4 22 29
0.4 22 30
0.4 22 31
0.4 23 32
0.4 23 38
0.4 23 48
0.4 24 26
0.4 24 30
0.4 24 31
0.4 24 35
0.4 24 42
0.4 24 43
0.4 24 48
0.4 25 37
0.4 25 40
0.4 25 48
0.4 26 27
0.4 27 30
0.4 27 32
0.4 27 41
0.4 27 42
0.4 27 46
0.4 28 29
0.4 28 34
0.4 28 42
0.4 29 47
0.4 30 44
0.4 31 33
0.4 31 34
0.4 31 43
0.4 31 48
0.4 32 36
0.4 32 43
0.4 32 48
0.4 33 37
0.4 33 44
0.4 33 49
0.4 34 36
0.4 34 37
0.4 34 38
0.4 34 39
0.4 34 42
0.4 35 38
0.4 35 45
0.4 36 39
0.4 37 49
0.4 39 45
0.4 39 46
0.4 39 49
0.4 40 43
0.4 40 48
0.4 41 48
0.4 42 44
0.4 42 47
0.4 42 49
0.4 44 45
0.4 45 48
0.4 46 47

0 433 463 452 115 446 262 239 190 473 263 439 250 497 181 408 445 423 291 384 434 256 151 157 288 220 145 162 387 264 438 99 394 131 227 279 123 386 60 93 294 254 468 400 283 386 92 144 92 145 
433 0 252 479 376 170 317 431 69 138 187 469 394 111 443 63 183 259 472 210 447 99 266 113 53 342 66 79 57 244 150 407 219 299 482 406 460 179 69 273 306 252 249 197 295 225 275 69 440 98 
463 252 0 331 154 437 251 404 234 92 310 327 304 300 65 419 88 473 169 114 104 434 295 71 89 370 485 312 290 68 164 393 403 365 413 177 85 464 189 450 66 334 226 177 397 436 416 249 242 198 
452 479 331 0 195 92 346 304 122 126 220 340 500 328 421 469 144 147 250 158 390 111 55 286 160 102 404 360 460 357 181 214 314 94 416 346 449 110 275 311 421 148 336 461 182 83 250 289 136 293 
115 376 154 195 0 310 109 500 482 490 239 158 227 377 121 266 405 475 393 189 214 79 280 178 326 142 270 192 377 251 168 88 464 420 128 403 450 440 424 287 136 137 289 490 485 235 208 107 305 286 
446 170 437 92 310 0 146 157 436 245 125 346 293 228 231 481 460 209 462 58 113 374 162 362 233 322 336 407 319 308 227 61 170 482 109 476 157 331 494 392 464 473 122 53 163 211 290 478 287 391 
262 317 251 346 109 146 0 402 73 453 316 280 244 90 378 475 215 329 86 429 90 143 98 156 429 467 123 376 478 72 139 147 411 147 361 122 199 192 276 176 78 311 461 421 355 343 261 305 66 312 
239 431 404 304 500 157 402 0 217 426 429 437 179 303 465 93 135 274 278 241 487 179 58 200 303 136 318 177 236 334 183 384 347 440 291 376 363 60 319 64 95 476 339 105 68 125 104 289 194 191 
190 69 234 122 482 436 73 217 0 287 262 83 218 166 485 113 337 480 287 478 252 64 409 116 340 325 412 310 218 334 249 401 70 446 142 491 225 347 293 387 165 99 346 420 410 458 309 150 449 300 
473 138 92 126 490 245 453 426 287 0 219 422 237 265 377 410 386 238 456 303 207 312 88 465 493 262 382 146 385 500 423 347 257 456 277 365 103 265 183 407 215 73 471 59 99 226 240 269 72 253 
263 187 310 220 239 125 316 429 262 219 0 460 392 129 191 340 326 114 61 444 488 240 265 417 324 453 411 219 112 70 467 306 359 83 474 495 161 405 268 257 235 407 56 394 327 128 268 330 287 191 
439 469 327 340 158 346 280 437 83 422 460 0 111 213 484 366 213 345 59 355 244 449 458 361 125 358 440 139 345 51 249 367 387 210 308 413 376 148 63 177 139 339 500 129 108 278 490 99 60 125 
250 394 304 500 227 293 244 179 218 237 392 111 0 129 327 282 77 470 201 274 297 465 228 470 377 445 348 414 401 384 443 95 58 477 293 362 365 295 235 124 394 109 401 73 68 103 303 221 372 444 
497 111 300 328 377 228 90 303 166 265 129 213 129 0 321 104 65 375 322 234 197 295 82 403 393 382 497 338 415 132 468 456 314 216 413 405 309 189 366 241 179 161 108 270 190 263 262 250 140 441 
181 443 65 421 121 231 378 465 485 377 191 484 327 321 0 201 490 253 188 326 64 94 487 229 232 160 472 471 270 102 339 334 427 65 423 299 366 93 278 158 433 333 111 167 83 457 416 379 351 200 
408 63 419 469 266 481 475 93 113 410 340 366 282 104 201 0 104 171 410 150 161 178 101 274 283 285 316 80 491 492 281 140 356 440 497 445 188 408 496 460 457 190 136 193 137 396 58 167 314 123 
445 183 88 144 405 460 215 135 337 386 326 213 77 65 490 104 0 265 295 191 93 114 175 412 459 374 450 277 84 253 69 443 464 409 204 312 302 449 73 201 182 175 376 240 197 422 103 419 219 394 
423 259 473 147 475 209 329 274 480 238 114 345 470 375 253 171 265 0 286 218 72 341 166 137 403 191 329 74 107 322 330 109 242 498 386 442 80 271 487 431 127 100 253 267 60 207 227 190 182 360 
291 472 169 250 393 462 86 278 287 456 61 59 201 322 188 410 295 286 0 111 89 164 323 68 199 116 261 284 217 238 484 177 483 85 377 284 284 102 84 189 56 67 360 467 275 227 439 236 252 265 
384 210 114 158 189 58 429 241 478 303 444 355 274 234 326 150 191 218 111 0 284 316 437 176 75 457 87 248 115 287 97 183 146 464 201 116 446 392 218 268 432 303 210 83 103 375 87 94 355 134 
434 447 104 390 214 113 90 487 252 207 488 244 297 197 64 161 93 72 89 284 0 498 112 94 372 83 439 341 335 380 67 156 349 381 193 286 407 57 484 473 82 217 139 90 184 305 279 159 198 330 
256 99 434 111 79 374 143 179 64 312 240 449 465 295 94 178 114 341 164 316 498 0 271 246 309 54 252 233 449 405 478 401 383 498 132 458 103 103 482 238 329 203 338 245 90 190 66 339 238 307 
151 266 295 55 280 162 98 58 409 88 265 458 228 82 487 101 175 166 323 437 112 271 0 415 254 239 411 76 349 352 427 160 256 308 305 390 228 208 178 344 499 431 453 309 177 312 232 224 242 273 
157 113 71 286 178 362 156 200 116 465 417 361 470 403 229 274 412 137 68 176 94 246 415 0 352 492 129 308 289 421 179 290 345 500 345 438 195 259 254 113 288 346 64 199 53 480 173 389 313 285 
288 53 89 160 326 233 429 303 340 493 324 125 377 393 232 283 459 403 199 75 372 309 254 352 0 407 74 270 289 353 85 79 413 154 224 377 443 89 323 53 131 112 170 263 321 214 464 456 406 136 
220 342 370 102 142 322 467 136 325 262 453 358 445 382 160 285 374 191 116 457 83 54 239 492 407 0 123 222 288 407 103 195 157 445 117 320 80 439 230 438 64 235 88 157 377 475 334 56 203 178 
145 66 485 404 270 336 123 318 412 382 411 440 348 497 472 316 450 329 261 87 439 252 411 129 74 123 0 59 72 209 238 343 187 386 201 76 51 291 117 343 61 318 413 475 428 357 243 387 234 111 
162 79 312 360 192 407 376 177 310 146 219 139 414 338 471 80 277 74 284 248 341 233 76 308 270 222 59 0 303 348 443 268 387 105 212 82 110 241 335 93 170 436 471 119 472 494 246 112 294 261 
387 57 290 460 377 319 478 236 218 385 112 345 401 415 270 491 84 107 217 115 335 449 349 289 289 288 72 303 0 401 470 344 452 357 430 183 252 461 98 456 178 67 149 57 136 220 421 142 326 141 
264 244 68 357 251 308 72 334 334 500 70 51 384 132 102 492 253 322 238 287 380 405 352 421 353 407 209 348 401 0 86 312 206 489 139 353 486 271 369 323 167 335 324 271 453 499 330 353 485 408 
438 150 164 181 168 227 139 183 249 423 467 249 443 468 339 281 69 330 484 97 67 478 427 179 85 103 238 443 470 86 0 60 397 156 206 150 280 342 385 360 430 179 137 188 251 342 447 133 299 105 
99 407 393 214 88 61 147 384 401 347 306 367 95 456 334 140 443 109 177 183 156 401 160 290 79 195 343 268 344 312 60 0 101 438 364 168 325 346 109 500 422 272 324 407 125 312 463 443 368 236 
394 219 403 314 464 170 411 347 70 257 359 387 58 314 427 356 464 242 483 146 349 383 256 345 413 157 187 387 452 206 397 101 0 287 120 465 446 156 388 96 179 86 72 174 454 431 311 373 180 457 
131 299 365 94 420 482 147 440 446 456 83 210 477 216 65 440 409 498 85 464 381 498 308 500 154 445 386 105 357 489 156 438 287 0 118 485 72 62 280 66 203 219 69 315 148 278 363 332 247 253 
227 482 413 416 128 109 361 291 142 277 474 308 293 413 423 497 204 386 377 201 193 132 305 345 224 117 201 212 430 139 206 364 120 118 0 464 481 162 90 66 98 126 159 123 464 345 419 231 454 235 
279 406 177 346 403 476 122 376 491 365 495 413 362 405 299 445 312 442 284 116 286 458 390 438 377 320 76 82 183 353 150 168 465 485 464 0 151 302 68 89 265 380 311 370 438 372 470 186 192 242 
123 460 85 449 450 157 199 363 225 103 161 376 365 309 366 188 302 80 284 446 407 103 228 195 443 80 51 110 252 486 280 325 446 72 481 151 0 343 274 408 373 399 348 74 468 439 152 309 240 350 
386 179 464 110 440 331 192 60 347 265 405 148 295 189 93 408 449 271 102 392 57 103 208 259 89 439 291 241 461 271 342 346 156 62 162 302 343 0 317 400 333 143 119 494 318 395 180 487 470 253 
60 69 189 275 424 494 276 319 293 183 268 63 235 366 278 496 73 487 84 218 484 482 178 254 323 230 117 335 98 369 385 109 388 280 90 68 274 317 0 310 311 111 357 425 212 448 73 181 92 140 
93 273 450 311 287 392 176 64 387 407 257 177 124 241 158 460 201 431 189 268 473 238 344 113 53 438 343 93 456 323 360 500 96 66 66 89 408 400 310 0 244 204 194 445 378 152 411 165 189 356 
294 306 66 421 136 464 78 95 165 215 235 139 394 179 433 457 182 127 56 432 82 329 499 288 131 64 61 170 178 167 430 422 179 203 98 265 373 333 311 244 0 167 296 259 123 120 126 462 249 456 
254 252 334 148 137 473 311 476 99 73 407 339 109 161 333 190 175 100 67 303 217 203 431 346 112 235 318 436 67 335 179 272 86 219 126 380 399 143 111 204 167 0 363 74 246 282 292 461 329 488 
468 249 226 336 289 122 461 339 346 471 56 500 401 108 111 136 376 253 360 210 139 338 453 64 170 88 413 471 149 324 137 324 72 69 159 311 348 119 357 194 296 363 0 280 192 136 400 215 406 188 
400 197 177 461 490 53 421 105 420 59 394 129 73 270 167 193 240 267 467 83 90 245 309 199 263 157 475 119 57 271 188 407 174 315 123 370 74 494 425 445 259 74 280 0 142 380 136 182 327 399 
283 295 397 182 485 163 355 68 410 99 327 108 68 190 83 137 197 60 275 103 184 90 177 53 321 377 428 472 136 453 251 125 454 148 464 438 468 318 212 378 123 246 192 142 0 495 260 417 419 428 
386 225 436 83 235 211 343 125 458 226 128 278 103 263 457 396 422 207 227 375 305 190 312 480 214 475 357 494 220 499 342 312 431 278 345 372 439 395 448 152 120 282 136 380 495 0 315 300 256 338 
92 275 416 250 208 290 261 104 309 240 268 490 303 262 416 58 103 227 439 87 279 66 232 173 464 334 243 246 421 330 447 463 311 363 419 470 152 180 73 411 126 292 400 136 260 315 0 55 140 229 
144 69 249 289 107 478 305 289 150 269 330 99 221 250 379 167 419 190 236 94 159 339 224 389 456 56 387 112 142 353 133 443 373 332 231 186 309 487 181 165 462 461 215 182 417 300 55 0 137 78 
92 440 242 136 305 287 66 194 449 72 287 60 372 140 351 314 219 182 252 355 198 238 242 313 406 203 234 294 326 485 299 368 180 247 454 192 240 470 92 189 249 329 406 327 419 256 140 137 0 197 
145 98 198 293 286 391 312 191 300 253 191 125 444 441 200 123 394 360 265 134 330 307 273 285 136 178 111 261 141 408 105 236 457 253 235 242 350 253 140 356 456 488 188 399 428 338 229 78 197 0 

1495.5 0 17
1495.5 1 11
1495.5 2 26
1495.5 3 34
1495.5 4 24
1495.5 5 46
1495.5 6 4
1495.5 7 8
1495.5 8 30
1495.5 9 12
1495.5 10 19
1495.5 11 28
1495.5 12 27
1495.5 13 26
1495.5 14 16
1495.5 15 0
1495.5 16 36
1495.5 17 19
1495.5 18 47
1495.5 19 42
1495.5 20 1
1495.5 21 37
1495.5 22 47
1495.5 23 39
1495.5 24 1
1495.5 25 10
1495.5 26 28
1495.5 27 16
1495.5 28 17
1495.5 29 39
1495.5 30 43
1495.5 31 34
1495.5 32 6
1495.5 33 21
1495.5 34 24
1495.5 35 30
1495.5 36 23
1495.5 37 28
1495.5 38 44
1495.5 39 10
1495.5 40 46
1495.5 41 14
1495.5 42 43
1495.5 43 24
1495.5 44 46
1495.5 45 10
1495.5 46 24
1495.5 47 33
1495.5 48 29
1495.5 49 28

