50 50 4 122

0.25 0 6
0.25 0 8
0.25 0 11
0.25 0 24
0.25 0 30
0.25 0 36
0.25 1 5
0.25 1 11
0.25 1 23
0.25 1 25
0.25 2 6
0.25 2 18
0.25 2 23
0.25 2 26
0.25 2 48
0.25 2 49
0.25 3 4
0.25 3 5
0.25 3 13
0.25 3 15
0.25 3 25
0.25 3 27
0.25 3 32
0.25 3 34
0.25 3 41
0.25 4 6
0.25 4 8
0.25 4 13
0.25 4 32
0.25 4 43
0.25 5 11
0.25 5 25
0.25 5 28
0.25 5 34
0.25 5 40
0.25 6 20
0.25 6 24
0.25 6 30
0.25 6 36
0.25 7 23
0.25 7 39
0.25 7 42
0.25 7 48
0.25 8 9
0.25 8 18
0.25 8 37
0.25 8 40
0.25 8 41
0.25 9 19
0.25 9 32
0.25 9 42
0.25 9 47
0.25 10 23
0.25 10 36
0.25 12 13
0.25 12 17
0.25 12 25
0.25 12 30
0.25 12 32
0.25 13 14
0.25 13 21
0.25 13 46
0.25 14 32
0.25 14 37
0.25 14 43
0.25 14 47
0.25 15 41
0.25 16 19
0.25 16 30
0.25 16 31
0.25 16 32
0.25 16 48
0.25 17 18
0.25 17 26
0.25 17 37
0.25 17 40
0.25 18 43
0.25 19 41
0.25 20 26
0.25 20 31
0.25 20 32
0.25 20 36
0.25 20 38
0.25 20 42
0.25 21 29
0.25 21 31
0.25 22 37
0.25 22 44
0.25 23 29
0.25 23 33
0.25 23 37
0.25 23 49
0.25 24 33
0.25 25 33
0.25 25 44
0.25 26 29
0.25 26 30
0.25 26 44
0.25 26 46
0.25 27 38
0.25 28 40
0.25 28 45
0.25 28 49
0.25 29 34
0.25 29 37
0.25 29 39
0.25 29 46
0.25 31 36
0.25 31 43
0.25 31 46
0.25 31 47
0.25 32 33
0.25 33 35
0.25 33 38
0.25 34 35
0.25 34 37
0.25 34 40
0.25 36 40
0.25 38 40
0.25 38 48
0.25 43 44
0.25 45 47

0 415 209 186 268 470 194 247 248 278 167 80 273 182 168 456 121 114 354 283 112 211 447 156 162 240 224 255 407 74 252 254 57 456 331 113 146 57 339 314 211 68 115 482 152 124 144 217 123 377 
415 0 456 86 443 256 77 242 288 480 167 421 141 265 50 73 313 277 410 368 365 231 229 216 172 414 413 58 192 330 383 196 482 457 258 214 207 444 456 430 179 315 453 358 367 336 445 364 98 133 
209 456 0 118 457 317 132 400 499 389 370 180 435 465 412 193 417 290 330 459 402 248 304 63 323 424 193 88 197 108 144 218 475 169 308 410 371 227 120 87 110 342 397 371 232 173 125 353 429 386 
186 86 118 0 472 72 409 308 369 235 456 205 161 225 202 394 121 214 179 58 226 497 184 324 335 356 284 162 271 187 288 104 111 334 66 112 440 97 265 434 210 334 80 262 263 101 106 315 270 264 
268 443 457 472 0 470 467 429 203 451 76 375 82 365 363 412 224 189 100 457 235 177 406 309 361 218 457 435 153 228 442 435 172 52 490 494 142 322 275 394 84 372 71 70 226 326 409 475 239 218 
470 256 317 72 470 0 231 180 454 358 93 174 141 444 367 164 118 405 333 488 354 96 195 296 409 100 388 469 412 255 281 366 96 480 88 414 410 100 337 236 145 246 453 298 243 127 458 361 427 415 
194 77 132 409 467 231 0 419 55 197 394 410 470 216 425 358 191 72 379 499 93 448 292 192 225 248 474 281 65 408 467 92 360 75 499 302 62 51 85 337 310 125 408 111 239 299 286 365 385 262 
247 242 400 308 429 180 419 0 239 267 273 244 436 364 210 136 297 275 157 352 408 403 363 477 393 86 126 127 265 331 403 157 486 74 123 137 203 284 51 422 446 97 445 290 258 412 499 86 299 468 
248 288 499 369 203 454 55 239 0 136 285 328 358 230 57 479 494 139 344 498 125 281 292 422 64 430 67 252 346 374 396 476 71 276 298 229 334 183 437 368 471 129 184 154 60 182 440 358 253 58 
278 480 389 235 451 358 197 267 136 0 500 363 312 136 86 301 107 323 164 134 395 205 495 345 391 70 329 238 484 423 53 438 297 133 240 333 172 220 197 183 220 85 248 323 276 236 145 484 111 404 
167 167 370 456 76 93 394 273 285 500 0 456 309 494 449 303 304 284 370 289 371 218 73 205 162 371 51 221 497 96 483 367 352 260 144 367 167 319 414 240 357 246 218 172 359 369 454 476 230 191 
80 421 180 205 375 174 410 244 328 363 456 0 232 385 148 99 286 188 245 336 61 99 230 225 338 290 117 433 423 426 318 458 480 485 315 111 455 267 464 293 500 218 119 204 407 97 450 325 307 260 
273 141 435 161 82 141 470 436 358 312 309 232 0 462 262 481 56 60 368 240 177 70 449 480 199 430 76 70 235 406 99 255 259 315 325 425 256 321 199 406 316 171 210 286 152 461 182 296 240 166 
182 265 465 225 365 444 216 364 230 136 494 385 462 0 385 145 402 136 467 349 238 326 277 110 408 95 87 238 441 299 409 173 231 67 73 160 133 70 197 329 350 259 213 377 237 437 499 95 482 428 
168 50 412 202 363 367 425 210 57 86 449 148 262 385 0 92 498 438 65 245 470 276 357 127 237 389 253 468 350 105 431 366 101 135 176 257 219 393 322 149 198 363 74 320 497 464 346 429 191 292 
456 73 193 394 412 164 358 136 479 301 303 99 481 145 92 0 391 131 144 276 392 462 496 478 382 200 304 71 374 348 104 185 394 430 386 415 329 406 426 411 84 349 212 161 224 308 266 190 86 183 
121 313 417 121 224 118 191 297 494 107 304 286 56 402 498 391 0 399 257 234 402 386 431 179 330 193 165 61 461 239 464 227 409 361 87 134 378 412 346 376 226 378 428 360 271 495 494 465 353 349 
114 277 290 214 189 405 72 275 139 323 284 188 60 136 438 131 399 0 230 51 458 75 467 369 81 51 494 495 87 405 278 85 344 355 196 260 394 77 112 204 384 217 143 305 284 256 73 478 378 301 
354 410 330 179 100 333 379 157 344 164 370 245 368 467 65 144 257 230 0 108 391 369 483 473 87 489 233 109 342 221 293 169 270 64 491 58 252 52 426 205 461 232 63 270 455 465 392 366 197 390 
283 368 459 58 457 488 499 352 498 134 289 336 240 349 245 276 234 51 108 0 253 218 136 410 261 98 417 265 483 199 368 471 135 314 268 367 420 77 273 323 199 133 150 82 248 175 161 441 198 441 
112 365 402 226 235 354 93 408 125 395 371 61 177 238 470 392 402 458 391 253 0 420 184 305 267 165 382 298 99 443 449 160 454 155 296 295 135 151 139 146 383 66 54 110 379 230 57 191 181 193 
211 231 248 497 177 96 448 403 281 205 218 99 70 326 276 462 386 75 369 218 420 0 81 421 354 432 383 431 92 62 199 325 94 475 144 225 185 276 150 494 380 436 383 87 104 384 99 499 379 151 
447 229 304 184 406 195 292 363 292 495 73 230 449 277 357 496 431 467 483 136 184 81 0 393 338 431 109 258 298 388 66 376 461 150 283 216 185 443 299 198 62 463 344 151 231 483 356 408 79 493 
156 216 63 324 309 296 192 477 422 345 205 225 480 110 127 478 179 369 473 410 305 421 393 0 245 201 139 237 70 248 218 176 129 398 85 92 391 84 96 269 195 496 464 397 251 153 291 353 499 354 
162 172 323 335 361 409 225 393 64 391 162 338 199 408 237 382 330 81 87 261 267 354 338 245 0 219 127 347 340 104 293 493 293 65 461 485 165 294 104 169 228 455 499 376 209 248 169 120 300 299 
240 414 424 356 218 100 248 86 430 70 371 290 430 95 389 200 193 51 489 98 165 432 431 201 219 0 158 346 228 185 264 168 335 82 143 227 124 221 295 480 413 296 166 172 275 304 440 471 143 351 
224 413 193 284 457 388 474 126 67 329 51 117 76 87 253 304 165 494 233 417 382 383 109 139 127 158 0 119 485 268 479 147 433 367 91 58 274 320 448 219 354 58 168 140 118 87 261 225 191 499 
255 58 88 162 435 469 281 127 252 238 221 433 70 238 468 71 61 495 109 265 298 431 258 237 347 346 119 0 283 150 429 471 470 153 310 306 209 225 236 474 177 119 484 366 417 339 106 348 467 184 
407 192 197 271 153 412 65 265 346 484 497 423 235 441 350 374 461 87 342 483 99 92 298 70 340 228 485 283 0 119 238 303 138 56 60 274 227 75 131 292 256 351 485 83 141 397 119 423 252 350 
74 330 108 187 228 255 408 331 374 423 96 426 406 299 105 348 239 405 221 199 443 62 388 248 104 185 268 150 119 0 129 335 268 142 467 233 67 251 169 213 143 223 159 288 108 133 398 302 263 435 
252 383 144 288 442 281 467 403 396 53 483 318 99 409 431 104 464 278 293 368 449 199 66 218 293 264 479 429 238 129 0 306 276 211 114 177 278 248 173 364 253 412 466 73 85 288 187 177 287 372 
254 196 218 104 435 366 92 157 476 438 367 458 255 173 366 185 227 85 169 471 160 325 376 176 493 168 147 471 303 335 306 0 352 218 97 94 79 290 176 313 173 370 99 271 450 471 420 346 326 433 
57 482 475 111 172 96 360 486 71 297 352 480 259 231 101 394 409 344 270 135 454 94 461 129 293 335 433 470 138 268 276 352 0 98 224 153 225 401 332 349 272 244 111 145 425 420 98 165 311 275 
456 457 169 334 52 480 75 74 276 133 260 485 315 67 135 430 361 355 64 314 155 475 150 398 65 82 367 153 56 142 211 218 98 0 372 294 148 181 451 401 313 253 119 150 475 168 470 237 215 257 
331 258 308 66 490 88 499 123 298 240 144 315 325 73 176 386 87 196 491 268 296 144 283 85 461 143 91 310 60 467 114 97 224 372 0 363 225 337 148 453 333 410 129 483 420 278 476 161 302 403 
113 214 410 112 494 414 302 137 229 333 367 111 425 160 257 415 134 260 58 367 295 225 216 92 485 227 58 306 274 233 177 94 153 294 363 0 73 222 313 449 63 115 339 372 357 452 458 346 257 443 
146 207 371 440 142 410 62 203 334 172 167 455 256 133 219 329 378 394 252 420 135 185 185 391 165 124 274 209 227 67 278 79 225 148 225 73 0 231 494 343 165 449 71 154 424 245 427 304 142 379 
57 444 227 97 322 100 51 284 183 220 319 267 321 70 393 406 412 77 52 77 151 276 443 84 294 221 320 225 75 251 248 290 401 181 337 222 231 0 183 290 349 485 244 94 158 284 261 476 393 164 
339 456 120 265 275 337 85 51 437 197 414 464 199 197 322 426 346 112 426 273 139 150 299 96 104 295 448 236 131 169 173 176 332 451 148 313 494 183 0 370 459 162 284 161 322 119 212 382 262 167 
314 430 87 434 394 236 337 422 368 183 240 293 406 329 149 411 376 204 205 323 146 494 198 269 169 480 219 474 292 213 364 313 349 401 453 449 343 290 370 0 135 284 205 258 434 377 122 161 345 387 
211 179 110 210 84 145 310 446 471 220 357 500 316 350 198 84 226 384 461 199 383 380 62 195 228 413 354 177 256 143 253 173 272 313 333 63 165 349 459 135 0 276 442 367 141 470 357 215 455 274 
68 315 342 334 372 246 125 97 129 85 246 218 171 259 363 349 378 217 232 133 66 436 463 496 455 296 58 119 351 223 412 370 244 253 410 115 449 485 162 284 276 0 208 490 387 438 165 358 442 308 
115 453 397 80 71 453 408 445 184 248 218 119 210 213 74 212 428 143 63 150 54 383 344 464 499 166 168 484 485 159 466 99 111 119 129 339 71 244 284 205 442 208 0 413 340 424 278 437 359 353 
482 358 371 262 70 298 111 290 154 323 172 204 286 377 320 161 360 305 270 82 110 87 151 397 376 172 140 366 83 288 73 271 145 150 483 372 154 94 161 258 367 490 413 0 243 431 245 217 194 146 
152 367 232 263 226 243 239 258 60 276 359 407 152 237 497 224 271 284 455 248 379 104 231 251 209 275 118 417 141 108 85 450 425 475 420 357 424 158 322 434 141 387 340 243 0 131 371 159 179 442 
124 336 173 101 326 127 299 412 182 236 369 97 461 437 464 308 495 256 465 175 230 384 483 153 248 304 87 339 397 133 288 471 420 168 278 452 245 284 119 377 470 438 424 431 131 0 123 365 500 352 
144 445 125 106 409 458 286 499 440 145 454 450 182 499 346 266 494 73 392 161 57 99 356 291 169 440 261 106 119 398 187 420 98 470 476 458 427 261 212 122 357 165 278 245 371 123 0 113 437 280 
217 364 353 315 475 361 365 86 358 484 476 325 296 95 429 190 465 478 366 441 191 499 408 353 120 471 225 348 423 302 177 346 165 237 161 346 304 476 382 161 215 358 437 217 159 365 113 0 482 290 
123 98 429 270 239 427 385 299 253 111 230 307 240 482 191 86 353 378 197 198 181 379 79 499 300 143 191 467 252 263 287 326 311 215 302 257 142 393 262 345 455 442 359 194 179 500 437 482 0 152 
377 133 386 264 218 415 262 468 58 404 191 260 166 428 292 183 349 301 390 441 193 151 493 354 299 351 499 184 350 435 372 433 275 257 403 443 379 164 167 387 274 308 353 146 442 352 280 290 152 0 

759.75 0 32
759.75 1 17
759.75 2 9
759.75 3 1
759.75 4 14
759.75 5 32
759.75 6 45
759.75 7 14
759.75 8 2
759.75 9 4
759.75 10 16
759.75 11 36
759.75 12 0
759.75 13 48
759.75 14 15
759.75 15 41
759.75 16 39
759.75 17 3
759.75 18 36
759.75 19 11
759.75 20 6
759.75 21 40
759.75 22 36
759.75 23 21
759.75 24 11
759.75 25 42
759.75 26 47
759.75 27 40
759.75 28 20
759.75 29 8
759.75 30 48
759.75 31 9
759.75 32 30
759.75 33 14
759.75 34 10
759.75 35 44
759.75 36 2
759.75 37 11
759.75 38 9
759.75 39 4
759.75 40 20
759.75 41 25
759.75 42 45
759.75 43 21
759.75 44 29
759.75 45 16
759.75 46 18
759.75 47 19
759.75 48 19
759.75 49 5
