50 50 3 245

0.25 0 3
0.25 0 4
0.25 0 7
0.25 0 9
0.25 0 31
0.25 0 34
0.25 0 36
0.25 0 37
0.25 0 39
0.25 0 48
0.25 1 6
0.25 1 13
0.25 1 16
0.25 1 17
0.25 1 18
0.25 1 19
0.25 1 32
0.25 1 34
0.25 1 38
0.25 1 39
0.25 1 40
0.25 1 41
0.25 1 46
0.25 1 47
0.25 2 4
0.25 2 5
0.25 2 28
0.25 2 29
0.25 2 31
0.25 2 36
0.25 2 40
0.25 2 43
0.25 2 45
0.25 2 49
0.25 3 14
0.25 3 23
0.25 3 25
0.25 3 30
0.25 3 34
0.25 3 35
0.25 3 36
0.25 3 37
0.25 3 49
0.25 4 5
0.25 4 13
0.25 4 44
0.25 4 48
0.25 5 7
0.25 5 12
0.25 5 20
0.25 5 25
0.25 5 31
0.25 5 38
0.25 5 41
0.25 5 42
0.25 5 46
0.25 6 10
0.25 6 16
0.25 6 22
0.25 6 33
0.25 6 34
0.25 6 45
0.25 6 48
0.25 7 22
0.25 7 29
0.25 7 30
0.25 7 32
0.25 7 41
0.25 8 14
0.25 8 21
0.25 8 23
0.25 8 24
0.25 8 31
0.25 8 36
0.25 8 42
0.25 8 44
0.25 9 11
0.25 9 17
0.25 9 18
0.25 9 20
0.25 9 23
0.25 9 33
0.25 9 42
0.25 9 47
0.25 9 48
0.25 9 49
0.25 10 12
0.25 10 13
0.25 10 22
0.25 10 25
0.25 10 30
0.25 10 31
0.25 10 32
0.25 10 35
0.25 10 38
0.25 10 40
0.25 10 48
0.25 10 49
0.25 11 19
0.25 11 22
0.25 11 24
0.25 11 25
0.25 11 31
0.25 11 40
0.25 11 49
0.25 12 16
0.25 12 18
0.25 12 19
0.25 12 20
0.25 12 22
0.25 12 23
0.25 12 28
0.25 12 46
0.25 12 47
0.25 13 16
0.25 13 21
0.25 13 23
0.25 13 24
0.25 13 31
0.25 13 32
0.25 13 35
0.25 13 41
0.25 13 44
0.25 13 47
0.25 14 16
0.25 14 20
0.25 14 21
0.25 14 22
0.25 14 25
0.25 14 26
0.25 14 32
0.25 14 46
0.25 14 48
0.25 15 16
0.25 15 24
0.25 15 31
0.25 15 33
0.25 15 42
0.25 15 43
0.25 16 21
0.25 16 26
0.25 16 27
0.25 16 29
0.25 16 30
0.25 16 37
0.25 16 48
0.25 17 37
0.25 17 43
0.25 17 45
0.25 18 19
0.25 18 25
0.25 18 32
0.25 18 36
0.25 19 21
0.25 19 29
0.25 19 30
0.25 19 33
0.25 19 47
0.25 20 30
0.25 20 33
0.25 20 36
0.25 20 42
0.25 20 43
0.25 20 45
0.25 20 48
0.25 21 26
0.25 21 27
0.25 21 32
0.25 21 33
0.25 21 39
0.25 21 42
0.25 21 44
0.25 22 28
0.25 22 34
0.25 22 36
0.25 23 24
0.25 23 36
0.25 23 42
0.25 23 44
0.25 23 49
0.25 24 25
0.25 24 30
0.25 24 33
0.25 24 34
0.25 24 35
0.25 24 37
0.25 24 38
0.25 24 42
0.25 24 43
0.25 24 47
0.25 25 27
0.25 25 37
0.25 26 35
0.25 26 39
0.25 26 49
0.25 27 44
0.25 27 45
0.25 28 30
0.25 28 43
0.25 28 49
0.25 29 30
0.25 29 35
0.25 29 36
0.25 29 39
0.25 29 43
0.25 29 45
0.25 29 46
0.25 30 37
0.25 30 38
0.25 30 47
0.25 31 34
0.25 31 42
0.25 31 47
0.25 31 49
0.25 32 34
0.25 32 37
0.25 33 48
0.25 33 49
0.25 34 35
0.25 34 38
0.25 34 41
0.25 34 47
0.25 35 40
0.25 35 46
0.25 35 47
0.25 36 41
0.25 37 39
0.25 37 40
0.25 37 43
0.25 37 46
0.25 38 42
0.25 38 47
0.25 39 44
0.25 39 47
0.25 40 42
0.25 40 44
0.25 40 47
0.25 40 49
0.25 41 48
0.25 42 43
0.25 42 47
0.25 43 48
0.25 44 45
0.25 44 47
0.25 44 49

0 88 340 277 134 130 408 396 461 429 361 151 481 163 116 110 56 261 152 307 358 93 145 354 101 367 336 421 473 484 422 94 150 204 219 108 408 262 311 234 129 204 356 268 456 63 270 398 462 289 
88 0 186 260 178 299 87 375 334 323 302 437 428 472 500 473 153 342 73 330 362 417 380 356 86 348 255 189 260 385 460 290 122 356 142 139 459 435 179 490 414 99 255 191 57 231 186 412 264 75 
340 186 0 499 341 329 210 197 87 475 468 472 127 286 257 162 173 215 197 219 368 404 336 474 219 352 146 342 158 156 302 422 257 216 410 199 74 358 184 283 351 142 314 72 129 392 406 384 191 486 
277 260 499 0 330 170 195 346 255 269 71 325 211 238 458 193 56 404 439 228 320 469 237 159 335 410 455 322 408 212 62 102 202 492 479 208 173 382 155 470 328 432 412 393 462 471 244 208 50 372 
134 178 341 330 0 137 401 488 173 153 448 154 403 126 499 343 116 184 285 496 174 255 411 434 221 320 456 455 180 145 115 58 131 305 86 240 112 121 361 305 63 304 178 384 88 335 373 468 326 189 
130 299 329 170 137 0 378 220 224 104 369 61 437 91 60 134 337 299 274 398 420 404 300 55 390 94 194 177 297 264 220 487 243 103 393 282 420 220 156 122 403 296 109 143 353 327 449 330 303 113 
408 87 210 195 401 378 0 224 483 274 399 119 265 188 194 185 54 296 420 488 150 174 325 405 446 228 321 283 250 120 157 479 180 238 149 251 382 337 90 314 467 213 61 346 303 181 342 423 453 132 
396 375 197 346 488 220 224 0 140 188 99 115 177 378 182 287 127 422 422 419 283 448 302 244 262 128 303 307 208 275 329 166 247 483 151 266 266 79 310 414 55 258 444 195 101 188 355 315 381 214 
461 334 87 255 173 224 483 140 0 224 450 184 331 193 137 210 481 216 195 409 440 342 252 311 450 130 496 338 458 61 497 71 472 171 377 154 170 55 329 74 469 142 312 465 493 58 210 338 125 372 
429 323 475 269 153 104 274 188 224 0 302 500 196 331 356 227 187 229 255 258 66 114 330 256 58 153 437 238 133 76 139 476 362 359 337 189 186 138 159 419 477 258 258 349 147 401 418 278 440 487 
361 302 468 71 448 369 399 99 450 302 0 97 244 105 85 425 421 102 106 191 106 171 345 330 235 413 330 452 442 190 96 462 415 485 320 52 155 232 286 219 278 82 392 436 359 125 139 412 274 117 
151 437 472 325 154 61 119 115 184 500 97 0 132 224 280 295 336 217 102 426 363 407 168 146 316 301 297 159 265 469 72 325 296 237 373 447 456 473 316 249 369 54 396 392 253 335 361 273 458 416 
481 428 127 211 403 437 265 177 331 196 244 132 0 191 327 126 429 305 124 339 80 182 233 443 442 249 371 248 422 366 486 254 116 219 439 494 252 435 133 393 71 70 389 252 367 319 219 55 426 437 
163 472 286 238 126 91 188 378 193 331 105 224 191 0 419 463 201 271 403 294 386 245 69 240 240 115 408 203 386 338 272 447 361 289 80 305 336 243 345 346 255 350 349 344 472 83 275 105 438 332 
116 500 257 458 499 60 194 182 137 356 85 280 327 419 0 106 163 273 313 450 81 226 129 397 220 269 133 95 216 440 145 303 305 152 343 390 95 467 403 433 204 423 175 421 302 429 103 403 416 421 
110 473 162 193 343 134 185 287 210 227 425 295 126 463 106 0 347 67 417 243 258 306 136 267 393 199 474 77 287 494 323 349 415 54 148 129 202 363 246 286 281 296 487 300 418 197 193 484 271 357 
56 153 173 56 116 337 54 127 481 187 421 336 429 201 163 347 0 131 324 439 137 372 401 492 51 123 76 450 133 223 418 269 336 264 303 116 467 476 398 115 248 149 121 81 458 206 141 226 268 445 
261 342 215 404 184 299 296 422 216 229 102 217 305 271 273 67 131 0 424 234 185 82 284 148 426 454 141 173 369 362 138 220 475 210 237 475 140 488 99 59 140 109 453 274 154 268 308 218 463 427 
152 73 197 439 285 274 420 422 195 255 106 102 124 403 313 417 324 424 0 467 452 88 185 304 222 465 430 191 88 280 496 438 352 66 135 140 305 475 225 273 339 496 312 342 436 481 311 123 275 310 
307 330 219 228 496 398 488 419 409 258 191 426 339 294 450 243 439 234 467 0 55 311 221 92 147 64 141 83 367 307 280 471 306 395 104 244 288 353 475 194 324 247 372 306 211 337 350 89 66 116 
358 362 368 320 174 420 150 283 440 66 106 363 80 386 81 258 137 185 452 55 0 99 405 473 124 401 360 146 75 438 125 450 425 281 134 425 428 380 176 95 413 449 297 434 147 392 240 356 133 384 
93 417 404 469 255 404 174 448 342 114 171 407 182 245 226 306 372 82 88 311 99 0 91 243 169 391 128 217 211 75 58 62 120 302 305 339 76 407 477 478 313 134 291 138 231 482 57 161 408 143 
145 380 336 237 411 300 325 302 252 330 345 168 233 69 129 136 401 284 185 221 405 91 0 319 494 407 214 174 57 173 217 480 285 398 178 153 314 103 394 129 318 180 220 101 63 262 141 452 128 107 
354 356 474 159 434 55 405 244 311 256 330 146 443 240 397 267 492 148 304 92 473 243 319 0 98 402 70 75 315 463 150 166 297 219 244 322 406 197 63 260 212 251 196 261 230 125 58 105 54 488 
101 86 219 335 221 390 446 262 450 58 235 316 442 240 220 393 51 426 222 147 124 169 494 98 0 316 92 309 64 443 389 369 439 367 249 131 378 272 371 493 276 73 201 270 120 285 356 116 74 200 
367 348 352 410 320 94 228 128 130 153 413 301 249 115 269 199 123 454 465 64 401 391 407 402 316 0 229 240 225 388 386 368 359 159 410 64 393 371 280 436 93 392 79 163 419 445 147 281 102 469 
336 255 146 455 456 194 321 303 496 437 330 297 371 408 133 474 76 141 430 141 360 128 214 70 92 229 0 360 195 277 299 258 55 238 191 76 433 371 129 107 187 273 342 99 252 95 228 394 198 273 
421 189 342 322 455 177 283 307 338 238 452 159 248 203 95 77 450 173 191 83 146 217 174 75 309 240 360 0 296 457 276 167 313 282 85 271 494 302 330 370 494 121 238 345 388 186 71 383 197 402 
473 260 158 408 180 297 250 208 458 133 442 265 422 386 216 287 133 369 88 367 75 211 57 315 64 225 195 296 0 112 369 350 208 241 205 352 110 419 499 116 148 119 354 279 172 486 438 486 338 295 
484 385 156 212 145 264 120 275 61 76 190 469 366 338 440 494 223 362 280 307 438 75 173 463 443 388 277 457 112 0 463 126 131 337 499 373 159 181 228 268 182 93 92 145 173 475 424 457 451 73 
422 460 302 62 115 220 157 329 497 139 96 72 486 272 145 323 418 138 496 280 125 58 217 150 389 386 299 276 369 463 0 336 148 296 190 77 318 395 458 287 382 345 275 67 339 160 478 458 265 127 
94 290 422 102 58 487 479 166 71 476 462 325 254 447 303 349 269 220 438 471 450 62 480 166 369 368 258 167 350 126 336 0 64 151 130 410 224 180 65 300 227 480 209 254 334 255 414 139 299 83 
150 122 257 202 131 243 180 247 472 362 415 296 116 361 305 415 336 475 352 306 425 120 285 297 439 359 55 313 208 131 148 64 0 399 347 218 324 115 357 257 303 349 297 494 180 412 316 124 421 305 
204 356 216 492 305 103 238 483 171 359 485 237 219 289 152 54 264 210 66 395 281 302 398 219 367 159 238 282 241 337 296 151 399 0 100 226 342 252 348 276 440 193 89 89 418 258 384 341 407 112 
219 142 410 479 86 393 149 151 377 337 320 373 439 80 343 148 303 237 135 104 134 305 178 244 249 410 191 85 205 499 190 130 347 100 0 324 103 268 171 476 261 411 121 146 295 225 364 54 55 162 
108 139 199 208 240 282 251 266 154 189 52 447 494 305 390 129 116 475 140 244 425 339 153 322 131 64 76 271 352 373 77 410 218 226 324 0 142 393 424 268 316 360 425 377 426 247 188 298 246 200 
408 459 74 173 112 420 382 266 170 186 155 456 252 336 95 202 467 140 305 288 428 76 314 406 378 393 433 494 110 159 318 224 324 342 103 142 0 422 210 348 98 195 355 390 478 85 332 170 416 382 
262 435 358 382 121 220 337 79 55 138 232 473 435 243 467 363 476 488 475 353 380 407 103 197 272 371 371 302 419 181 395 180 115 252 268 393 422 0 418 496 228 330 132 198 304 112 206 427 458 244 
311 179 184 155 361 156 90 310 329 159 286 316 133 345 403 246 398 99 225 475 176 477 394 63 371 280 129 330 499 228 458 65 357 348 171 424 210 418 0 182 321 117 125 72 477 141 493 112 334 364 
234 490 283 470 305 122 314 414 74 419 219 249 393 346 433 286 115 59 273 194 95 478 129 260 493 436 107 370 116 268 287 300 257 276 476 268 348 496 182 0 273 495 166 110 470 300 249 215 491 254 
129 414 351 328 63 403 467 55 469 477 278 369 71 255 204 281 248 140 339 324 413 313 318 212 276 93 187 494 148 182 382 227 303 440 261 316 98 228 321 273 0 87 96 254 401 220 330 411 398 438 
204 99 142 432 304 296 213 258 142 258 82 54 70 350 423 296 149 109 496 247 449 134 180 251 73 392 273 121 119 93 345 480 349 193 411 360 195 330 117 495 87 0 467 214 91 216 132 474 107 431 
356 255 314 412 178 109 61 444 312 258 392 396 389 349 175 487 121 453 312 372 297 291 220 196 201 79 342 238 354 92 275 209 297 89 121 425 355 132 125 166 96 467 0 452 223 341 316 194 205 169 
268 191 72 393 384 143 346 195 465 349 436 392 252 344 421 300 81 274 342 306 434 138 101 261 270 163 99 345 279 145 67 254 494 89 146 377 390 198 72 110 254 214 452 0 475 489 499 172 79 374 
456 57 129 462 88 353 303 101 493 147 359 253 367 472 302 418 458 154 436 211 147 231 63 230 120 419 252 388 172 173 339 334 180 418 295 426 478 304 477 470 401 91 223 475 0 250 113 79 251 470 
63 231 392 471 335 327 181 188 58 401 125 335 319 83 429 197 206 268 481 337 392 482 262 125 285 445 95 186 486 475 160 255 412 258 225 247 85 112 141 300 220 216 341 489 250 0 369 96 120 90 
270 186 406 244 373 449 342 355 210 418 139 361 219 275 103 193 141 308 311 350 240 57 141 58 356 147 228 71 438 424 478 414 316 384 364 188 332 206 493 249 330 132 316 499 113 369 0 362 300 438 
398 412 384 208 468 330 423 315 338 278 412 273 55 105 403 484 226 218 123 89 356 161 452 105 116 281 394 383 486 457 458 139 124 341 54 298 170 427 112 215 411 474 194 172 79 96 362 0 470 414 
462 264 191 50 326 303 453 381 125 440 274 458 426 438 416 271 268 463 275 66 133 408 128 54 74 102 198 197 338 451 265 299 421 407 55 246 416 458 334 491 398 107 205 79 251 120 300 470 0 223 
289 75 486 372 189 113 132 214 372 487 117 416 437 332 421 357 445 427 310 116 384 143 107 488 200 469 273 402 295 73 127 83 305 112 162 200 382 244 364 254 438 431 169 374 470 90 438 414 223 0 

973.83 0 5
973.83 1 2
973.83 2 8
973.83 3 47
973.83 4 31
973.83 5 29
973.83 6 8
973.83 7 42
973.83 8 21
973.83 9 20
973.83 10 2
973.83 11 26
973.83 12 4
973.83 13 25
973.83 14 26
973.83 15 13
973.83 16 9
973.83 17 35
973.83 18 23
973.83 19 20
973.83 20 26
973.83 21 47
973.83 22 35
973.83 23 6
973.83 24 39
973.83 25 13
973.83 26 12
973.83 27 14
973.83 28 10
973.83 29 20
973.83 30 14
973.83 31 20
973.83 32 22
973.83 33 23
973.83 34 18
973.83 35 9
973.83 36 8
973.83 37 27
973.83 38 7
973.83 39 29
973.83 40 3
973.83 41 14
973.83 42 12
973.83 43 8
973.83 44 40
973.83 45 38
973.83 46 26
973.83 47 0
973.83 48 24
973.83 49 0
