40 40 4 156

0.3 0 1
0.3 0 6
0.3 0 8
0.3 0 19
0.3 0 22
0.3 0 23
0.3 0 39
0.3 1 2
0.3 1 3
0.3 1 10
0.3 1 14
0.3 1 22
0.3 1 29
0.3 1 35
0.3 1 37
0.3 1 38
0.3 2 9
0.3 2 10
0.3 2 20
0.3 2 21
0.3 2 22
0.3 2 26
0.3 2 32
0.3 2 36
0.3 3 10
0.3 3 16
0.3 3 19
0.3 3 21
0.3 3 27
0.3 3 30
0.3 3 32
0.3 3 37
0.3 4 6
0.3 4 16
0.3 4 20
0.3 4 21
0.3 4 24
0.3 4 27
0.3 4 29
0.3 5 8
0.3 5 10
0.3 5 30
0.3 5 31
0.3 5 37
0.3 5 38
0.3 5 39
0.3 6 12
0.3 6 14
0.3 6 15
0.3 6 22
0.3 6 24
0.3 6 25
0.3 6 26
0.3 6 29
0.3 6 37
0.3 7 14
0.3 7 15
0.3 7 20
0.3 7 28
0.3 7 30
0.3 7 31
0.3 7 35
0.3 7 36
0.3 8 23
0.3 8 24
0.3 9 13
0.3 9 25
0.3 9 29
0.3 9 35
0.3 9 39
0.3 10 16
0.3 10 21
0.3 10 22
0.3 10 25
0.3 10 26
0.3 10 28
0.3 10 29
0.3 10 31
0.3 11 19
0.3 11 20
0.3 11 34
0.3 11 37
0.3 12 18
0.3 12 23
0.3 12 25
0.3 12 28
0.3 12 31
0.3 12 32
0.3 12 35
0.3 13 17
0.3 13 27
0.3 13 30
0.3 13 31
0.3 13 38
0.3 14 18
0.3 14 21
0.3 14 31
0.3 14 36
0.3 14 39
0.3 15 20
0.3 15 26
0.3 15 30
0.3 15 37
0.3 16 18
0.3 16 22
0.3 16 28
0.3 16 32
0.3 16 39
0.3 17 20
0.3 17 21
0.3 17 23
0.3 17 25
0.3 17 34
0.3 17 38
0.3 18 26
0.3 18 31
0.3 18 38
0.3 19 28
0.3 21 28
0.3 21 32
0.3 22 24
0.3 22 28
0.3 23 27
0.3 23 28
0.3 23 33
0.3 23 34
0.3 24 27
0.3 24 29
0.3 24 30
0.3 24 33
0.3 24 36
0.3 24 39
0.3 25 27
0.3 25 32
0.3 25 36
0.3 26 27
0.3 26 28
0.3 27 30
0.3 27 35
0.3 27 39
0.3 28 31
0.3 28 32
0.3 28 34
0.3 29 30
0.3 29 33
0.3 30 31
0.3 30 32
0.3 30 34
0.3 30 38
0.3 31 35
0.3 31 37
0.3 32 33
0.3 32 36
0.3 32 39
0.3 36 37
0.3 36 39

0 87 425 105 209 399 275 277 465 50 201 126 334 339 331 209 182 152 203 480 230 354 457 263 220 66 80 403 343 348 344 241 428 232 456 139 190 298 470 119 
87 0 410 123 202 70 136 324 63 229 277 350 297 271 401 196 370 90 142 396 484 486 329 153 395 348 300 465 296 303 262 144 203 439 386 382 165 416 181 50 
425 410 0 388 355 459 103 303 498 420 489 409 480 411 345 428 478 359 383 247 103 318 124 386 318 188 246 100 440 161 250 247 299 81 477 429 372 60 98 448 
105 123 388 0 195 172 139 277 52 111 462 431 461 155 154 254 289 356 491 313 495 384 183 202 208 71 478 435 78 397 353 197 331 88 488 142 385 349 151 474 
209 202 355 195 0 364 121 53 439 131 366 315 114 382 197 241 422 281 78 396 376 187 454 147 376 214 449 294 198 98 374 447 150 270 90 355 463 137 398 149 
399 70 459 172 364 0 236 496 163 74 316 422 317 53 145 198 131 264 155 53 204 85 475 227 222 101 209 131 160 307 353 120 125 326 486 177 401 365 214 257 
275 136 103 139 121 236 0 355 314 131 404 428 241 452 194 164 436 226 473 394 203 262 462 84 471 309 495 234 336 181 401 257 87 449 297 495 408 248 403 432 
277 324 303 277 53 496 355 0 268 296 142 73 403 295 201 346 66 127 371 182 443 429 132 499 331 140 53 490 132 453 180 103 410 58 267 245 448 346 433 378 
465 63 498 52 439 163 314 268 0 403 140 116 112 336 124 79 482 500 452 226 407 294 476 420 191 203 103 108 404 417 485 457 82 310 249 140 101 484 412 145 
50 229 420 111 131 74 131 296 403 0 414 90 144 301 154 374 343 307 315 485 402 168 422 247 330 126 272 390 173 467 109 241 485 227 196 78 221 426 59 387 
201 277 489 462 366 316 404 142 140 414 0 93 103 410 265 297 347 130 185 358 124 80 436 328 423 298 424 405 72 291 304 162 72 57 184 72 148 267 405 307 
126 350 409 431 315 422 428 73 116 90 93 0 339 266 391 80 136 80 395 79 221 230 461 494 100 78 361 309 149 76 451 260 499 399 257 486 192 409 149 303 
334 297 480 461 114 317 241 403 112 144 103 339 0 115 346 209 108 466 453 202 382 358 239 380 428 54 80 149 438 139 350 398 383 417 328 445 52 94 103 119 
339 271 411 155 382 53 452 295 336 301 410 266 115 0 167 98 237 385 117 61 227 134 319 281 356 476 63 458 168 313 330 462 484 58 328 107 169 329 252 304 
331 401 345 154 197 145 194 201 124 154 265 391 346 167 0 440 188 226 253 172 419 432 354 224 134 115 63 288 53 175 297 297 51 426 395 201 228 492 72 174 
209 196 428 254 241 198 164 346 79 374 297 80 209 98 440 0 432 354 493 291 194 233 482 97 426 403 156 72 247 77 162 194 76 438 417 141 421 157 388 427 
182 370 478 289 422 131 436 66 482 343 347 136 108 237 188 432 0 462 182 258 122 288 80 119 275 305 311 318 267 188 212 331 70 432 85 332 426 472 455 171 
152 90 359 356 281 264 226 127 500 307 130 80 466 385 226 354 462 0 315 407 178 134 282 199 331 489 92 318 217 385 324 215 216 383 216 314 413 481 223 273 
203 142 383 491 78 155 473 371 452 315 185 395 453 117 253 493 182 315 0 396 294 382 275 469 460 453 161 292 485 481 56 224 251 51 196 330 356 338 452 207 
480 396 247 313 396 53 394 182 226 485 358 79 202 61 172 291 258 407 396 0 254 402 405 55 475 232 286 332 496 161 303 337 114 115 67 419 377 141 477 236 
230 484 103 495 376 204 203 443 407 402 124 221 382 227 419 194 122 178 294 254 0 487 313 366 417 100 157 181 241 308 60 468 184 73 163 100 113 424 291 122 
354 486 318 384 187 85 262 429 294 168 80 230 358 134 432 233 288 134 382 402 487 0 455 414 448 293 270 102 58 465 168 234 191 483 483 234 437 128 165 209 
457 329 124 183 454 475 462 132 476 422 436 461 239 319 354 482 80 282 275 405 313 455 0 80 199 365 298 130 287 157 111 211 275 447 137 435 490 497 151 137 
263 153 386 202 147 227 84 499 420 247 328 494 380 281 224 97 119 199 469 55 366 414 80 0 464 326 352 499 279 500 475 285 175 336 286 452 230 445 367 242 
220 395 318 208 376 222 471 331 191 330 423 100 428 356 134 426 275 331 460 475 417 448 199 464 0 123 222 95 189 229 482 415 106 363 198 445 170 113 149 143 
66 348 188 71 214 101 309 140 203 126 298 78 54 476 115 403 305 489 453 232 100 293 365 326 123 0 480 237 96 150 317 192 174 173 310 375 236 71 74 413 
80 300 246 478 449 209 495 53 103 272 424 361 80 63 63 156 311 92 161 286 157 270 298 352 222 480 0 268 359 278 410 101 227 216 195 407 291 118 359 411 
403 465 100 435 294 131 234 490 108 390 405 309 149 458 288 72 318 318 292 332 181 102 130 499 95 237 268 0 187 369 338 325 381 223 260 411 198 214 349 179 
343 296 440 78 198 160 336 132 404 173 72 149 438 168 53 247 267 217 485 496 241 58 287 279 189 96 359 187 0 403 301 237 361 409 441 233 71 419 52 98 
348 303 161 397 98 307 181 453 417 467 291 76 139 313 175 77 188 385 481 161 308 465 157 500 229 150 278 369 403 0 278 353 79 356 249 247 279 370 194 293 
344 262 250 353 374 353 401 180 485 109 304 451 350 330 297 162 212 324 56 303 60 168 111 475 482 317 410 338 301 278 0 102 189 424 467 354 75 277 414 116 
241 144 247 197 447 120 257 103 457 241 162 260 398 462 297 194 331 215 224 337 468 234 211 285 415 192 101 325 237 353 102 0 495 348 152 322 418 423 228 167 
428 203 299 331 150 125 87 410 82 485 72 499 383 484 51 76 70 216 251 114 184 191 275 175 106 174 227 381 361 79 189 495 0 50 341 335 151 493 326 50 
232 439 81 88 270 326 449 58 310 227 57 399 417 58 426 438 432 383 51 115 73 483 447 336 363 173 216 223 409 356 424 348 50 0 444 489 398 494 219 270 
456 386 477 488 90 486 297 267 249 196 184 257 328 328 395 417 85 216 196 67 163 483 137 286 198 310 195 260 441 249 467 152 341 444 0 171 302 272 85 347 
139 382 429 142 355 177 495 245 140 78 72 486 445 107 201 141 332 314 330 419 100 234 435 452 445 375 407 411 233 247 354 322 335 489 171 0 113 129 430 149 
190 165 372 385 463 401 408 448 101 221 148 192 52 169 228 421 426 413 356 377 113 437 490 230 170 236 291 198 71 279 75 418 151 398 302 113 0 115 383 478 
298 416 60 349 137 365 248 346 484 426 267 409 94 329 492 157 472 481 338 141 424 128 497 445 113 71 118 214 419 370 277 423 493 494 272 129 115 0 438 279 
470 181 98 151 398 214 403 433 412 59 405 149 103 252 72 388 455 223 452 477 291 165 151 367 149 74 359 349 52 194 414 228 326 219 85 430 383 438 0 234 
119 50 448 474 149 257 432 378 145 387 307 303 119 304 174 427 171 273 207 236 122 209 137 242 143 413 411 179 98 293 116 167 50 270 347 149 478 279 234 0 

805.2 0 23
805.2 1 10
805.2 2 16
805.2 3 17
805.2 4 5
805.2 5 11
805.2 6 1
805.2 7 12
805.2 8 35
805.2 9 13
805.2 10 35
805.2 11 4
805.2 12 13
805.2 13 15
805.2 14 8
805.2 15 38
805.2 16 3
805.2 17 36
805.2 18 20
805.2 19 11
805.2 20 17
805.2 21 27
805.2 22 27
805.2 23 10
805.2 24 29
805.2 25 3
805.2 26 37
805.2 27 17
805.2 28 36
805.2 29 20
805.2 30 29
805.2 31 20
805.2 32 30
805.2 33 6
805.2 34 37
805.2 35 23
805.2 36 6
805.2 37 38
805.2 38 35
805.2 39 2
