50 50 4 122

0.3 0 11
0.3 0 18
0.3 0 25
0.3 0 42
0.3 0 45
0.3 1 26
0.3 1 31
0.3 1 32
0.3 1 39
0.3 1 45
0.3 2 3
0.3 2 9
0.3 2 23
0.3 2 31
0.3 3 17
0.3 3 20
0.3 3 23
0.3 3 26
0.3 4 23
0.3 4 28
0.3 4 29
0.3 4 32
0.3 4 34
0.3 5 15
0.3 5 16
0.3 5 18
0.3 5 27
0.3 5 28
0.3 5 39
0.3 6 42
0.3 7 21
0.3 7 22
0.3 7 45
0.3 8 14
0.3 8 16
0.3 8 32
0.3 9 17
0.3 9 20
0.3 9 28
0.3 9 34
0.3 9 38
0.3 12 13
0.3 12 16
0.3 12 33
0.3 12 36
0.3 12 47
0.3 12 49
0.3 13 18
0.3 13 24
0.3 13 36
0.3 13 44
0.3 13 47
0.3 14 27
0.3 14 31
0.3 14 46
0.3 14 47
0.3 15 18
0.3 15 22
0.3 15 23
0.3 15 37
0.3 15 42
0.3 15 44
0.3 16 46
0.3 16 47
0.3 16 48
0.3 17 22
0.3 17 27
0.3 17 30
0.3 17 47
0.3 18 38
0.3 18 46
0.3 18 49
0.3 19 27
0.3 19 29
0.3 19 30
0.3 19 33
0.3 19 38
0.3 19 46
0.3 20 23
0.3 20 34
0.3 21 30
0.3 21 39
0.3 22 33
0.3 22 38
0.3 23 29
0.3 23 30
0.3 24 36
0.3 24 40
0.3 24 44
0.3 25 38
0.3 25 40
0.3 25 43
0.3 26 35
0.3 26 36
0.3 26 40
0.3 26 44
0.3 27 29
0.3 28 35
0.3 28 37
0.3 28 38
0.3 28 47
0.3 29 30
0.3 29 48
0.3 30 38
0.3 30 41
0.3 31 32
0.3 31 38
0.3 33 35
0.3 33 49
0.3 35 47
0.3 37 42
0.3 37 44
0.3 38 44
0.3 39 45
0.3 40 45
0.3 40 46
0.3 42 46
0.3 43 45
0.3 44 45
0.3 46 47
0.3 46 49
0.3 47 48

0 474 261 187 146 412 191 238 457 263 299 194 194 378 264 497 205 109 326 406 119 428 207 261 253 131 424 311 489 335 169 84 378 53 182 417 203 111 171 387 360 291 391 373 70 365 226 140 455 417 
474 0 464 121 285 113 248 432 446 176 468 240 112 497 193 67 249 341 498 406 469 321 445 271 499 116 433 384 263 437 246 55 201 118 358 58 281 218 54 237 313 98 459 350 88 295 97 319 458 322 
261 464 0 174 357 311 464 100 419 269 310 107 451 194 477 173 346 238 466 442 82 302 474 375 328 287 131 209 117 197 448 50 156 423 385 260 350 369 482 349 69 480 139 109 189 58 482 261 259 180 
187 121 174 0 428 224 223 109 186 120 263 342 169 293 180 50 348 109 58 484 214 323 440 224 133 79 179 231 56 323 106 482 116 472 92 327 348 57 468 75 423 203 411 187 173 339 341 404 347 500 
146 285 357 428 0 410 400 186 207 310 397 196 389 343 493 395 432 235 300 432 263 234 463 493 394 50 443 335 73 200 394 111 469 324 78 164 323 340 344 443 498 365 271 194 50 119 202 136 475 348 
412 113 311 224 410 0 378 454 383 181 416 53 260 486 301 169 232 358 405 458 432 143 165 388 338 333 144 132 451 264 478 150 256 203 341 388 80 341 435 314 240 237 95 434 52 476 126 345 148 182 
191 248 464 223 400 378 0 442 79 183 347 260 300 139 80 402 96 217 270 94 131 177 153 260 271 128 261 370 215 329 256 459 281 220 204 492 97 315 102 123 350 271 375 484 144 449 324 125 132 355 
238 432 100 109 186 454 442 0 485 120 134 88 278 447 311 187 232 128 364 329 123 112 195 117 300 460 58 172 462 223 364 73 493 250 155 439 314 204 403 391 301 127 154 154 266 422 459 117 189 309 
457 446 419 186 207 383 79 485 0 355 347 210 330 386 251 463 262 76 93 246 146 236 107 203 98 87 137 262 285 421 306 464 220 162 422 336 447 101 424 454 66 177 87 283 222 412 247 353 473 101 
263 176 269 120 310 181 183 120 355 0 154 349 362 329 199 387 113 310 144 172 303 75 352 173 248 162 290 312 298 251 429 472 252 127 215 475 172 347 192 404 398 204 187 175 431 137 214 164 218 233 
299 468 310 263 397 416 347 134 347 154 0 118 77 261 406 483 189 110 88 309 171 101 122 61 381 299 265 267 331 184 285 209 201 131 325 493 266 133 433 445 57 427 54 229 167 447 97 174 63 60 
194 240 107 342 196 53 260 88 210 349 118 0 298 227 217 165 168 191 400 395 371 305 379 177 479 187 420 229 164 413 263 455 381 305 448 492 308 454 500 357 423 321 154 398 157 459 405 337 479 394 
194 112 451 169 389 260 300 278 330 362 77 298 0 231 450 479 469 288 418 413 208 250 360 112 448 206 124 320 266 499 320 234 193 463 277 210 158 379 465 235 206 435 366 384 70 289 147 393 215 448 
378 497 194 293 343 486 139 447 386 329 261 227 231 0 390 312 356 128 153 135 76 133 151 475 269 276 224 354 143 466 197 479 386 320 104 369 54 108 98 465 317 70 197 327 456 261 118 57 164 407 
264 193 477 180 493 301 80 311 251 199 406 217 450 390 0 376 324 274 459 148 68 469 112 292 238 437 214 225 137 76 261 151 239 112 450 453 326 490 242 220 258 313 108 399 145 192 264 327 137 398 
497 67 173 50 395 169 402 187 463 387 483 165 479 312 376 0 115 443 465 379 192 464 453 422 64 255 443 291 445 471 285 202 101 73 235 154 429 140 434 96 362 250 138 152 313 334 230 160 302 132 
205 249 346 348 432 232 96 232 262 113 189 168 469 356 324 115 0 84 98 143 214 272 279 169 178 474 229 481 169 315 430 470 111 295 170 486 402 80 124 327 56 257 375 463 268 287 336 80 290 269 
109 341 238 109 235 358 217 128 76 310 110 191 288 128 274 443 84 0 274 399 476 307 381 106 117 318 351 55 197 163 438 287 476 252 462 81 81 125 348 98 234 177 347 157 118 165 402 365 213 455 
326 498 466 58 300 405 270 364 93 144 88 400 418 153 459 465 98 274 0 283 443 86 395 480 75 440 148 465 376 171 306 139 190 115 238 68 476 116 404 50 433 493 254 265 467 155 313 359 499 485 
406 406 442 484 432 458 94 329 246 172 309 395 413 135 148 379 143 399 283 0 493 368 304 448 305 177 455 401 411 434 92 275 336 306 411 114 330 410 124 199 350 313 142 59 160 144 318 393 259 229 
119 469 82 214 263 432 131 123 146 303 171 371 208 76 68 192 214 476 443 493 0 109 188 435 179 293 288 448 177 310 108 329 61 53 129 191 262 243 69 309 438 401 435 219 146 277 134 311 377 143 
428 321 302 323 234 143 177 112 236 75 101 305 250 133 469 464 272 307 86 368 109 0 200 340 256 178 109 193 381 497 239 198 94 84 207 500 265 469 157 310 74 361 368 336 230 100 466 390 320 283 
207 445 474 440 463 165 153 195 107 352 122 379 360 151 112 453 279 381 395 304 188 200 0 99 304 191 184 251 131 344 108 220 262 167 129 97 136 76 155 129 144 228 409 402 433 415 275 79 52 161 
261 271 375 224 493 388 260 117 203 173 61 177 112 475 292 422 169 106 480 448 435 340 99 0 307 421 312 302 284 194 104 144 155 263 404 428 270 400 363 450 492 437 259 436 75 391 58 215 356 451 
253 499 328 133 394 338 271 300 98 248 381 479 448 269 238 64 178 117 75 305 179 256 304 307 0 245 500 354 328 377 290 459 53 219 482 474 380 471 171 240 109 455 392 384 341 139 89 167 462 337 
131 116 287 79 50 333 128 460 87 162 299 187 206 276 437 255 474 318 440 177 293 178 191 421 245 0 312 245 275 426 252 216 429 325 276 83 167 50 454 270 237 66 295 132 201 451 350 136 212 278 
424 433 131 179 443 144 261 58 137 290 265 420 124 224 214 443 229 351 148 455 288 109 184 312 500 312 0 362 486 428 187 102 207 325 287 100 403 466 373 121 365 227 269 282 108 227 277 167 172 229 
311 384 209 231 335 132 370 172 262 312 267 229 320 354 225 291 481 55 465 401 448 193 251 302 354 245 362 0 129 411 422 146 356 197 268 58 411 253 54 137 293 81 186 292 233 315 72 56 496 262 
489 263 117 56 73 451 215 462 285 298 331 164 266 143 137 445 169 197 376 411 177 381 131 284 328 275 486 129 0 407 387 344 272 177 487 408 207 325 103 254 350 166 259 106 339 360 384 290 343 482 
335 437 197 323 200 264 329 223 421 251 184 413 499 466 76 471 315 163 171 434 310 497 344 194 377 426 428 411 407 0 97 439 146 286 417 81 296 136 223 385 67 268 407 473 320 376 284 151 265 52 
169 246 448 106 394 478 256 364 306 429 285 263 320 197 261 285 430 438 306 92 108 239 108 104 290 252 187 422 387 97 0 400 462 53 328 427 268 308 191 294 368 138 341 204 474 267 267 159 397 183 
84 55 50 482 111 150 459 73 464 472 209 455 234 479 151 202 470 287 139 275 329 198 220 144 459 216 102 146 344 439 400 0 357 180 168 81 116 142 224 348 416 164 356 185 115 431 316 137 53 398 
378 201 156 116 469 256 281 493 220 252 201 381 193 386 239 101 111 476 190 336 61 94 262 155 53 429 207 356 272 146 462 357 0 354 274 89 283 60 435 329 330 316 121 78 358 377 87 176 429 80 
53 118 423 472 324 203 220 250 162 127 131 305 463 320 112 73 295 252 115 306 53 84 167 263 219 325 325 197 177 286 53 180 354 0 419 393 324 383 172 143 388 117 186 264 162 276 249 370 155 69 
182 358 385 92 78 341 204 155 422 215 325 448 277 104 450 235 170 462 238 411 129 207 129 404 482 276 287 268 487 417 328 168 274 419 0 358 415 149 398 373 338 317 266 323 445 477 156 491 351 397 
417 58 260 327 164 388 492 439 336 475 493 492 210 369 453 154 486 81 68 114 191 500 97 428 474 83 100 58 408 81 427 81 89 393 358 0 105 351 278 478 84 180 98 222 114 202 240 263 403 378 
203 281 350 348 323 80 97 314 447 172 266 308 158 54 326 429 402 81 476 330 262 265 136 270 380 167 403 411 207 296 268 116 283 324 415 105 0 431 314 407 127 60 231 404 164 458 81 214 461 409 
111 218 369 57 340 341 315 204 101 347 133 454 379 108 490 140 80 125 116 410 243 469 76 400 471 50 466 253 325 136 308 142 60 383 149 351 431 0 451 203 394 295 347 62 89 425 186 322 433 458 
171 54 482 468 344 435 102 403 424 192 433 500 465 98 242 434 124 348 404 124 69 157 155 363 171 454 373 54 103 223 191 224 435 172 398 278 314 451 0 125 91 464 202 327 86 124 198 86 91 393 
387 237 349 75 443 314 123 391 454 404 445 357 235 465 220 96 327 98 50 199 309 310 129 450 240 270 121 137 254 385 294 348 329 143 373 478 407 203 125 0 351 187 268 186 336 125 278 273 433 460 
360 313 69 423 498 240 350 301 66 398 57 423 206 317 258 362 56 234 433 350 438 74 144 492 109 237 365 293 350 67 368 416 330 388 338 84 127 394 91 351 0 449 485 187 470 62 351 192 358 191 
291 98 480 203 365 237 271 127 177 204 427 321 435 70 313 250 257 177 493 313 401 361 228 437 455 66 227 81 166 268 138 164 316 117 317 180 60 295 464 187 449 0 413 262 410 277 453 210 104 404 
391 459 139 411 271 95 375 154 87 187 54 154 366 197 108 138 375 347 254 142 435 368 409 259 392 295 269 186 259 407 341 356 121 186 266 98 231 347 202 268 485 413 0 83 199 84 182 109 411 109 
373 350 109 187 194 434 484 154 283 175 229 398 384 327 399 152 463 157 265 59 219 336 402 436 384 132 282 292 106 473 204 185 78 264 323 222 404 62 327 186 187 262 83 0 246 57 204 84 72 345 
70 88 189 173 50 52 144 266 222 431 167 157 70 456 145 313 268 118 467 160 146 230 433 75 341 201 108 233 339 320 474 115 358 162 445 114 164 89 86 336 470 410 199 246 0 489 277 425 425 66 
365 295 58 339 119 476 449 422 412 137 447 459 289 261 192 334 287 165 155 144 277 100 415 391 139 451 227 315 360 376 267 431 377 276 477 202 458 425 124 125 62 277 84 57 489 0 153 143 254 213 
226 97 482 341 202 126 324 459 247 214 97 405 147 118 264 230 336 402 313 318 134 466 275 58 89 350 277 72 384 284 267 316 87 249 156 240 81 186 198 278 351 453 182 204 277 153 0 194 324 428 
140 319 261 404 136 345 125 117 353 164 174 337 393 57 327 160 80 365 359 393 311 390 79 215 167 136 167 56 290 151 159 137 176 370 491 263 214 322 86 273 192 210 109 84 425 143 194 0 215 492 
455 458 259 347 475 148 132 189 473 218 63 479 215 164 137 302 290 213 499 259 377 320 52 356 462 212 172 496 343 265 397 53 429 155 351 403 461 433 91 433 358 104 411 72 425 254 324 215 0 374 
417 322 180 500 348 182 355 309 101 233 60 394 448 407 398 132 269 455 485 229 143 283 161 451 337 278 229 262 482 52 183 398 80 69 397 378 409 458 393 460 191 404 109 345 66 213 428 492 374 0 

941.82 0 29
941.82 1 25
941.82 2 38
941.82 3 8
941.82 4 44
941.82 5 12
941.82 6 21
941.82 7 32
941.82 8 23
941.82 9 40
941.82 10 26
941.82 11 8
941.82 12 13
941.82 13 12
941.82 14 42
941.82 15 19
941.82 16 25
941.82 17 41
941.82 18 46
941.82 19 2
941.82 20 27
941.82 21 26
941.82 22 11
941.82 23 46
941.82 24 10
941.82 25 33
941.82 26 21
941.82 27 21
941.82 28 37
941.82 29 14
941.82 30 45
941.82 31 23
941.82 32 39
941.82 33 39
941.82 34 31
941.82 35 40
941.82 36 2
941.82 37 8
941.82 38 28
941.82 39 30
941.82 40 48
941.82 41 6
941.82 42 44
941.82 43 16
941.82 44 23
941.82 45 37
941.82 46 41
941.82 47 0
941.82 48 29
941.82 49 38

