50 50 4 306

0.2 0 1
0.2 0 8
0.2 0 16
0.2 0 21
0.2 0 23
0.2 0 26
0.2 0 28
0.2 0 31
0.2 0 33
0.2 0 34
0.2 0 35
0.2 0 38
0.2 1 4
0.2 1 8
0.2 1 10
0.2 1 17
0.2 1 22
0.2 1 27
0.2 1 31
0.2 1 36
0.2 1 37
0.2 1 41
0.2 1 43
0.2 1 45
0.2 1 47
0.2 2 4
0.2 2 9
0.2 2 16
0.2 2 19
0.2 2 20
0.2 2 21
0.2 2 26
0.2 2 34
0.2 2 35
0.2 2 37
0.2 2 39
0.2 2 40
0.2 2 45
0.2 2 47
0.2 2 48
0.2 3 9
0.2 3 12
0.2 3 13
0.2 3 18
0.2 3 22
0.2 3 25
0.2 3 26
0.2 3 28
0.2 3 32
0.2 3 35
0.2 3 37
0.2 3 40
0.2 3 45
0.2 4 7
0.2 4 11
0.2 4 12
0.2 4 14
0.2 4 15
0.2 4 20
0.2 4 34
0.2 4 35
0.2 4 40
0.2 4 43
0.2 4 44
0.2 4 49
0.2 5 7
0.2 5 9
0.2 5 23
0.2 5 29
0.2 5 30
0.2 5 35
0.2 5 49
0.2 6 7
0.2 6 13
0.2 6 21
0.2 6 33
0.2 6 35
0.2 6 49
0.2 7 15
0.2 7 17
0.2 7 23
0.2 7 26
0.2 7 33
0.2 7 34
0.2 7 39
0.2 7 40
0.2 7 45
0.2 7 49
0.2 8 11
0.2 8 17
0.2 8 19
0.2 8 21
0.2 8 37
0.2 8 41
0.2 8 45
0.2 8 46
0.2 9 14
0.2 9 17
0.2 9 18
0.2 9 32
0.2 9 33
0.2 9 34
0.2 9 36
0.2 9 38
0.2 9 39
0.2 9 41
0.2 9 43
0.2 10 16
0.2 10 24
0.2 10 26
0.2 10 34
0.2 10 40
0.2 10 46
0.2 10 47
0.2 11 12
0.2 11 15
0.2 11 17
0.2 11 23
0.2 11 26
0.2 11 27
0.2 11 32
0.2 11 36
0.2 11 37
0.2 11 39
0.2 12 17
0.2 12 18
0.2 12 21
0.2 12 25
0.2 12 27
0.2 12 29
0.2 12 31
0.2 12 33
0.2 12 35
0.2 12 40
0.2 12 43
0.2 13 16
0.2 13 17
0.2 13 21
0.2 13 28
0.2 13 43
0.2 13 44
0.2 13 48
0.2 13 49
0.2 14 18
0.2 14 23
0.2 14 31
0.2 14 38
0.2 14 40
0.2 14 42
0.2 14 44
0.2 14 45
0.2 14 49
0.2 15 18
0.2 15 20
0.2 15 21
0.2 15 23
0.2 15 25
0.2 15 26
0.2 15 29
0.2 15 30
0.2 15 31
0.2 15 32
0.2 15 41
0.2 15 45
0.2 15 46
0.2 15 47
0.2 16 21
0.2 16 24
0.2 16 30
0.2 16 32
0.2 16 33
0.2 16 37
0.2 16 38
0.2 16 44
0.2 16 46
0.2 16 47
0.2 17 19
0.2 17 20
0.2 17 21
0.2 17 24
0.2 17 30
0.2 17 33
0.2 17 34
0.2 17 37
0.2 18 19
0.2 18 21
0.2 18 22
0.2 18 23
0.2 18 24
0.2 18 29
0.2 18 30
0.2 18 32
0.2 18 36
0.2 18 40
0.2 18 44
0.2 18 47
0.2 19 25
0.2 19 42
0.2 19 47
0.2 20 21
0.2 20 23
0.2 20 36
0.2 20 37
0.2 20 45
0.2 20 46
0.2 20 49
0.2 21 22
0.2 21 25
0.2 21 29
0.2 21 32
0.2 21 35
0.2 21 41
0.2 22 28
0.2 22 29
0.2 22 33
0.2 22 38
0.2 22 39
0.2 22 40
0.2 22 41
0.2 22 45
0.2 22 49
0.2 23 29
0.2 23 35
0.2 23 38
0.2 23 41
0.2 24 27
0.2 24 36
0.2 24 37
0.2 24 44
0.2 24 47
0.2 24 49
0.2 25 26
0.2 25 29
0.2 25 30
0.2 25 32
0.2 25 38
0.2 25 41
0.2 25 43
0.2 25 48
0.2 25 49
0.2 26 29
0.2 26 30
0.2 26 33
0.2 26 36
0.2 26 38
0.2 26 44
0.2 27 31
0.2 27 32
0.2 27 41
0.2 27 47
0.2 28 32
0.2 28 34
0.2 28 35
0.2 28 37
0.2 28 38
0.2 29 31
0.2 29 33
0.2 29 40
0.2 29 41
0.2 29 48
0.2 30 41
0.2 31 32
0.2 31 42
0.2 31 48
0.2 31 49
0.2 32 37
0.2 32 42
0.2 32 43
0.2 32 44
0.2 32 46
0.2 32 48
0.2 33 38
0.2 33 45
0.2 34 35
0.2 34 46
0.2 34 49
0.2 35 41
0.2 35 44
0.2 36 37
0.2 36 45
0.2 37 38
0.2 37 41
0.2 37 47
0.2 38 42
0.2 38 46
0.2 39 41
0.2 39 44
0.2 39 45
0.2 39 48
0.2 40 41
0.2 40 43
0.2 40 46
0.2 40 47
0.2 40 48
0.2 41 47
0.2 42 43
0.2 42 47
0.2 43 46
0.2 43 47
0.2 43 48
0.2 44 47
0.2 44 49
0.2 45 46
0.2 45 47
0.2 45 49
0.2 47 49

0 286 359 63 96 326 499 447 194 297 463 191 391 113 219 490 394 190 445 65 304 477 59 472 448 317 438 58 212 250 223 340 495 306 203 311 163 216 389 172 338 337 117 262 482 192 287 319 101 317 
286 0 164 194 436 430 311 406 85 452 148 488 216 218 320 145 448 376 126 52 249 132 331 429 106 375 243 423 230 367 80 86 448 463 374 254 71 320 234 270 207 332 164 97 423 128 452 337 220 79 
359 164 0 243 396 203 401 480 477 230 417 460 382 192 58 424 282 158 154 93 351 418 356 57 86 338 472 431 484 132 156 480 178 72 98 76 154 407 326 494 320 489 290 122 204 237 478 330 391 484 
63 194 243 0 289 187 311 130 186 192 363 390 328 305 71 273 214 413 455 268 424 325 451 408 185 144 402 78 69 168 89 202 196 292 260 449 474 193 367 357 350 53 492 148 403 397 137 270 217 337 
96 436 396 289 0 184 119 390 395 241 165 388 114 496 446 208 212 83 443 302 247 355 457 444 423 486 195 492 238 303 369 333 280 195 239 266 336 190 406 490 437 497 111 262 450 408 412 161 201 236 
326 430 203 187 184 0 258 203 347 56 486 252 329 461 439 142 59 457 461 417 307 429 149 82 74 384 344 369 406 322 274 348 232 350 376 387 156 396 178 60 336 149 149 324 441 324 442 318 220 250 
499 311 401 311 119 258 0 493 199 122 120 122 90 403 169 416 366 84 132 93 79 456 156 235 74 220 218 271 207 188 99 426 328 366 188 112 256 393 126 337 119 67 141 129 333 99 484 438 444 380 
447 406 480 130 390 203 493 0 295 394 111 74 186 302 368 464 357 253 176 403 185 195 291 156 191 433 69 219 266 248 190 382 368 328 306 361 261 251 467 150 439 320 393 370 228 385 492 280 289 263 
194 85 477 186 395 347 199 295 0 400 392 146 429 358 76 137 178 300 100 436 404 149 400 362 252 197 181 477 153 227 412 244 427 429 153 315 478 394 499 121 349 224 394 299 172 136 232 106 426 239 
297 452 230 192 241 56 122 394 400 0 307 420 196 391 203 132 234 166 170 332 305 78 458 245 453 463 69 172 75 345 297 94 372 117 408 51 371 272 178 270 225 473 392 286 179 92 124 500 405 303 
463 148 417 363 165 486 120 111 392 307 0 430 149 468 433 366 139 119 292 360 232 446 475 193 405 324 262 62 243 464 123 385 252 278 388 283 283 221 479 335 66 491 496 220 206 271 319 85 267 130 
191 488 460 390 388 252 122 74 146 420 430 0 77 248 111 145 331 395 250 348 169 159 482 217 366 119 65 401 322 87 463 74 451 270 429 425 494 146 63 306 203 214 314 328 83 399 478 393 497 83 
391 216 382 328 114 329 90 186 429 196 149 77 0 485 243 440 166 313 400 273 76 484 376 402 152 487 446 398 258 126 467 263 135 376 233 165 111 259 67 73 461 347 178 119 415 211 80 434 129 495 
113 218 192 305 496 461 403 302 358 391 468 248 485 0 118 463 200 288 232 60 441 296 299 149 438 348 194 194 365 414 160 351 309 118 423 408 291 355 274 66 215 217 88 60 482 351 436 169 70 497 
219 320 58 71 446 439 169 368 76 203 433 111 243 118 0 112 280 457 146 425 419 289 337 73 100 467 419 420 91 359 295 184 341 119 160 316 380 371 160 269 160 448 179 372 473 459 434 196 403 221 
490 145 424 273 208 142 416 464 137 132 366 145 440 463 112 0 234 206 275 133 294 437 60 57 258 445 409 159 158 90 380 58 350 329 163 66 264 346 354 52 64 153 215 422 484 242 349 296 329 162 
394 448 282 214 212 59 366 357 178 234 139 331 166 200 280 234 0 442 96 465 450 309 254 147 299 56 225 416 263 485 226 438 246 476 419 241 253 62 433 63 323 150 496 320 255 343 61 246 159 304 
190 376 158 413 83 457 84 253 300 166 119 395 313 288 457 206 442 0 59 123 335 319 238 423 51 127 488 366 235 400 335 360 201 224 392 58 281 65 479 156 369 332 275 287 123 144 81 402 102 490 
445 126 154 455 443 461 132 176 100 170 292 250 400 232 146 275 96 59 0 94 94 121 159 465 158 310 151 60 285 198 121 99 155 496 195 180 183 390 479 371 456 295 158 224 137 253 452 342 299 432 
65 52 93 268 302 417 93 403 436 332 360 348 273 60 425 133 465 123 94 0 352 212 489 328 223 159 279 334 128 454 125 265 461 281 126 203 275 89 97 147 465 93 475 72 447 464 325 166 116 488 
304 249 351 424 247 307 79 185 404 305 232 169 76 441 419 294 450 335 94 352 0 330 183 405 403 64 210 274 357 341 240 192 99 81 486 255 136 391 231 286 284 152 207 476 271 190 282 274 314 496 
477 132 418 325 355 429 456 195 149 78 446 159 484 296 289 437 309 319 121 212 330 0 269 96 464 361 96 235 150 433 74 496 151 208 164 401 452 337 257 443 168 421 144 346 106 374 462 330 207 246 
59 331 356 451 457 149 156 291 400 458 475 482 376 299 337 60 254 238 159 489 183 269 0 126 246 123 493 77 138 82 417 289 457 144 256 420 439 453 272 458 227 287 79 271 494 291 169 70 60 353 
472 429 57 408 444 82 235 156 362 245 193 217 402 149 73 57 147 423 465 328 405 96 126 0 166 70 287 375 190 197 379 315 364 263 491 72 338 162 291 348 77 337 127 412 387 384 288 138 93 368 
448 106 86 185 423 74 74 191 252 453 405 366 152 438 100 258 299 51 158 223 403 464 246 166 0 118 356 220 130 289 313 375 232 179 64 149 77 419 387 158 307 159 340 79 105 328 356 255 321 277 
317 375 338 144 486 384 220 433 197 463 324 119 487 348 467 445 56 127 310 159 64 361 123 70 118 0 151 444 79 170 320 309 472 55 267 318 375 409 369 259 227 331 338 326 413 89 99 254 490 214 
438 243 472 402 195 344 218 69 181 69 262 65 446 194 419 409 225 488 151 279 210 96 493 287 356 151 0 421 424 93 168 134 204 400 110 214 447 253 378 442 177 458 353 232 129 457 337 272 216 113 
58 423 431 78 492 369 271 219 477 172 62 401 398 194 420 159 416 366 60 334 274 235 77 375 220 444 421 0 455 369 190 249 431 305 249 252 414 278 424 191 435 390 103 363 354 166 434 365 368 329 
212 230 484 69 238 406 207 266 153 75 243 322 258 365 91 158 263 235 285 128 357 150 138 190 130 79 424 455 0 200 364 449 420 364 192 370 272 225 365 415 444 443 415 274 80 250 134 225 137 184 
250 367 132 168 303 322 188 248 227 345 464 87 126 414 359 90 485 400 198 454 341 433 82 197 289 170 93 369 200 0 243 204 359 235 192 230 132 110 361 213 321 273 302 151 286 112 97 303 486 344 
223 80 156 89 369 274 99 190 412 297 123 463 467 160 295 380 226 335 121 125 240 74 417 379 313 320 168 190 364 243 0 198 128 425 152 403 249 424 112 56 420 225 253 397 186 370 363 407 417 453 
340 86 480 202 333 348 426 382 244 94 385 74 263 351 184 58 438 360 99 265 192 496 289 315 375 309 134 249 449 204 198 0 170 376 101 180 385 147 460 87 488 487 239 242 61 148 127 494 188 207 
495 448 178 196 280 232 328 368 427 372 252 451 135 309 341 350 246 201 155 461 99 151 457 364 232 472 204 431 420 359 128 170 0 197 65 190 153 380 94 433 234 105 416 198 415 397 255 139 412 373 
306 463 72 292 195 350 366 328 429 117 278 270 376 118 119 329 476 224 496 281 81 208 144 263 179 55 400 305 364 235 425 376 197 0 201 185 110 86 388 500 239 421 493 470 96 314 340 444 307 192 
203 374 98 260 239 376 188 306 153 408 388 429 233 423 160 163 419 392 195 126 486 164 256 491 64 267 110 249 192 192 152 101 65 201 0 336 358 290 327 150 337 490 230 340 415 495 214 471 112 250 
311 254 76 449 266 387 112 361 315 51 283 425 165 408 316 66 241 58 180 203 255 401 420 72 149 318 214 252 370 230 403 180 190 185 336 0 440 277 206 178 171 101 234 410 120 60 166 458 319 316 
163 71 154 474 336 156 256 261 478 371 283 494 111 291 380 264 253 281 183 275 136 452 439 338 77 375 447 414 272 132 249 385 153 110 358 440 0 433 272 267 281 69 348 293 488 137 488 261 478 393 
216 320 407 193 190 396 393 251 394 272 221 146 259 355 371 346 62 65 390 89 391 337 453 162 419 409 253 278 225 110 424 147 380 86 290 277 433 0 159 438 162 264 321 420 247 300 404 408 55 337 
389 234 326 367 406 178 126 467 499 178 479 63 67 274 160 354 433 479 479 97 231 257 272 291 387 369 378 424 365 361 112 460 94 388 327 206 272 159 0 485 109 127 126 487 299 395 158 237 108 78 
172 270 494 357 490 60 337 150 121 270 335 306 73 66 269 52 63 156 371 147 286 443 458 348 158 259 442 191 415 213 56 87 433 500 150 178 267 438 485 0 336 450 449 298 366 431 426 73 159 338 
338 207 320 350 437 336 119 439 349 225 66 203 461 215 160 64 323 369 456 465 284 168 227 77 307 227 177 435 444 321 420 488 234 239 337 171 281 162 109 336 0 443 212 412 132 343 478 408 166 139 
337 332 489 53 497 149 67 320 224 473 491 214 347 217 448 153 150 332 295 93 152 421 287 337 159 331 458 390 443 273 225 487 105 421 490 101 69 264 127 450 443 0 328 206 211 372 183 273 81 159 
117 164 290 492 111 149 141 393 394 392 496 314 178 88 179 215 496 275 158 475 207 144 79 127 340 338 353 103 415 302 253 239 416 493 230 234 348 321 126 449 212 328 0 333 156 329 403 173 362 371 
262 97 122 148 262 324 129 370 299 286 220 328 119 60 372 422 320 287 224 72 476 346 271 412 79 326 232 363 274 151 397 242 198 470 340 410 293 420 487 298 412 206 333 0 254 260 264 97 245 340 
482 423 204 403 450 441 333 228 172 179 206 83 415 482 473 484 255 123 137 447 271 106 494 387 105 413 129 354 80 286 186 61 415 96 415 120 488 247 299 366 132 211 156 254 0 429 325 148 101 362 
192 128 237 397 408 324 99 385 136 92 271 399 211 351 459 242 343 144 253 464 190 374 291 384 328 89 457 166 250 112 370 148 397 314 495 60 137 300 395 431 343 372 329 260 429 0 92 319 264 299 
287 452 478 137 412 442 484 492 232 124 319 478 80 436 434 349 61 81 452 325 282 462 169 288 356 99 337 434 134 97 363 127 255 340 214 166 488 404 158 426 478 183 403 264 325 92 0 343 74 452 
319 337 330 270 161 318 438 280 106 500 85 393 434 169 196 296 246 402 342 166 274 330 70 138 255 254 272 365 225 303 407 494 139 444 471 458 261 408 237 73 408 273 173 97 148 319 343 0 418 372 
101 220 391 217 201 220 444 289 426 405 267 497 129 70 403 329 159 102 299 116 314 207 60 93 321 490 216 368 137 486 417 188 412 307 112 319 478 55 108 159 166 81 362 245 101 264 74 418 0 288 
317 79 484 337 236 250 380 263 239 303 130 83 495 497 221 162 304 490 432 488 496 246 353 368 277 214 113 329 184 344 453 207 373 192 250 316 393 337 78 338 139 159 371 340 362 299 452 372 288 0 

767.25 0 32
767.25 1 2
767.25 2 43
767.25 3 39
767.25 4 27
767.25 5 36
767.25 6 48
767.25 7 40
767.25 8 32
767.25 9 6
767.25 10 4
767.25 11 19
767.25 12 44
767.25 13 5
767.25 14 41
767.25 15 32
767.25 16 17
767.25 17 29
767.25 18 26
767.25 19 14
767.25 20 38
767.25 21 45
767.25 22 23
767.25 23 19
767.25 24 27
767.25 25 21
767.25 26 11
767.25 27 48
767.25 28 34
767.25 29 20
767.25 30 2
767.25 31 18
767.25 32 21
767.25 33 45
767.25 34 13
767.25 35 5
767.25 36 37
767.25 37 17
767.25 38 45
767.25 39 20
767.25 40 28
767.25 41 5
767.25 42 44
767.25 43 28
767.25 44 16
767.25 45 37
767.25 46 12
767.25 47 37
767.25 48 17
767.25 49 38

