30 30 4 108

0.4 0 2
0.4 0 5
0.4 0 6
0.4 0 7
0.4 0 11
0.4 0 12
0.4 0 14
0.4 0 21
0.4 0 23
0.4 0 27
0.4 1 2
0.4 1 8
0.4 1 17
0.4 1 20
0.4 1 26
0.4 1 29
0.4 2 6
0.4 2 20
0.4 2 24
0.4 2 29
0.4 3 4
0.4 3 15
0.4 3 20
0.4 3 21
0.4 3 22
0.4 3 27
0.4 3 29
0.4 4 8
0.4 4 9
0.4 4 10
0.4 4 11
0.4 4 12
0.4 4 24
0.4 5 16
0.4 5 23
0.4 5 28
0.4 6 7
0.4 6 8
0.4 6 10
0.4 6 11
0.4 6 13
0.4 6 17
0.4 6 22
0.4 6 23
0.4 6 26
0.4 6 28
0.4 7 9
0.4 7 15
0.4 7 22
0.4 7 24
0.4 7 25
0.4 7 26
0.4 7 27
0.4 8 14
0.4 8 18
0.4 8 24
0.4 8 25
0.4 8 28
0.4 8 29
0.4 9 10
0.4 9 14
0.4 9 18
0.4 9 21
0.4 9 24
0.4 9 27
0.4 10 21
0.4 10 23
0.4 10 28
0.4 11 17
0.4 11 18
0.4 11 25
0.4 12 15
0.4 12 18
0.4 12 20
0.4 12 21
0.4 12 22
0.4 12 26
0.4 12 29
0.4 13 17
0.4 13 24
0.4 13 27
0.4 13 29
0.4 14 18
0.4 14 21
0.4 14 24
0.4 15 18
0.4 15 20
0.4 15 22
0.4 15 26
0.4 16 18
0.4 16 19
0.4 16 20
0.4 17 20
0.4 17 23
0.4 18 21
0.4 18 27
0.4 19 21
0.4 19 23
0.4 19 28
0.4 19 29
0.4 20 21
0.4 20 26
0.4 20 27
0.4 21 23
0.4 22 26
0.4 23 24
0.4 26 28
0.4 26 29

0 416 248 488 235 240 357 63 177 367 208 421 238 454 442 171 219 278 464 476 265 160 453 239 94 217 278 330 404 391 
416 0 227 410 245 308 425 487 258 228 443 487 404 444 468 461 330 198 301 248 163 436 152 307 115 331 498 254 466 470 
248 227 0 307 431 405 205 355 177 316 228 455 134 318 429 319 301 51 212 266 478 310 286 451 385 255 77 417 401 427 
488 410 307 0 90 92 290 470 92 297 363 144 53 339 316 50 393 486 286 254 293 277 191 194 152 74 59 391 66 294 
235 245 431 90 0 153 244 166 456 268 232 164 407 129 54 415 259 112 161 267 244 406 484 102 178 72 253 359 295 435 
240 308 405 92 153 0 116 259 354 55 178 212 108 63 335 263 323 471 462 70 471 264 349 176 118 212 428 401 362 84 
357 425 205 290 244 116 0 223 287 104 429 478 265 209 53 319 154 60 75 357 301 401 353 363 96 116 434 388 433 66 
63 487 355 470 166 259 223 0 365 380 245 413 461 325 164 460 300 278 379 121 263 86 141 52 374 323 290 387 185 229 
177 258 177 92 456 354 287 365 0 304 164 167 438 190 419 98 82 68 386 52 448 455 61 65 64 277 182 411 220 396 
367 228 316 297 268 55 104 380 304 0 490 87 276 196 264 88 268 98 321 66 214 185 379 71 353 451 458 140 89 449 
208 443 228 363 232 178 429 245 164 490 0 406 375 280 70 168 218 397 374 77 284 386 252 154 80 425 312 314 280 120 
421 487 455 144 164 212 478 413 167 87 406 0 380 491 233 373 296 148 493 167 410 219 204 58 208 162 100 344 106 322 
238 404 134 53 407 108 265 461 438 276 375 380 0 310 235 228 496 483 58 470 397 55 395 419 161 275 73 136 450 489 
454 444 318 339 129 63 209 325 190 196 280 491 310 0 238 314 401 210 313 248 483 363 235 345 206 471 134 202 126 350 
442 468 429 316 54 335 53 164 419 264 70 233 235 238 0 359 482 457 271 418 382 462 109 113 277 486 328 301 126 135 
171 461 319 50 415 263 319 460 98 88 168 373 228 314 359 0 233 408 207 181 357 456 159 271 163 289 230 398 500 194 
219 330 301 393 259 323 154 300 82 268 218 296 496 401 482 233 0 247 71 240 456 89 343 192 428 79 58 253 213 427 
278 198 51 486 112 471 60 278 68 98 397 148 483 210 457 408 247 0 256 285 402 470 352 125 54 65 440 80 486 211 
464 301 212 286 161 462 75 379 386 321 374 493 58 313 271 207 71 256 0 142 213 218 113 356 475 204 211 482 56 194 
476 248 266 254 267 70 357 121 52 66 77 167 470 248 418 181 240 285 142 0 76 243 234 150 436 191 236 80 110 139 
265 163 478 293 244 471 301 263 448 214 284 410 397 483 382 357 456 402 213 76 0 390 237 486 423 428 181 467 238 196 
160 436 310 277 406 264 401 86 455 185 386 219 55 363 462 456 89 470 218 243 390 0 489 250 75 187 207 247 86 407 
453 152 286 191 484 349 353 141 61 379 252 204 395 235 109 159 343 352 113 234 237 489 0 92 500 304 265 226 299 406 
239 307 451 194 102 176 363 52 65 71 154 58 419 345 113 271 192 125 356 150 486 250 92 0 400 355 403 177 475 140 
94 115 385 152 178 118 96 374 64 353 80 208 161 206 277 163 428 54 475 436 423 75 500 400 0 399 117 189 259 444 
217 331 255 74 72 212 116 323 277 451 425 162 275 471 486 289 79 65 204 191 428 187 304 355 399 0 406 357 252 411 
278 498 77 59 253 428 434 290 182 458 312 100 73 134 328 230 58 440 211 236 181 207 265 403 117 406 0 334 407 114 
330 254 417 391 359 401 388 387 411 140 314 344 136 202 301 398 253 80 482 80 467 247 226 177 189 357 334 0 387 202 
404 466 401 66 295 362 433 185 220 89 280 106 450 126 126 500 213 486 56 110 238 86 299 475 259 252 407 387 0 162 
391 470 427 294 435 84 66 229 396 449 120 322 489 350 135 194 427 211 194 139 196 407 406 140 444 411 114 202 162 0 

903 0 10
903 1 3
903 2 20
903 3 8
903 4 2
903 5 3
903 6 23
903 7 16
903 8 16
903 9 27
903 10 2
903 11 8
903 12 22
903 13 1
903 14 21
903 15 10
903 16 1
903 17 19
903 18 13
903 19 24
903 20 5
903 21 2
903 22 11
903 23 14
903 24 19
903 25 21
903 26 21
903 27 4
903 28 15
903 29 26
