30 30 3 87

0.25 0 1
0.25 0 6
0.25 0 9
0.25 0 10
0.25 0 21
0.25 0 25
0.25 1 13
0.25 1 16
0.25 1 17
0.25 1 28
0.25 1 29
0.25 2 3
0.25 2 4
0.25 2 13
0.25 2 14
0.25 2 15
0.25 2 18
0.25 2 20
0.25 2 22
0.25 2 24
0.25 2 29
0.25 3 6
0.25 3 7
0.25 3 14
0.25 3 16
0.25 3 17
0.25 3 20
0.25 3 24
0.25 4 11
0.25 4 21
0.25 5 12
0.25 5 14
0.25 5 15
0.25 5 16
0.25 5 19
0.25 5 21
0.25 5 22
0.25 5 23
0.25 5 24
0.25 5 28
0.25 6 15
0.25 6 26
0.25 7 8
0.25 7 9
0.25 7 11
0.25 7 14
0.25 7 20
0.25 7 29
0.25 8 18
0.25 8 21
0.25 8 29
0.25 9 14
0.25 9 22
0.25 9 24
0.25 9 29
0.25 10 20
0.25 10 22
0.25 10 28
0.25 11 12
0.25 11 20
0.25 12 23
0.25 12 27
0.25 13 16
0.25 13 18
0.25 13 21
0.25 13 22
0.25 13 23
0.25 14 15
0.25 14 17
0.25 14 19
0.25 14 22
0.25 14 25
0.25 15 20
0.25 15 21
0.25 15 27
0.25 16 20
0.25 16 21
0.25 18 19
0.25 19 21
0.25 19 24
0.25 21 23
0.25 21 29
0.25 22 23
0.25 22 25
0.25 23 25
0.25 25 29
0.25 27 28

0 454 345 445 416 209 319 53 444 312 132 343 299 57 377 470 447 308 378 343 371 447 432 194 221 321 322 64 433 291 
454 0 332 303 74 347 474 166 154 220 282 258 308 106 460 178 302 144 248 368 283 50 167 468 333 108 84 118 450 214 
345 332 0 364 340 163 402 496 167 483 219 81 278 358 64 481 162 63 353 369 129 266 184 435 316 292 380 494 395 105 
445 303 364 0 424 349 304 341 397 359 240 468 282 494 217 291 407 98 414 385 168 118 488 53 175 144 158 314 423 431 
416 74 340 424 0 220 354 155 450 143 85 201 166 386 249 393 73 243 109 58 92 58 349 373 430 400 380 490 220 370 
209 347 163 349 220 0 384 256 449 398 280 185 372 359 123 293 86 306 205 436 482 102 343 313 193 486 222 315 464 451 
319 474 402 304 354 384 0 419 98 412 123 134 386 146 467 148 362 404 172 408 175 193 308 246 425 360 185 348 416 109 
53 166 496 341 155 256 419 0 459 256 295 304 78 454 264 386 353 335 392 488 177 368 222 384 368 327 439 369 484 89 
444 154 167 397 450 449 98 459 0 246 152 341 334 201 351 178 52 191 114 330 399 301 165 416 93 74 465 179 209 170 
312 220 483 359 143 398 412 256 246 0 118 290 132 354 455 214 125 117 91 228 275 328 115 177 392 382 486 227 438 231 
132 282 219 240 85 280 123 295 152 118 0 352 367 241 380 238 203 73 103 252 239 139 376 257 302 208 94 90 87 280 
343 258 81 468 201 185 134 304 341 290 352 0 322 376 429 339 213 480 403 171 157 379 372 99 303 210 206 71 77 329 
299 308 278 282 166 372 386 78 334 132 367 322 0 261 340 121 212 188 300 57 325 110 87 371 471 281 102 372 323 168 
57 106 358 494 386 359 146 454 201 354 241 376 261 0 164 91 339 114 135 336 106 218 200 313 114 132 371 261 472 317 
377 460 64 217 249 123 467 264 351 455 380 429 340 164 0 79 259 265 210 369 232 497 380 148 499 77 230 56 324 112 
470 178 481 291 393 293 148 386 178 214 238 339 121 91 79 0 326 135 150 360 209 359 139 178 354 325 434 416 100 198 
447 302 162 407 73 86 362 353 52 125 203 213 212 339 259 326 0 123 355 249 114 406 343 485 236 474 78 173 343 288 
308 144 63 98 243 306 404 335 191 117 73 480 188 114 265 135 123 0 259 185 167 171 455 470 382 85 146 108 85 142 
378 248 353 414 109 205 172 392 114 91 103 403 300 135 210 150 355 259 0 64 323 487 147 450 318 334 215 493 107 248 
343 368 369 385 58 436 408 488 330 228 252 171 57 336 369 360 249 185 64 0 308 304 378 116 492 444 160 109 466 338 
371 283 129 168 92 482 175 177 399 275 239 157 325 106 232 209 114 167 323 308 0 153 93 341 252 150 173 249 415 384 
447 50 266 118 58 102 193 368 301 328 139 379 110 218 497 359 406 171 487 304 153 0 232 243 130 333 246 277 372 61 
432 167 184 488 349 343 308 222 165 115 376 372 87 200 380 139 343 455 147 378 93 232 0 266 139 54 340 205 214 59 
194 468 435 53 373 313 246 384 416 177 257 99 371 313 148 178 485 470 450 116 341 243 266 0 136 92 415 414 475 299 
221 333 316 175 430 193 425 368 93 392 302 303 471 114 499 354 236 382 318 492 252 130 139 136 0 421 79 143 120 384 
321 108 292 144 400 486 360 327 74 382 208 210 281 132 77 325 474 85 334 444 150 333 54 92 421 0 283 84 198 223 
322 84 380 158 380 222 185 439 465 486 94 206 102 371 230 434 78 146 215 160 173 246 340 415 79 283 0 366 179 273 
64 118 494 314 490 315 348 369 179 227 90 71 372 261 56 416 173 108 493 109 249 277 205 414 143 84 366 0 240 210 
433 450 395 423 220 464 416 484 209 438 87 77 323 472 324 100 343 85 107 466 415 372 214 475 120 198 179 240 0 371 
291 214 105 431 370 451 109 89 170 231 280 329 168 317 112 198 288 142 248 338 384 61 59 299 384 223 273 210 371 0 

656.37 0 2
656.37 1 5
656.37 2 10
656.37 3 18
656.37 4 11
656.37 5 13
656.37 6 16
656.37 7 15
656.37 8 16
656.37 9 27
656.37 10 11
656.37 11 6
656.37 12 28
656.37 13 1
656.37 14 1
656.37 15 19
656.37 16 7
656.37 17 6
656.37 18 28
656.37 19 2
656.37 20 21
656.37 21 6
656.37 22 26
656.37 23 28
656.37 24 18
656.37 25 22
656.37 26 27
656.37 27 10
656.37 28 14
656.37 29 11
