40 40 4 78

0.3 0 4
0.3 0 39
0.3 1 9
0.3 1 33
0.3 2 15
0.3 2 24
0.3 2 27
0.3 2 29
0.3 2 36
0.3 3 4
0.3 3 34
0.3 4 36
0.3 4 38
0.3 5 17
0.3 5 33
0.3 5 39
0.3 6 10
0.3 6 13
0.3 6 19
0.3 6 37
0.3 6 38
0.3 7 11
0.3 7 16
0.3 7 21
0.3 7 34
0.3 8 14
0.3 8 38
0.3 9 12
0.3 9 15
0.3 9 30
0.3 11 13
0.3 11 23
0.3 11 24
0.3 11 32
0.3 12 15
0.3 12 25
0.3 12 31
0.3 13 18
0.3 13 19
0.3 13 24
0.3 13 25
0.3 13 28
0.3 13 39
0.3 14 31
0.3 15 18
0.3 15 28
0.3 15 33
0.3 16 19
0.3 16 28
0.3 16 33
0.3 16 34
0.3 16 36
0.3 17 35
0.3 18 25
0.3 18 31
0.3 20 38
0.3 21 26
0.3 21 37
0.3 22 26
0.3 22 32
0.3 23 30
0.3 25 35
0.3 26 28
0.3 26 35
0.3 27 29
0.3 27 34
0.3 27 38
0.3 27 39
0.3 28 31
0.3 28 37
0.3 29 37
0.3 30 34
0.3 30 37
0.3 31 32
0.3 33 34
0.3 33 37
0.3 34 35
0.3 37 38

0 224 360 116 429 300 426 475 59 102 335 114 239 57 154 475 168 141 338 481 195 250 425 75 117 151 206 143 195 159 326 353 403 281 426 437 207 96 489 184 
224 0 56 217 119 483 195 89 181 436 308 309 285 366 484 147 403 409 470 154 140 349 229 50 442 318 83 357 343 402 379 50 458 218 141 404 146 341 282 407 
360 56 0 66 328 401 345 287 116 484 374 446 163 393 279 203 297 96 489 467 302 388 304 293 257 54 474 239 239 344 62 112 336 447 53 242 392 71 489 229 
116 217 66 0 134 483 348 278 234 380 179 374 222 267 428 261 358 108 269 83 480 280 260 293 407 231 313 430 431 60 435 366 475 379 405 130 314 193 458 473 
429 119 328 134 0 266 180 59 492 276 156 75 371 271 216 361 181 269 249 179 239 61 346 389 65 258 285 68 192 452 430 435 392 459 144 424 481 275 343 460 
300 483 401 483 266 0 69 304 330 490 53 333 390 229 250 69 432 115 125 216 200 328 361 442 252 322 262 396 96 290 73 248 84 272 168 480 364 302 402 278 
426 195 345 348 180 69 0 310 56 118 406 197 212 66 166 153 73 212 279 193 125 486 469 205 426 382 414 463 170 442 386 145 326 297 438 409 414 60 384 220 
475 89 287 278 59 304 310 0 208 176 337 466 440 169 207 127 137 103 185 320 231 455 385 173 234 81 309 492 121 143 219 320 211 165 313 157 85 447 140 287 
59 181 116 234 492 330 56 208 0 473 300 324 65 500 364 497 304 319 283 211 397 244 111 184 277 471 266 208 114 336 221 417 207 327 81 177 391 56 87 381 
102 436 484 380 276 490 118 176 473 0 192 233 184 82 95 332 230 250 128 148 130 440 252 129 426 138 145 454 65 111 235 72 348 219 328 472 435 470 82 183 
335 308 374 179 156 53 406 337 300 192 0 472 481 321 77 351 451 160 149 153 269 474 135 352 477 438 273 253 290 422 261 54 423 413 234 394 281 355 132 89 
114 309 446 374 75 333 197 466 324 233 472 0 80 130 253 166 349 191 192 79 445 145 167 438 277 486 294 328 312 156 282 384 91 391 198 105 367 414 347 445 
239 285 163 222 371 390 212 440 65 184 481 80 0 107 257 88 464 288 146 456 318 79 139 95 315 97 233 469 430 126 156 60 358 215 113 321 466 219 99 447 
57 366 393 267 271 229 66 169 500 82 321 130 107 0 223 139 410 249 493 441 129 482 365 404 175 363 305 225 243 418 367 368 290 167 286 314 254 91 491 186 
154 484 279 428 216 250 166 207 364 95 77 253 257 223 0 193 312 334 490 500 411 124 178 299 432 220 264 179 271 418 114 457 498 79 222 490 253 430 121 477 
475 147 203 261 361 69 153 127 497 332 351 166 88 139 193 0 187 162 55 444 351 268 174 63 438 324 78 242 257 55 74 124 188 102 350 270 409 443 152 293 
168 403 297 358 181 432 73 137 304 230 451 349 464 410 312 187 0 151 88 416 258 182 106 289 309 496 449 225 212 161 491 392 388 318 421 81 201 492 257 296 
141 409 96 108 269 115 212 103 319 250 160 191 288 249 334 162 151 0 98 248 333 199 132 116 267 196 250 363 202 395 326 447 201 79 434 267 250 309 303 499 
338 470 489 269 249 125 279 185 283 128 149 192 146 493 490 55 88 98 0 69 251 205 368 473 497 307 125 253 387 469 392 156 50 185 242 386 480 311 358 425 
481 154 467 83 179 216 193 320 211 148 153 79 456 441 500 444 416 248 69 0 77 285 496 130 247 310 68 196 160 79 385 490 377 262 60 444 310 202 314 468 
195 140 302 480 239 200 125 231 397 130 269 445 318 129 411 351 258 333 251 77 0 487 313 233 312 321 420 391 377 96 294 87 445 393 71 447 274 275 390 251 
250 349 388 280 61 328 486 455 244 440 474 145 79 482 124 268 182 199 205 285 487 0 463 318 156 238 155 408 249 355 177 156 157 140 166 291 451 103 326 84 
425 229 304 260 346 361 469 385 111 252 135 167 139 365 178 174 106 132 368 496 313 463 0 201 252 454 63 396 119 396 187 373 249 137 206 365 380 59 347 230 
75 50 293 293 389 442 205 173 184 129 352 438 95 404 299 63 289 116 473 130 233 318 201 0 82 130 322 222 72 423 356 224 169 218 474 403 368 475 160 474 
117 442 257 407 65 252 426 234 277 426 477 277 315 175 432 438 309 267 497 247 312 156 252 82 0 211 413 426 346 310 279 462 325 196 199 317 455 256 72 183 
151 318 54 231 258 322 382 81 471 138 438 486 97 363 220 324 496 196 307 310 321 238 454 130 211 0 79 71 477 221 109 151 106 246 421 472 260 351 426 432 
206 83 474 313 285 262 414 309 266 145 273 294 233 305 264 78 449 250 125 68 420 155 63 322 413 79 0 327 174 202 165 491 159 82 249 120 86 137 221 441 
143 357 239 430 68 396 463 492 208 454 253 328 469 225 179 242 225 363 253 196 391 408 396 222 426 71 327 0 67 362 450 334 365 58 76 144 358 261 497 447 
195 343 239 431 192 96 170 121 114 65 290 312 430 243 271 257 212 202 387 160 377 249 119 72 346 477 174 67 0 197 468 100 363 276 401 53 250 83 404 476 
159 402 344 60 452 290 442 143 336 111 422 156 126 418 418 55 161 395 469 79 96 355 396 423 310 221 202 362 197 0 478 458 323 171 462 380 203 64 56 65 
326 379 62 435 430 73 386 219 221 235 261 282 156 367 114 74 491 326 392 385 294 177 187 356 279 109 165 450 468 478 0 67 382 480 121 218 134 247 272 142 
353 50 112 366 435 248 145 320 417 72 54 384 60 368 457 124 392 447 156 490 87 156 373 224 462 151 491 334 100 458 67 0 265 56 82 197 407 129 149 366 
403 458 336 475 392 84 326 211 207 348 423 91 358 290 498 188 388 201 50 377 445 157 249 169 325 106 159 365 363 323 382 265 0 95 310 284 299 111 495 178 
281 218 447 379 459 272 297 165 327 219 413 391 215 167 79 102 318 79 185 262 393 140 137 218 196 246 82 58 276 171 480 56 95 0 124 167 477 268 261 77 
426 141 53 405 144 168 438 313 81 328 234 198 113 286 222 350 421 434 242 60 71 166 206 474 199 421 249 76 401 462 121 82 310 124 0 277 427 272 106 95 
437 404 242 130 424 480 409 157 177 472 394 105 321 314 490 270 81 267 386 444 447 291 365 403 317 472 120 144 53 380 218 197 284 167 277 0 279 336 94 137 
207 146 392 314 481 364 414 85 391 435 281 367 466 254 253 409 201 250 480 310 274 451 380 368 455 260 86 358 250 203 134 407 299 477 427 279 0 276 369 306 
96 341 71 193 275 302 60 447 56 470 355 414 219 91 430 443 492 309 311 202 275 103 59 475 256 351 137 261 83 64 247 129 111 268 272 336 276 0 196 265 
489 282 489 458 343 402 384 140 87 82 132 347 99 491 121 152 257 303 358 314 390 326 347 160 72 426 221 497 404 56 272 149 495 261 106 94 369 196 0 131 
184 407 229 473 460 278 220 287 381 183 89 445 447 186 477 293 296 499 425 468 251 84 230 474 183 432 441 447 476 65 142 366 178 77 95 137 306 265 131 0 

786.06 0 16
786.06 1 22
786.06 2 38
786.06 3 14
786.06 4 36
786.06 5 32
786.06 6 9
786.06 7 15
786.06 8 11
786.06 9 2
786.06 10 9
786.06 11 0
786.06 12 4
786.06 13 36
786.06 14 35
786.06 15 13
786.06 16 36
786.06 17 38
786.06 18 15
786.06 19 1
786.06 20 26
786.06 21 27
786.06 22 30
786.06 23 29
786.06 24 11
786.06 25 26
786.06 26 15
786.06 27 31
786.06 28 1
786.06 29 5
786.06 30 21
786.06 31 17
786.06 32 27
786.06 33 10
786.06 34 20
786.06 35 13
786.06 36 3
786.06 37 18
786.06 38 28
786.06 39 14
