10 10 4 4

0.3 1 4
0.3 2 3
0.3 2 6
0.3 7 9

0 166 253 175 84 241 365 390 387 379 
166 0 453 233 52 378 434 242 241 175 
253 453 0 207 484 201 186 184 269 386 
175 233 207 0 283 447 298 495 259 118 
84 52 484 283 0 251 461 155 445 408 
241 378 201 447 251 0 231 303 221 334 
365 434 186 298 461 231 0 139 140 203 
390 242 184 495 155 303 139 0 384 315 
387 241 269 259 445 221 140 384 0 280 
379 175 386 118 408 334 203 315 280 0 

411.84 0 5
411.84 1 8
411.84 2 4
411.84 3 6
411.84 4 6
411.84 5 8
411.84 6 5
411.84 7 4
411.84 8 2
411.84 9 7
