10 10 4 4

0.25 0 3
0.25 1 2
0.25 3 4
0.25 5 9

0 63 228 270 360 427 80 290 95 361 
63 0 110 320 276 279 457 479 490 188 
228 110 0 306 84 480 346 169 288 470 
270 320 306 0 348 442 403 136 108 151 
360 276 84 348 0 343 241 52 217 487 
427 279 480 442 343 0 240 426 104 152 
80 457 346 403 241 240 0 158 329 136 
290 479 169 136 52 426 158 0 244 222 
95 490 288 108 217 104 329 244 0 301 
361 188 470 151 487 152 136 222 301 0 

208 0 2
208 1 6
208 2 3
208 3 2
208 4 0
208 5 8
208 6 0
208 7 5
208 8 4
208 9 7
