30 30 3 43

0.4 0 8
0.4 0 11
0.4 2 12
0.4 2 22
0.4 2 28
0.4 2 29
0.4 3 5
0.4 3 25
0.4 3 27
0.4 4 6
0.4 4 8
0.4 4 13
0.4 4 21
0.4 4 22
0.4 5 13
0.4 5 15
0.4 5 28
0.4 6 24
0.4 7 24
0.4 7 28
0.4 8 12
0.4 9 13
0.4 9 17
0.4 9 19
0.4 9 21
0.4 9 23
0.4 10 25
0.4 11 15
0.4 12 14
0.4 12 28
0.4 15 18
0.4 15 19
0.4 15 20
0.4 15 24
0.4 16 20
0.4 16 24
0.4 16 28
0.4 17 19
0.4 18 21
0.4 18 24
0.4 24 28
0.4 25 27
0.4 27 29

0 402 286 302 471 442 358 316 451 235 66 280 160 472 199 162 344 180 445 421 363 429 198 81 296 482 115 297 104 285 
402 0 255 345 111 456 328 106 207 331 289 83 495 353 424 74 58 321 147 257 426 220 338 492 200 152 154 422 326 339 
286 255 0 274 466 129 144 177 50 350 215 309 441 328 183 82 361 298 366 408 161 420 272 480 61 307 358 334 279 283 
302 345 274 0 108 184 164 148 109 200 368 386 216 411 71 331 267 217 82 68 437 110 296 278 323 184 241 124 305 339 
471 111 466 108 0 205 67 332 444 146 159 484 401 221 233 252 399 72 304 408 489 448 290 360 295 130 354 347 122 164 
442 456 129 184 205 0 295 69 462 498 232 223 293 253 293 385 382 182 263 470 472 448 84 57 89 164 446 155 200 61 
358 328 144 164 67 295 0 156 361 362 162 142 213 161 181 365 450 288 302 146 64 339 58 291 173 451 429 436 345 350 
316 106 177 148 332 69 156 0 288 432 425 92 262 461 228 369 191 148 187 86 109 54 419 153 261 376 456 412 403 443 
451 207 50 109 444 462 361 288 0 388 495 166 224 239 440 105 269 444 343 301 425 302 444 448 120 70 252 102 253 418 
235 331 350 200 146 498 362 432 388 0 290 103 307 194 348 324 384 112 124 104 412 127 63 439 371 218 113 289 450 194 
66 289 215 368 159 232 162 425 495 290 0 403 486 477 128 481 130 128 356 171 185 323 347 442 240 199 85 357 94 101 
280 83 309 386 484 223 142 92 166 103 403 0 219 124 232 273 323 423 361 425 94 164 163 426 105 316 122 481 164 171 
160 495 441 216 401 293 213 262 224 307 486 219 0 385 267 62 463 124 371 278 332 52 189 442 231 257 270 451 258 350 
472 353 328 411 221 253 161 461 239 194 477 124 385 0 97 174 68 252 121 322 148 435 407 438 248 78 168 316 89 146 
199 424 183 71 233 293 181 228 440 348 128 232 267 97 0 456 90 134 247 279 453 308 317 460 346 76 143 300 472 285 
162 74 82 331 252 385 365 369 105 324 481 273 62 174 456 0 59 174 191 350 106 491 136 206 90 84 438 242 238 107 
344 58 361 267 399 382 450 191 269 384 130 323 463 68 90 59 0 468 369 355 262 162 245 356 402 156 73 388 490 185 
180 321 298 217 72 182 288 148 444 112 128 423 124 252 134 174 468 0 414 82 422 78 77 159 285 473 165 69 494 463 
445 147 366 82 304 263 302 187 343 124 356 361 371 121 247 191 369 414 0 112 409 307 145 219 482 139 194 360 489 52 
421 257 408 68 408 470 146 86 301 104 171 425 278 322 279 350 355 82 112 0 299 294 322 203 327 337 101 237 439 382 
363 426 161 437 489 472 64 109 425 412 185 94 332 148 453 106 262 422 409 299 0 440 351 272 226 427 398 457 381 456 
429 220 420 110 448 448 339 54 302 127 323 164 52 435 308 491 162 78 307 294 440 0 466 358 420 435 435 383 57 491 
198 338 272 296 290 84 58 419 444 63 347 163 189 407 317 136 245 77 145 322 351 466 0 109 493 133 207 352 54 76 
81 492 480 278 360 57 291 153 448 439 442 426 442 438 460 206 356 159 219 203 272 358 109 0 382 328 370 358 325 93 
296 200 61 323 295 89 173 261 120 371 240 105 231 248 346 90 402 285 482 327 226 420 493 382 0 426 280 191 221 254 
482 152 307 184 130 164 451 376 70 218 199 316 257 78 76 84 156 473 139 337 427 435 133 328 426 0 250 249 388 80 
115 154 358 241 354 446 429 456 252 113 85 122 270 168 143 438 73 165 194 101 398 435 207 370 280 250 0 499 383 368 
297 422 334 124 347 155 436 412 102 289 357 481 451 316 300 242 388 69 360 237 457 383 352 358 191 249 499 0 285 181 
104 326 279 305 122 200 345 403 253 450 94 164 258 89 472 238 490 494 489 439 381 57 54 325 221 388 383 285 0 174 
285 339 283 339 164 61 350 443 418 194 101 171 350 146 285 107 185 463 52 382 456 491 76 93 254 80 368 181 174 0 

936.5 0 12
936.5 1 25
936.5 2 11
936.5 3 19
936.5 4 27
936.5 5 28
936.5 6 27
936.5 7 8
936.5 8 9
936.5 9 19
936.5 10 1
936.5 11 25
936.5 12 10
936.5 13 24
936.5 14 0
936.5 15 4
936.5 16 2
936.5 17 14
936.5 18 0
936.5 19 20
936.5 20 27
936.5 21 3
936.5 22 9
936.5 23 28
936.5 24 16
936.5 25 24
936.5 26 18
936.5 27 13
936.5 28 19
936.5 29 18
