10 10 3 11

0.3 1 2
0.3 2 6
0.3 3 4
0.3 3 5
0.3 3 7
0.3 3 8
0.3 4 5
0.3 4 6
0.3 4 7
0.3 7 8
0.3 8 9

0 466 291 477 309 403 486 138 394 295 
466 0 441 442 395 51 314 446 428 107 
291 441 0 152 53 319 89 145 253 261 
477 442 152 0 137 99 203 241 115 54 
309 395 53 137 0 165 125 290 219 401 
403 51 319 99 165 0 82 156 193 164 
486 314 89 203 125 82 0 264 91 55 
138 446 145 241 290 156 264 0 160 220 
394 428 253 115 219 193 91 160 0 213 
295 107 261 54 401 164 55 220 213 0 

379 0 1
379 1 4
379 2 7
379 3 2
379 4 7
379 5 2
379 6 5
379 7 0
379 8 2
379 9 7
