30 30 3 43

0.4 0 3
0.4 0 21
0.4 0 23
0.4 1 11
0.4 1 12
0.4 1 29
0.4 2 6
0.4 2 11
0.4 2 24
0.4 3 4
0.4 4 12
0.4 4 17
0.4 5 6
0.4 5 24
0.4 5 28
0.4 6 14
0.4 6 22
0.4 6 24
0.4 7 22
0.4 8 13
0.4 8 26
0.4 9 12
0.4 9 14
0.4 9 16
0.4 9 22
0.4 9 27
0.4 9 29
0.4 10 15
0.4 11 22
0.4 11 26
0.4 13 18
0.4 13 19
0.4 13 24
0.4 14 20
0.4 19 21
0.4 19 25
0.4 19 28
0.4 20 22
0.4 21 25
0.4 22 26
0.4 24 26
0.4 25 27
0.4 27 28

0 415 439 80 485 406 411 219 270 202 324 468 233 334 420 241 112 171 489 278 226 241 101 212 410 448 244 204 317 169 
415 0 281 233 349 144 476 62 85 405 215 316 304 340 320 118 257 407 402 316 152 192 465 241 149 327 272 115 215 317 
439 281 0 186 103 199 459 440 285 468 83 143 252 184 223 487 371 295 53 263 83 245 103 118 315 454 247 161 346 379 
80 233 186 0 288 271 436 443 184 462 283 144 408 402 484 68 382 189 99 60 280 474 380 225 366 121 336 396 341 436 
485 349 103 288 0 306 329 480 230 400 357 85 265 441 421 403 186 65 411 116 332 125 394 209 160 256 75 81 125 238 
406 144 199 271 306 0 368 347 66 130 118 385 151 417 69 327 111 328 172 99 475 339 225 384 51 72 322 112 412 225 
411 476 459 436 329 368 0 420 214 312 150 379 488 239 424 409 303 305 83 455 172 365 237 264 75 280 491 374 452 483 
219 62 440 443 480 347 420 0 169 98 75 427 77 236 224 60 412 283 144 282 319 476 371 421 292 165 109 485 227 70 
270 85 285 184 230 66 214 169 0 351 130 114 406 140 478 474 485 301 61 263 294 482 301 82 420 171 275 398 199 343 
202 405 468 462 400 130 312 98 351 0 89 395 94 54 331 325 233 336 348 360 177 374 83 315 473 302 111 156 63 191 
324 215 83 283 357 118 150 75 130 89 0 347 107 85 196 456 390 238 473 400 63 498 111 142 361 237 315 307 308 247 
468 316 143 144 85 385 379 427 114 395 347 0 328 234 335 209 315 460 442 283 253 207 199 342 144 488 53 388 184 248 
233 304 252 408 265 151 488 77 406 94 107 328 0 297 318 172 379 458 393 434 405 476 485 402 181 59 98 215 168 411 
334 340 184 402 441 417 239 236 140 54 85 234 297 0 430 461 224 405 488 388 329 80 85 486 451 469 430 81 414 261 
420 320 223 484 421 69 424 224 478 331 196 335 318 430 0 245 339 411 113 392 222 193 481 66 358 280 381 206 441 138 
241 118 487 68 403 327 409 60 474 325 456 209 172 461 245 0 308 70 55 194 171 307 324 345 309 429 350 236 262 78 
112 257 371 382 186 111 303 412 485 233 390 315 379 224 339 308 0 368 489 193 151 262 156 356 239 442 373 292 128 174 
171 407 295 189 65 328 305 283 301 336 238 460 458 405 411 70 368 0 459 302 478 315 457 73 173 347 125 254 228 78 
489 402 53 99 411 172 83 144 61 348 473 442 393 488 113 55 489 459 0 316 126 332 61 378 401 279 115 165 418 498 
278 316 263 60 116 99 455 282 263 360 400 283 434 388 392 194 193 302 316 0 139 262 480 418 80 329 341 172 314 459 
226 152 83 280 332 475 172 319 294 177 63 253 405 329 222 171 151 478 126 139 0 443 210 222 74 297 355 103 226 464 
241 192 245 474 125 339 365 476 482 374 498 207 476 80 193 307 262 315 332 262 443 0 426 119 386 137 494 244 171 415 
101 465 103 380 394 225 237 371 301 83 111 199 485 85 481 324 156 457 61 480 210 426 0 209 304 344 282 454 185 479 
212 241 118 225 209 384 264 421 82 315 142 342 402 486 66 345 356 73 378 418 222 119 209 0 369 242 201 375 349 189 
410 149 315 366 160 51 75 292 420 473 361 144 181 451 358 309 239 173 401 80 74 386 304 369 0 467 272 84 431 293 
448 327 454 121 256 72 280 165 171 302 237 488 59 469 280 429 442 347 279 329 297 137 344 242 467 0 318 308 379 370 
244 272 247 336 75 322 491 109 275 111 315 53 98 430 381 350 373 125 115 341 355 494 282 201 272 318 0 368 58 244 
204 115 161 396 81 112 374 485 398 156 307 388 215 81 206 236 292 254 165 172 103 244 454 375 84 308 368 0 305 223 
317 215 346 341 125 412 452 227 199 63 308 184 168 414 441 262 128 228 418 314 226 171 185 349 431 379 58 305 0 455 
169 317 379 436 238 225 483 70 343 191 247 248 411 261 138 78 174 78 498 459 464 415 479 189 293 370 244 223 455 0 

967.5 0 7
967.5 1 20
967.5 2 28
967.5 3 9
967.5 4 6
967.5 5 26
967.5 6 21
967.5 7 2
967.5 8 6
967.5 9 17
967.5 10 15
967.5 11 5
967.5 12 19
967.5 13 0
967.5 14 18
967.5 15 14
967.5 16 4
967.5 17 0
967.5 18 21
967.5 19 25
967.5 20 16
967.5 21 22
967.5 22 10
967.5 23 24
967.5 24 27
967.5 25 27
967.5 26 10
967.5 27 0
967.5 28 12
967.5 29 4
