20 20 3 47

0.3 0 3
0.3 0 4
0.3 0 8
0.3 0 11
0.3 0 12
0.3 0 15
0.3 0 16
0.3 0 17
0.3 0 18
0.3 1 4
0.3 1 7
0.3 1 16
0.3 2 12
0.3 2 13
0.3 2 15
0.3 2 19
0.3 3 4
0.3 3 7
0.3 3 11
0.3 3 12
0.3 3 15
0.3 4 5
0.3 4 9
0.3 4 13
0.3 4 14
0.3 5 6
0.3 5 8
0.3 5 9
0.3 5 15
0.3 5 17
0.3 5 18
0.3 5 19
0.3 6 12
0.3 6 13
0.3 6 14
0.3 7 11
0.3 7 15
0.3 8 12
0.3 8 14
0.3 9 14
0.3 10 12
0.3 10 17
0.3 12 15
0.3 13 15
0.3 13 18
0.3 16 19
0.3 18 19

0 448 310 450 411 231 407 185 252 477 444 171 231 294 165 260 484 373 241 257 
448 0 274 289 112 122 93 463 138 266 215 333 204 329 403 147 263 246 204 180 
310 274 0 105 163 114 319 442 441 212 423 144 268 491 271 61 89 330 387 351 
450 289 105 0 66 280 390 225 199 139 469 367 394 87 453 196 386 275 440 198 
411 112 163 66 0 282 165 126 399 489 105 84 293 156 130 147 240 99 377 416 
231 122 114 280 282 0 359 169 214 393 87 233 256 438 273 97 249 377 106 336 
407 93 319 390 165 359 0 490 356 211 328 64 493 50 184 186 222 412 78 237 
185 463 442 225 126 169 490 0 394 102 447 441 211 132 492 392 464 441 296 193 
252 138 441 199 399 214 356 394 0 379 257 338 308 315 491 203 383 286 266 171 
477 266 212 139 489 393 211 102 379 0 269 228 372 90 284 123 213 485 401 414 
444 215 423 469 105 87 328 447 257 269 0 296 361 226 491 392 210 333 206 101 
171 333 144 367 84 233 64 441 338 228 296 0 229 389 246 492 373 278 379 197 
231 204 268 394 293 256 493 211 308 372 361 229 0 331 276 145 204 129 256 354 
294 329 491 87 156 438 50 132 315 90 226 389 331 0 201 432 163 471 268 500 
165 403 271 453 130 273 184 492 491 284 491 246 276 201 0 218 148 202 459 351 
260 147 61 196 147 97 186 392 203 123 392 492 145 432 218 0 111 319 452 447 
484 263 89 386 240 249 222 464 383 213 210 373 204 163 148 111 0 440 97 195 
373 246 330 275 99 377 412 441 286 485 333 278 129 471 202 319 440 0 233 434 
241 204 387 440 377 106 78 296 266 401 206 379 256 268 459 452 97 233 0 52 
257 180 351 198 416 336 237 193 171 414 101 197 354 500 351 447 195 434 52 0 

885.5 0 18
885.5 1 0
885.5 2 7
885.5 3 4
885.5 4 5
885.5 5 9
885.5 6 7
885.5 7 8
885.5 8 5
885.5 9 14
885.5 10 2
885.5 11 3
885.5 12 8
885.5 13 10
885.5 14 10
885.5 15 10
885.5 16 2
885.5 17 13
885.5 18 14
885.5 19 7
