20 20 4 19

0.3 0 2
0.3 0 4
0.3 0 7
0.3 1 5
0.3 1 9
0.3 2 8
0.3 2 10
0.3 3 15
0.3 4 10
0.3 6 15
0.3 6 16
0.3 9 10
0.3 9 14
0.3 10 16
0.3 10 18
0.3 11 15
0.3 11 18
0.3 11 19
0.3 12 13

0 405 223 443 281 433 62 194 369 180 347 420 367 447 211 331 334 422 484 113 
405 0 377 449 408 116 436 91 91 409 295 149 476 66 420 466 398 459 380 292 
223 377 0 152 170 158 112 423 445 82 181 474 241 425 346 105 218 349 302 343 
443 449 152 0 59 74 288 488 480 56 409 168 399 58 158 467 253 145 65 72 
281 408 170 59 0 67 224 497 471 419 82 224 483 324 59 412 243 126 104 277 
433 116 158 74 67 0 193 294 321 465 112 271 159 358 177 328 82 177 135 247 
62 436 112 288 224 193 0 248 422 123 308 112 120 162 475 148 469 243 279 64 
194 91 423 488 497 294 248 0 419 76 226 204 312 260 241 421 127 253 227 329 
369 91 445 480 471 321 422 419 0 490 153 241 392 277 368 151 264 278 286 333 
180 409 82 56 419 465 123 76 490 0 230 139 109 468 130 456 417 198 122 225 
347 295 181 409 82 112 308 226 153 230 0 332 158 440 430 289 201 492 73 388 
420 149 474 168 224 271 112 204 241 139 332 0 186 151 233 117 344 102 377 460 
367 476 241 399 483 159 120 312 392 109 158 186 0 192 200 232 346 136 322 283 
447 66 425 58 324 358 162 260 277 468 440 151 192 0 241 256 141 455 317 371 
211 420 346 158 59 177 475 241 368 130 430 233 200 241 0 57 494 109 55 95 
331 466 105 467 412 328 148 421 151 456 289 117 232 256 57 0 87 176 487 291 
334 398 218 253 243 82 469 127 264 417 201 344 346 141 494 87 0 352 165 142 
422 459 349 145 126 177 243 253 278 198 492 102 136 455 109 176 352 0 150 356 
484 380 302 65 104 135 279 227 286 122 73 377 322 317 55 487 165 150 0 376 
113 292 343 72 277 247 64 329 333 225 388 460 283 371 95 291 142 356 376 0 

461.67 0 15
461.67 1 2
461.67 2 17
461.67 3 5
461.67 4 18
461.67 5 9
461.67 6 9
461.67 7 1
461.67 8 18
461.67 9 6
461.67 10 6
461.67 11 14
461.67 12 17
461.67 13 14
461.67 14 13
461.67 15 16
461.67 16 11
461.67 17 3
461.67 18 4
461.67 19 5
