30 30 4 108

0.4 0 1
0.4 0 6
0.4 0 15
0.4 0 16
0.4 0 21
0.4 0 26
0.4 1 17
0.4 1 18
0.4 1 19
0.4 1 25
0.4 1 27
0.4 2 6
0.4 2 11
0.4 2 13
0.4 2 20
0.4 2 22
0.4 3 12
0.4 3 13
0.4 3 14
0.4 3 16
0.4 3 17
0.4 3 19
0.4 3 22
0.4 3 23
0.4 3 26
0.4 3 29
0.4 4 10
0.4 4 12
0.4 4 13
0.4 4 15
0.4 4 18
0.4 4 20
0.4 4 21
0.4 4 22
0.4 4 28
0.4 5 11
0.4 5 12
0.4 5 14
0.4 5 27
0.4 6 11
0.4 6 16
0.4 6 18
0.4 6 21
0.4 6 24
0.4 6 27
0.4 7 14
0.4 7 18
0.4 7 21
0.4 7 22
0.4 7 26
0.4 8 9
0.4 8 13
0.4 8 15
0.4 8 17
0.4 8 19
0.4 8 28
0.4 9 13
0.4 9 21
0.4 9 25
0.4 10 20
0.4 10 22
0.4 10 26
0.4 11 20
0.4 11 23
0.4 12 16
0.4 12 19
0.4 12 20
0.4 12 22
0.4 12 25
0.4 13 17
0.4 13 24
0.4 13 25
0.4 13 26
0.4 14 21
0.4 14 27
0.4 14 29
0.4 15 18
0.4 15 27
0.4 15 29
0.4 16 20
0.4 16 22
0.4 16 23
0.4 17 20
0.4 17 27
0.4 18 19
0.4 18 21
0.4 18 25
0.4 19 21
0.4 19 22
0.4 19 23
0.4 19 24
0.4 19 25
0.4 19 27
0.4 19 28
0.4 20 22
0.4 20 24
0.4 20 26
0.4 20 29
0.4 21 25
0.4 21 28
0.4 22 23
0.4 22 27
0.4 22 28
0.4 24 26
0.4 25 26
0.4 26 28
0.4 27 28
0.4 28 29

0 395 348 98 237 167 80 127 154 105 338 170 348 425 101 326 160 404 136 375 388 464 355 222 170 261 371 450 195 78 
395 0 58 294 476 330 157 458 137 490 76 139 317 137 500 137 159 276 365 263 180 346 483 199 350 481 490 102 173 418 
348 58 0 168 134 322 405 322 430 411 313 221 203 60 427 194 490 248 396 110 164 220 125 176 347 392 192 273 346 437 
98 294 168 0 272 422 341 471 499 397 449 188 259 369 465 263 159 373 89 418 355 330 406 184 426 210 194 108 311 223 
237 476 134 272 0 161 219 238 436 262 367 450 420 341 261 268 86 494 442 484 237 188 76 177 353 146 392 58 123 91 
167 330 322 422 161 0 99 402 438 284 238 64 415 211 384 281 454 235 72 65 391 93 207 453 500 363 155 350 398 282 
80 157 405 341 219 99 0 68 303 226 498 117 249 271 312 480 370 352 61 75 253 60 234 163 487 205 162 98 83 240 
127 458 322 471 238 402 68 0 436 290 200 204 145 160 77 344 420 337 301 191 311 339 135 382 369 266 128 407 388 371 
154 137 430 499 436 438 303 436 0 206 402 206 411 87 87 329 473 63 442 405 276 419 71 119 222 419 253 495 162 386 
105 490 411 397 262 284 226 290 206 0 319 261 405 116 277 397 153 456 468 483 134 390 410 224 392 258 322 440 383 480 
338 76 313 449 367 238 498 200 402 319 0 458 189 87 447 114 213 157 107 288 132 61 305 364 252 398 224 61 436 258 
170 139 221 188 450 64 117 204 206 261 458 0 438 226 208 439 249 208 69 160 278 306 367 194 112 479 323 156 68 498 
348 317 203 259 420 415 249 145 411 405 189 438 0 66 477 435 306 390 399 342 459 69 129 130 68 258 233 274 133 118 
425 137 60 369 341 211 271 160 87 116 87 226 66 0 298 387 128 251 368 374 345 382 341 146 411 384 196 472 131 401 
101 500 427 465 261 384 312 77 87 277 447 208 477 298 0 232 432 390 179 231 338 367 261 108 433 347 241 184 287 273 
326 137 194 263 268 281 480 344 329 397 114 439 435 387 232 0 104 500 174 445 132 463 379 70 401 186 442 449 446 409 
160 159 490 159 86 454 370 420 473 153 213 249 306 128 432 104 0 360 322 169 328 479 107 438 481 482 94 294 356 238 
404 276 248 373 494 235 352 337 63 456 157 208 390 251 390 500 360 0 51 172 109 120 99 336 156 305 219 367 258 59 
136 365 396 89 442 72 61 301 442 468 107 69 399 368 179 174 322 51 0 223 364 273 53 430 471 455 406 144 336 354 
375 263 110 418 484 65 75 191 405 483 288 160 342 374 231 445 169 172 223 0 226 255 447 449 381 50 184 241 60 300 
388 180 164 355 237 391 253 311 276 134 132 278 459 345 338 132 328 109 364 226 0 411 110 409 236 216 273 64 258 474 
464 346 220 330 188 93 60 339 419 390 61 306 69 382 367 463 479 120 273 255 411 0 310 265 117 143 298 188 410 190 
355 483 125 406 76 207 234 135 71 410 305 367 129 341 261 379 107 99 53 447 110 310 0 289 195 401 166 167 361 310 
222 199 176 184 177 453 163 382 119 224 364 194 130 146 108 70 438 336 430 449 409 265 289 0 463 403 77 176 205 438 
170 350 347 426 353 500 487 369 222 392 252 112 68 411 433 401 481 156 471 381 236 117 195 463 0 250 459 323 424 99 
261 481 392 210 146 363 205 266 419 258 398 479 258 384 347 186 482 305 455 50 216 143 401 403 250 0 166 390 500 171 
371 490 192 194 392 155 162 128 253 322 224 323 233 196 241 442 94 219 406 184 273 298 166 77 459 166 0 180 322 349 
450 102 273 108 58 350 98 407 495 440 61 156 274 472 184 449 294 367 144 241 64 188 167 176 323 390 180 0 307 229 
195 173 346 311 123 398 83 388 162 383 436 68 133 131 287 446 356 258 336 60 258 410 361 205 424 500 322 307 0 377 
78 418 437 223 91 282 240 371 386 480 258 498 118 401 273 409 238 59 354 300 474 190 310 438 99 171 349 229 377 0 

982 0 10
982 1 17
982 2 9
982 3 7
982 4 0
982 5 1
982 6 11
982 7 26
982 8 3
982 9 13
982 10 22
982 11 6
982 12 3
982 13 14
982 14 0
982 15 23
982 16 6
982 17 11
982 18 16
982 19 1
982 20 8
982 21 20
982 22 21
982 23 17
982 24 13
982 25 11
982 26 23
982 27 17
982 28 3
982 29 9
