40 40 4 195

0.4 0 1
0.4 0 3
0.4 0 8
0.4 0 10
0.4 0 12
0.4 0 14
0.4 0 19
0.4 0 24
0.4 0 26
0.4 0 30
0.4 0 36
0.4 0 37
0.4 0 38
0.4 0 39
0.4 1 6
0.4 1 9
0.4 1 20
0.4 1 23
0.4 1 24
0.4 1 37
0.4 2 7
0.4 2 13
0.4 2 16
0.4 2 18
0.4 2 21
0.4 2 22
0.4 2 27
0.4 2 28
0.4 2 32
0.4 2 33
0.4 2 37
0.4 3 9
0.4 3 11
0.4 3 12
0.4 3 15
0.4 3 16
0.4 3 19
0.4 3 21
0.4 3 22
0.4 3 27
0.4 3 33
0.4 3 36
0.4 3 38
0.4 4 16
0.4 4 18
0.4 4 21
0.4 4 22
0.4 4 24
0.4 4 27
0.4 4 33
0.4 5 8
0.4 5 11
0.4 5 14
0.4 5 25
0.4 5 29
0.4 5 31
0.4 5 38
0.4 5 39
0.4 6 8
0.4 6 10
0.4 6 12
0.4 6 19
0.4 6 21
0.4 6 33
0.4 6 37
0.4 7 14
0.4 7 16
0.4 7 19
0.4 7 33
0.4 7 35
0.4 7 39
0.4 8 19
0.4 8 21
0.4 8 24
0.4 8 32
0.4 9 12
0.4 9 13
0.4 9 14
0.4 9 22
0.4 9 29
0.4 9 33
0.4 9 38
0.4 10 14
0.4 10 15
0.4 10 18
0.4 10 22
0.4 10 24
0.4 10 25
0.4 10 30
0.4 10 39
0.4 11 14
0.4 11 17
0.4 11 19
0.4 11 20
0.4 11 21
0.4 11 22
0.4 11 23
0.4 11 26
0.4 11 28
0.4 11 31
0.4 11 36
0.4 11 37
0.4 11 38
0.4 12 14
0.4 12 15
0.4 12 24
0.4 12 30
0.4 12 39
0.4 13 16
0.4 13 18
0.4 13 24
0.4 13 25
0.4 13 26
0.4 13 27
0.4 13 30
0.4 14 17
0.4 14 23
0.4 14 24
0.4 15 25
0.4 15 29
0.4 15 30
0.4 15 38
0.4 15 39
0.4 16 32
0.4 16 34
0.4 16 36
0.4 16 38
0.4 17 21
0.4 17 24
0.4 17 32
0.4 17 33
0.4 17 34
0.4 18 21
0.4 18 23
0.4 18 28
0.4 18 29
0.4 19 34
0.4 19 35
0.4 19 36
0.4 19 37
0.4 19 38
0.4 19 39
0.4 20 26
0.4 20 29
0.4 20 31
0.4 20 34
0.4 20 35
0.4 20 38
0.4 21 23
0.4 21 26
0.4 21 28
0.4 21 32
0.4 21 34
0.4 21 36
0.4 21 37
0.4 22 24
0.4 22 31
0.4 22 33
0.4 22 34
0.4 22 37
0.4 23 24
0.4 23 27
0.4 23 31
0.4 23 32
0.4 23 34
0.4 23 36
0.4 23 38
0.4 24 26
0.4 24 28
0.4 24 30
0.4 24 36
0.4 24 38
0.4 24 39
0.4 25 35
0.4 26 36
0.4 26 37
0.4 27 28
0.4 27 30
0.4 28 31
0.4 28 36
0.4 28 38
0.4 29 33
0.4 29 34
0.4 29 36
0.4 30 38
0.4 31 33
0.4 31 34
0.4 31 35
0.4 31 36
0.4 31 39
0.4 32 35
0.4 32 37
0.4 33 37
0.4 34 39
0.4 35 37

0 481 415 78 263 124 484 430 325 226 324 309 272 223 438 120 212 443 158 205 329 62 353 159 423 276 230 224 428 80 300 386 203 381 290 415 161 429 74 463 
481 0 218 145 475 284 188 123 164 303 98 498 288 423 367 241 156 315 328 174 354 81 61 268 194 404 317 312 408 395 55 494 357 454 479 74 166 315 309 477 
415 218 0 368 314 302 400 155 190 110 466 494 420 318 386 288 317 281 417 363 96 400 131 132 358 235 221 102 333 361 487 65 70 482 358 168 382 82 185 490 
78 145 368 0 304 437 254 164 305 246 223 150 333 216 86 379 286 77 217 390 210 299 459 194 242 407 496 364 276 459 401 128 282 339 490 412 456 167 221 253 
263 475 314 304 0 137 322 432 78 106 59 323 240 346 429 170 248 436 248 292 349 246 428 275 112 335 84 197 131 302 122 395 458 73 492 261 358 309 200 237 
124 284 302 437 137 0 494 466 359 392 287 364 232 463 259 211 109 198 130 158 303 307 268 288 487 306 151 282 144 193 201 137 364 249 60 451 312 281 413 405 
484 188 400 254 322 494 0 135 333 480 424 290 431 75 64 196 214 431 498 191 165 364 355 272 219 225 478 387 329 441 410 280 268 306 290 199 359 193 470 204 
430 123 155 164 432 466 135 0 380 115 439 334 220 130 423 336 214 478 90 253 93 328 208 439 361 257 438 368 201 140 266 304 468 203 237 345 236 244 119 106 
325 164 190 305 78 359 333 380 0 328 360 393 297 271 385 263 124 412 178 489 208 138 302 122 145 450 336 484 291 495 142 109 180 94 125 486 482 323 177 211 
226 303 110 246 106 392 480 115 328 0 78 355 258 280 103 158 343 88 382 498 386 177 211 124 437 289 384 421 110 269 256 128 346 490 288 224 494 196 266 126 
324 98 466 223 59 287 424 439 360 78 0 167 494 123 162 118 98 302 496 93 68 245 427 206 200 205 479 470 294 498 260 59 477 115 378 197 492 184 84 424 
309 498 494 150 323 364 290 334 393 355 167 0 102 371 117 344 177 462 257 80 347 174 89 411 289 269 348 462 159 285 361 75 205 292 85 379 76 278 54 231 
272 288 420 333 240 232 431 220 297 258 494 102 0 102 484 135 455 174 249 215 90 481 110 289 418 275 108 114 301 86 253 195 491 191 75 220 229 92 208 461 
223 423 318 216 346 463 75 130 271 280 123 371 102 0 88 348 372 149 489 408 399 498 225 340 438 130 442 61 214 292 251 469 202 460 353 429 336 213 452 326 
438 367 386 86 429 259 64 423 385 103 162 117 484 88 0 173 368 134 406 359 417 334 285 385 267 336 298 101 335 150 397 484 395 287 187 99 297 58 370 492 
120 241 288 379 170 211 196 336 263 158 118 344 135 348 173 0 494 92 63 131 186 329 123 144 113 126 103 92 262 337 495 92 289 269 289 339 441 297 307 424 
212 156 317 286 248 109 214 214 124 343 98 177 455 372 368 494 0 462 476 125 397 300 296 254 60 67 147 116 278 212 108 220 372 396 75 236 248 466 422 427 
443 315 281 77 436 198 431 478 412 88 302 462 174 149 134 92 462 0 433 106 74 450 319 186 97 486 273 367 102 191 233 91 436 264 221 345 396 377 161 350 
158 328 417 217 248 130 498 90 178 382 496 257 249 489 406 63 476 433 0 211 328 128 419 305 269 365 328 484 313 98 414 482 478 223 413 270 78 443 314 396 
205 174 363 390 292 158 191 253 489 498 93 80 215 408 359 131 125 106 211 0 149 214 423 180 177 191 227 120 76 197 249 133 455 328 308 54 281 211 178 90 
329 354 96 210 349 303 165 93 208 386 68 347 90 399 417 186 397 74 328 149 0 335 271 432 337 424 108 420 168 244 488 290 433 173 89 206 499 159 403 83 
62 81 400 299 246 307 364 328 138 177 245 174 481 498 334 329 300 450 128 214 335 0 92 365 316 131 404 337 179 361 110 226 203 76 225 393 96 392 310 248 
353 61 131 459 428 268 355 208 302 211 427 89 110 225 285 123 296 319 419 423 271 92 0 112 61 254 451 343 267 223 199 193 147 162 319 382 162 471 257 269 
159 268 132 194 275 288 272 439 122 124 206 411 289 340 385 144 254 186 305 180 432 365 112 0 431 190 301 248 238 118 105 196 128 313 362 327 195 292 395 129 
423 194 358 242 112 487 219 361 145 437 200 289 418 438 267 113 60 97 269 177 337 316 61 431 0 385 475 271 99 247 283 281 190 305 173 153 490 57 152 332 
276 404 235 407 335 306 225 257 450 289 205 269 275 130 336 126 67 486 365 191 424 131 254 190 385 0 142 157 310 440 475 426 279 323 171 67 282 256 472 464 
230 317 221 496 84 151 478 438 336 384 479 348 108 442 298 103 147 273 328 227 108 404 451 301 475 142 0 358 287 63 302 170 455 241 415 381 243 85 408 65 
224 312 102 364 197 282 387 368 484 421 470 462 114 61 101 92 116 367 484 120 420 337 343 248 271 157 358 0 53 52 430 289 429 352 53 441 103 290 234 136 
428 408 333 276 131 144 329 201 291 110 294 159 301 214 335 262 278 102 313 76 168 179 267 238 99 310 287 53 0 457 488 111 341 347 430 444 427 129 353 357 
80 395 361 459 302 193 441 140 495 269 498 285 86 292 150 337 212 191 98 197 244 361 223 118 247 440 63 52 457 0 60 364 74 174 348 414 166 492 229 121 
300 55 487 401 122 201 410 266 142 256 260 361 253 251 397 495 108 233 414 249 488 110 199 105 283 475 302 430 488 60 0 299 434 102 338 98 286 136 95 116 
386 494 65 128 395 137 280 304 109 128 59 75 195 469 484 92 220 91 482 133 290 226 193 196 281 426 170 289 111 364 299 0 250 434 219 114 87 58 378 76 
203 357 70 282 458 364 268 468 180 346 477 205 491 202 395 289 372 436 478 455 433 203 147 128 190 279 455 429 341 74 434 250 0 334 83 194 282 307 488 304 
381 454 482 339 73 249 306 203 94 490 115 292 191 460 287 269 396 264 223 328 173 76 162 313 305 323 241 352 347 174 102 434 334 0 402 216 167 375 437 313 
290 479 358 490 492 60 290 237 125 288 378 85 75 353 187 289 75 221 413 308 89 225 319 362 173 171 415 53 430 348 338 219 83 402 0 476 250 175 305 279 
415 74 168 412 261 451 199 345 486 224 197 379 220 429 99 339 236 345 270 54 206 393 382 327 153 67 381 441 444 414 98 114 194 216 476 0 140 115 394 491 
161 166 382 456 358 312 359 236 482 494 492 76 229 336 297 441 248 396 78 281 499 96 162 195 490 282 243 103 427 166 286 87 282 167 250 140 0 362 349 217 
429 315 82 167 309 281 193 244 323 196 184 278 92 213 58 297 466 377 443 211 159 392 471 292 57 256 85 290 129 492 136 58 307 375 175 115 362 0 274 190 
74 309 185 221 200 413 470 119 177 266 84 54 208 452 370 307 422 161 314 178 403 310 257 395 152 472 408 234 353 229 95 378 488 437 305 394 349 274 0 96 
463 477 490 253 237 405 204 106 211 126 424 231 461 326 492 424 427 350 396 90 83 248 269 129 332 464 65 136 357 121 116 76 304 313 279 491 217 190 96 0 

1291 0 11
1291 1 20
1291 2 27
1291 3 29
1291 4 21
1291 5 2
1291 6 8
1291 7 22
1291 8 31
1291 9 8
1291 10 11
1291 11 22
1291 12 5
1291 13 6
1291 14 18
1291 15 22
1291 16 19
1291 17 2
1291 18 19
1291 19 1
1291 20 3
1291 21 36
1291 22 20
1291 23 15
1291 24 12
1291 25 15
1291 26 7
1291 27 8
1291 28 23
1291 29 9
1291 30 27
1291 31 23
1291 32 29
1291 33 4
1291 34 3
1291 35 11
1291 36 6
1291 37 11
1291 38 33
1291 39 26
