10 10 4 11

0.2 0 6
0.2 0 7
0.2 1 4
0.2 2 3
0.2 2 4
0.2 2 6
0.2 2 7
0.2 3 8
0.2 3 9
0.2 5 6
0.2 7 8

0 463 374 156 371 135 297 380 402 92 
463 0 172 420 426 301 203 168 75 341 
374 172 0 479 335 267 190 341 236 207 
156 420 479 0 408 474 493 144 365 134 
371 426 335 408 0 337 108 91 155 455 
135 301 267 474 337 0 232 397 114 499 
297 203 190 493 108 232 0 262 471 385 
380 168 341 144 91 397 262 0 75 221 
402 75 236 365 155 114 471 75 0 472 
92 341 207 134 455 499 385 221 472 0 

249 0 2
249 1 0
249 2 4
249 3 4
249 4 6
249 5 0
249 6 2
249 7 0
249 8 7
249 9 3
