20 20 4 47

0.2 0 12
0.2 0 17
0.2 1 7
0.2 1 13
0.2 2 18
0.2 2 19
0.2 3 6
0.2 3 9
0.2 3 10
0.2 3 11
0.2 3 15
0.2 3 18
0.2 4 12
0.2 4 15
0.2 5 8
0.2 5 10
0.2 5 14
0.2 6 9
0.2 6 13
0.2 6 14
0.2 6 16
0.2 6 17
0.2 6 18
0.2 6 19
0.2 7 9
0.2 7 13
0.2 7 18
0.2 8 11
0.2 8 18
0.2 9 11
0.2 9 14
0.2 9 16
0.2 9 17
0.2 10 14
0.2 11 17
0.2 11 19
0.2 12 13
0.2 12 14
0.2 12 16
0.2 12 17
0.2 12 18
0.2 12 19
0.2 13 19
0.2 14 18
0.2 14 19
0.2 16 19
0.2 17 19

0 235 61 462 162 95 268 72 421 408 113 431 326 125 270 130 387 438 205 343 
235 0 430 363 406 279 371 346 175 192 133 185 453 60 461 419 208 348 109 113 
61 430 0 169 108 370 139 125 153 367 239 348 345 89 100 478 50 175 143 254 
462 363 169 0 392 457 217 402 155 466 410 448 192 399 341 162 348 307 252 246 
162 406 108 392 0 407 171 66 393 290 57 312 174 340 56 250 465 97 169 467 
95 279 370 457 407 0 214 237 289 413 117 473 134 119 253 488 341 163 66 152 
268 371 139 217 171 214 0 67 323 451 330 307 311 67 373 409 354 215 172 228 
72 346 125 402 66 237 67 0 255 159 79 173 331 244 215 149 217 403 394 390 
421 175 153 155 393 289 323 255 0 369 169 365 243 500 97 327 420 196 488 477 
408 192 367 466 290 413 451 159 369 0 405 95 180 409 271 478 275 192 69 442 
113 133 239 410 57 117 330 79 169 405 0 203 395 298 96 373 471 276 422 300 
431 185 348 448 312 473 307 173 365 95 203 0 82 448 181 277 191 424 345 445 
326 453 345 192 174 134 311 331 243 180 395 82 0 220 82 233 321 375 242 326 
125 60 89 399 340 119 67 244 500 409 298 448 220 0 377 489 151 264 119 455 
270 461 100 341 56 253 373 215 97 271 96 181 82 377 0 74 223 204 283 260 
130 419 478 162 250 488 409 149 327 478 373 277 233 489 74 0 198 262 296 175 
387 208 50 348 465 341 354 217 420 275 471 191 321 151 223 198 0 178 451 414 
438 348 175 307 97 163 215 403 196 192 276 424 375 264 204 262 178 0 89 379 
205 109 143 252 169 66 172 394 488 69 422 345 242 119 283 296 451 89 0 192 
343 113 254 246 467 152 228 390 477 442 300 445 326 455 260 175 414 379 192 0 

369.5 0 13
369.5 1 10
369.5 2 14
369.5 3 11
369.5 4 6
369.5 5 13
369.5 6 15
369.5 7 8
369.5 8 3
369.5 9 6
369.5 10 13
369.5 11 12
369.5 12 9
369.5 13 11
369.5 14 7
369.5 15 11
369.5 16 18
369.5 17 6
369.5 18 0
369.5 19 0
