20 20 4 19

0.3 0 1
0.3 0 11
0.3 0 12
0.3 0 16
0.3 0 18
0.3 1 2
0.3 1 10
0.3 1 16
0.3 2 12
0.3 2 16
0.3 3 12
0.3 3 16
0.3 5 6
0.3 6 19
0.3 7 14
0.3 9 16
0.3 9 17
0.3 14 18
0.3 14 19

0 396 332 331 394 473 318 368 53 127 87 217 231 407 68 150 391 145 182 236 
396 0 382 193 368 455 449 408 430 86 230 499 359 419 406 389 143 442 301 438 
332 382 0 439 164 53 186 307 100 235 288 466 92 408 82 412 317 64 233 137 
331 193 439 0 166 219 428 279 399 241 223 337 416 500 138 400 296 252 293 142 
394 368 164 166 0 185 149 499 469 202 365 258 306 185 187 51 383 444 234 418 
473 455 53 219 185 0 130 442 432 414 387 395 451 346 88 87 161 101 360 418 
318 449 186 428 149 130 0 170 437 403 60 143 330 256 319 63 434 265 222 219 
368 408 307 279 499 442 170 0 161 413 232 364 208 453 496 257 421 407 370 279 
53 430 100 399 469 432 437 161 0 133 50 363 363 62 130 222 430 481 117 82 
127 86 235 241 202 414 403 413 133 0 317 282 169 255 234 359 429 124 298 426 
87 230 288 223 365 387 60 232 50 317 0 56 246 418 302 464 258 370 306 388 
217 499 466 337 258 395 143 364 363 282 56 0 93 106 81 174 370 154 319 331 
231 359 92 416 306 451 330 208 363 169 246 93 0 219 270 128 437 409 144 276 
407 419 408 500 185 346 256 453 62 255 418 106 219 0 460 425 496 50 409 69 
68 406 82 138 187 88 319 496 130 234 302 81 270 460 0 298 347 159 171 339 
150 389 412 400 51 87 63 257 222 359 464 174 128 425 298 0 153 299 86 459 
391 143 317 296 383 161 434 421 430 429 258 370 437 496 347 153 0 144 180 68 
145 442 64 252 444 101 265 407 481 124 370 154 409 50 159 299 144 0 373 72 
182 301 233 293 234 360 222 370 117 298 306 319 144 409 171 86 180 373 0 319 
236 438 137 142 418 418 219 279 82 426 388 331 276 69 339 459 68 72 319 0 

479.82 0 14
479.82 1 8
479.82 2 1
479.82 3 8
479.82 4 1
479.82 5 4
479.82 6 10
479.82 7 15
479.82 8 9
479.82 9 5
479.82 10 2
479.82 11 8
479.82 12 17
479.82 13 8
479.82 14 4
479.82 15 5
479.82 16 18
479.82 17 7
479.82 18 11
479.82 19 1
