20 20 4 38

0.4 0 2
0.4 0 3
0.4 0 18
0.4 0 19
0.4 1 16
0.4 2 5
0.4 2 10
0.4 2 15
0.4 2 16
0.4 3 7
0.4 3 8
0.4 3 19
0.4 4 12
0.4 4 16
0.4 4 18
0.4 4 19
0.4 5 6
0.4 5 10
0.4 5 12
0.4 5 18
0.4 6 7
0.4 6 13
0.4 7 14
0.4 7 15
0.4 7 17
0.4 7 18
0.4 8 14
0.4 9 15
0.4 9 16
0.4 11 13
0.4 11 16
0.4 11 19
0.4 12 14
0.4 13 14
0.4 13 17
0.4 13 19
0.4 14 17
0.4 14 18

0 156 268 298 279 481 168 449 125 97 414 490 149 289 50 199 159 147 239 202 
156 0 458 412 242 90 239 236 150 464 317 121 266 245 482 84 292 204 198 157 
268 458 0 408 457 69 435 373 476 228 412 231 489 128 385 67 454 334 248 368 
298 412 408 0 497 308 397 171 231 54 348 103 83 319 163 320 141 417 269 196 
279 242 457 497 0 162 206 355 369 217 214 196 477 327 200 79 176 440 403 412 
481 90 69 308 162 0 321 277 434 415 324 88 205 447 203 470 324 303 490 403 
168 239 435 397 206 321 0 358 235 94 376 79 449 329 469 154 498 278 268 280 
449 236 373 171 355 277 358 0 487 443 369 133 71 282 173 348 85 495 279 451 
125 150 476 231 369 434 235 487 0 223 60 407 147 193 398 296 499 98 179 351 
97 464 228 54 217 415 94 443 223 0 248 219 378 400 259 308 377 85 231 353 
414 317 412 348 214 324 376 369 60 248 0 318 191 463 149 384 433 378 462 236 
490 121 231 103 196 88 79 133 407 219 318 0 415 246 102 77 257 333 370 408 
149 266 489 83 477 205 449 71 147 378 191 415 0 302 207 207 477 242 352 425 
289 245 128 319 327 447 329 282 193 400 463 246 302 0 377 490 241 123 71 182 
50 482 385 163 200 203 469 173 398 259 149 102 207 377 0 247 414 286 467 313 
199 84 67 320 79 470 154 348 296 308 384 77 207 490 247 0 109 107 55 172 
159 292 454 141 176 324 498 85 499 377 433 257 477 241 414 109 0 365 355 401 
147 204 334 417 440 303 278 495 98 85 378 333 242 123 286 107 365 0 384 215 
239 198 248 269 403 490 268 279 179 231 462 370 352 71 467 55 355 384 0 368 
202 157 368 196 412 403 280 451 351 353 236 408 425 182 313 172 401 215 368 0 

757.5 0 1
757.5 1 16
757.5 2 0
757.5 3 6
757.5 4 6
757.5 5 9
757.5 6 4
757.5 7 0
757.5 8 6
757.5 9 13
757.5 10 3
757.5 11 12
757.5 12 11
757.5 13 3
757.5 14 12
757.5 15 13
757.5 16 9
757.5 17 16
757.5 18 13
757.5 19 1
