40 40 3 156

0.25 0 4
0.25 0 5
0.25 0 13
0.25 0 15
0.25 0 30
0.25 0 33
0.25 0 34
0.25 0 37
0.25 0 38
0.25 1 3
0.25 1 6
0.25 1 9
0.25 1 10
0.25 1 12
0.25 1 14
0.25 1 28
0.25 1 29
0.25 1 34
0.25 1 36
0.25 1 37
0.25 2 3
0.25 2 7
0.25 2 8
0.25 2 13
0.25 2 25
0.25 2 27
0.25 2 32
0.25 2 38
0.25 3 7
0.25 3 9
0.25 3 12
0.25 3 19
0.25 3 20
0.25 3 27
0.25 3 32
0.25 3 35
0.25 3 38
0.25 3 39
0.25 4 15
0.25 4 18
0.25 4 24
0.25 4 25
0.25 4 30
0.25 4 33
0.25 4 35
0.25 4 39
0.25 5 8
0.25 5 9
0.25 5 18
0.25 5 20
0.25 5 24
0.25 5 26
0.25 5 33
0.25 5 34
0.25 6 9
0.25 6 10
0.25 6 16
0.25 6 20
0.25 6 24
0.25 6 35
0.25 6 37
0.25 7 38
0.25 8 11
0.25 8 13
0.25 8 20
0.25 8 22
0.25 8 23
0.25 8 26
0.25 8 28
0.25 8 34
0.25 9 12
0.25 9 16
0.25 9 18
0.25 9 25
0.25 9 28
0.25 10 11
0.25 10 14
0.25 10 21
0.25 10 31
0.25 11 14
0.25 11 18
0.25 11 19
0.25 11 21
0.25 11 29
0.25 12 21
0.25 12 27
0.25 12 30
0.25 12 35
0.25 12 36
0.25 12 39
0.25 13 15
0.25 13 26
0.25 13 29
0.25 13 30
0.25 13 33
0.25 13 38
0.25 14 17
0.25 14 21
0.25 14 26
0.25 14 29
0.25 14 38
0.25 15 18
0.25 15 20
0.25 15 26
0.25 15 31
0.25 15 32
0.25 15 36
0.25 15 38
0.25 16 20
0.25 16 22
0.25 16 24
0.25 16 35
0.25 17 24
0.25 17 26
0.25 17 31
0.25 17 34
0.25 17 38
0.25 17 39
0.25 18 21
0.25 18 22
0.25 18 28
0.25 18 32
0.25 18 33
0.25 18 37
0.25 19 20
0.25 19 33
0.25 20 25
0.25 20 28
0.25 21 24
0.25 21 28
0.25 21 39
0.25 22 27
0.25 22 31
0.25 22 34
0.25 22 39
0.25 23 30
0.25 23 35
0.25 24 32
0.25 25 29
0.25 25 31
0.25 25 32
0.25 25 38
0.25 25 39
0.25 26 29
0.25 27 39
0.25 28 30
0.25 28 35
0.25 28 36
0.25 28 37
0.25 31 32
0.25 31 38
0.25 32 34
0.25 33 35
0.25 33 39
0.25 34 39
0.25 37 38

0 444 175 439 387 114 289 276 445 115 376 264 306 223 386 281 103 223 358 487 96 321 437 209 105 428 328 366 436 225 175 192 264 152 174 415 58 347 454 98 
444 0 176 410 437 78 400 199 165 176 307 412 481 467 252 399 414 455 441 382 494 284 144 305 492 293 425 379 83 261 267 429 245 305 69 81 114 137 132 402 
175 176 0 163 437 393 122 307 119 343 431 496 329 484 335 253 390 314 126 473 386 353 381 401 275 254 280 236 206 215 301 108 129 455 311 56 483 60 140 363 
439 410 163 0 87 418 203 322 144 258 448 394 148 486 493 305 62 234 446 288 327 438 433 266 211 386 64 497 285 161 143 199 413 331 65 222 453 494 485 444 
387 437 437 87 0 384 175 244 290 213 460 113 445 367 374 328 455 489 82 118 105 131 157 76 168 452 80 324 155 294 432 71 473 337 399 259 196 432 95 190 
114 78 393 418 384 0 246 339 246 407 313 160 248 426 488 426 382 239 67 120 273 418 473 70 395 214 151 63 291 127 168 247 82 392 104 148 118 118 462 420 
289 400 122 203 175 246 0 424 290 493 401 464 54 447 298 288 142 472 331 467 164 250 252 295 468 500 442 177 471 152 387 74 437 173 101 430 284 196 98 369 
276 199 307 322 244 339 424 0 199 312 443 207 437 73 110 313 442 301 442 82 472 53 240 337 62 263 79 310 358 399 58 164 343 87 228 238 434 415 437 240 
445 165 119 144 290 246 290 199 0 325 462 400 60 396 73 292 386 237 239 238 333 427 81 303 103 412 355 284 321 368 478 462 494 85 386 132 441 483 195 388 
115 176 343 258 213 407 493 312 325 0 207 416 85 114 152 420 203 147 74 225 162 302 104 439 480 481 327 208 241 330 493 51 438 329 51 136 345 81 132 274 
376 307 431 448 460 313 401 443 462 207 0 447 312 276 54 466 465 473 356 50 408 200 268 187 169 424 237 411 485 463 133 156 450 332 480 332 108 464 189 444 
264 412 496 394 113 160 464 207 400 416 447 0 317 289 271 71 244 465 181 166 334 474 316 183 319 80 276 225 131 189 307 94 88 244 277 288 203 165 82 170 
306 481 329 148 445 248 54 437 60 85 312 317 0 177 363 315 414 412 337 347 148 296 164 127 55 375 82 237 231 277 455 64 452 302 206 166 484 357 350 199 
223 467 484 486 367 426 447 73 396 114 276 289 177 0 441 79 236 259 417 358 289 292 205 295 396 148 450 473 192 448 272 318 474 392 387 110 208 185 426 287 
386 252 335 493 374 488 298 110 73 152 54 271 363 441 0 297 106 262 110 106 307 300 397 155 321 299 187 259 492 270 83 316 110 205 206 418 179 233 100 149 
281 399 253 305 328 426 288 313 292 420 466 71 315 79 297 0 355 222 292 423 386 351 288 329 98 184 269 425 407 458 158 97 255 201 80 56 343 84 262 129 
103 414 390 62 455 382 142 442 386 203 465 244 414 236 106 355 0 172 437 59 113 271 161 485 405 127 374 248 380 346 492 426 399 222 279 433 182 253 199 73 
223 455 314 234 489 239 472 301 237 147 473 465 412 259 262 222 172 0 295 346 133 414 400 187 259 174 217 498 464 261 247 63 124 167 180 150 119 388 497 400 
358 441 126 446 82 67 331 442 239 74 356 181 337 417 110 292 437 295 0 197 353 79 421 140 235 209 350 374 372 120 455 50 463 186 184 477 465 268 283 117 
487 382 473 288 118 120 467 82 238 225 50 166 347 358 106 423 59 346 197 0 353 311 414 459 294 339 472 141 60 432 459 380 279 475 372 360 362 79 426 340 
96 494 386 327 105 273 164 472 333 162 408 334 148 289 307 386 113 133 353 353 0 75 307 453 336 69 222 267 211 432 318 473 303 154 232 268 227 67 344 484 
321 284 353 438 131 418 250 53 427 302 200 474 296 292 300 351 271 414 79 311 75 0 394 254 236 480 484 454 369 442 386 318 280 143 471 233 118 205 272 156 
437 144 381 433 157 473 252 240 81 104 268 316 164 205 397 288 161 400 421 414 307 394 0 163 156 387 305 309 384 442 390 266 251 346 428 172 205 274 224 324 
209 305 401 266 76 70 295 337 303 439 187 183 127 295 155 329 485 187 140 459 453 254 163 0 164 425 346 116 303 349 466 118 371 130 168 230 478 447 80 188 
105 492 275 211 168 395 468 62 103 480 169 319 55 396 321 98 405 259 235 294 336 236 156 164 0 238 400 181 135 67 328 491 477 350 257 158 120 315 94 148 
428 293 254 386 452 214 500 263 412 481 424 80 375 148 299 184 127 174 209 339 69 480 387 425 238 0 143 237 94 82 239 300 257 437 105 397 424 70 282 183 
328 425 280 64 80 151 442 79 355 327 237 276 82 450 187 269 374 217 350 472 222 484 305 346 400 143 0 307 318 358 483 63 385 286 255 136 438 140 110 434 
366 379 236 497 324 63 177 310 284 208 411 225 237 473 259 425 248 498 374 141 267 454 309 116 181 237 307 0 409 152 116 473 450 178 219 301 244 490 134 125 
436 83 206 285 155 291 471 358 321 241 485 131 231 192 492 407 380 464 372 60 211 369 384 303 135 94 318 409 0 126 96 366 122 137 275 296 430 299 333 50 
225 261 215 161 294 127 152 399 368 330 463 189 277 448 270 458 346 261 120 432 432 442 442 349 67 82 358 152 126 0 342 110 201 463 200 269 404 237 278 190 
175 267 301 143 432 168 387 58 478 493 133 307 455 272 83 158 492 247 455 459 318 386 390 466 328 239 483 116 96 342 0 70 470 464 192 253 297 116 449 356 
192 429 108 199 71 247 74 164 462 51 156 94 64 318 316 97 426 63 50 380 473 318 266 118 491 300 63 473 366 110 70 0 336 239 400 418 194 352 286 98 
264 245 129 413 473 82 437 343 494 438 450 88 452 474 110 255 399 124 463 279 303 280 251 371 477 257 385 450 122 201 470 336 0 267 426 300 224 324 360 298 
152 305 455 331 337 392 173 87 85 329 332 244 302 392 205 201 222 167 186 475 154 143 346 130 350 437 286 178 137 463 464 239 267 0 453 467 279 333 295 426 
174 69 311 65 399 104 101 228 386 51 480 277 206 387 206 80 279 180 184 372 232 471 428 168 257 105 255 219 275 200 192 400 426 453 0 346 146 101 477 249 
415 81 56 222 259 148 430 238 132 136 332 288 166 110 418 56 433 150 477 360 268 233 172 230 158 397 136 301 296 269 253 418 300 467 346 0 127 462 161 438 
58 114 483 453 196 118 284 434 441 345 108 203 484 208 179 343 182 119 465 362 227 118 205 478 120 424 438 244 430 404 297 194 224 279 146 127 0 158 257 345 
347 137 60 494 432 118 196 415 483 81 464 165 357 185 233 84 253 388 268 79 67 205 274 447 315 70 140 490 299 237 116 352 324 333 101 462 158 0 74 117 
454 132 140 485 95 462 98 437 195 132 189 82 350 426 100 262 199 497 283 426 344 272 224 80 94 282 110 134 333 278 449 286 360 295 477 161 257 74 0 385 
98 402 363 444 190 420 369 240 388 274 444 170 199 287 149 129 73 400 117 340 484 156 324 188 148 183 434 125 50 190 356 98 298 426 249 438 345 117 385 0 

822.69 0 15
822.69 1 0
822.69 2 26
822.69 3 28
822.69 4 5
822.69 5 23
822.69 6 37
822.69 7 8
822.69 8 17
822.69 9 2
822.69 10 14
822.69 11 25
822.69 12 25
822.69 13 9
822.69 14 29
822.69 15 37
822.69 16 18
822.69 17 20
822.69 18 28
822.69 19 6
822.69 20 31
822.69 21 9
822.69 22 23
822.69 23 10
822.69 24 34
822.69 25 21
822.69 26 29
822.69 27 12
822.69 28 9
822.69 29 32
822.69 30 8
822.69 31 24
822.69 32 21
822.69 33 23
822.69 34 2
822.69 35 27
822.69 36 35
822.69 37 1
822.69 38 24
822.69 39 13
