10 10 4 9

0.4 0 5
0.4 1 4
0.4 2 5
0.4 3 6
0.4 4 9
0.4 5 6
0.4 6 8
0.4 7 9
0.4 8 9

0 81 410 223 272 395 402 126 252 279 
81 0 340 321 327 313 294 487 184 434 
410 340 0 410 320 165 437 336 80 154 
223 321 410 0 474 358 324 304 283 305 
272 327 320 474 0 386 488 231 300 408 
395 313 165 358 386 0 460 267 370 499 
402 294 437 324 488 460 0 284 456 117 
126 487 336 304 231 267 284 0 328 279 
252 184 80 283 300 370 456 328 0 113 
279 434 154 305 408 499 117 279 113 0 

660 0 7
660 1 6
660 2 8
660 3 1
660 4 5
660 5 7
660 6 8
660 7 6
660 8 0
660 9 5
