40 40 4 156

0.3 0 3
0.3 0 4
0.3 0 12
0.3 0 13
0.3 0 14
0.3 0 16
0.3 0 21
0.3 0 24
0.3 0 31
0.3 0 38
0.3 0 39
0.3 1 4
0.3 1 7
0.3 1 8
0.3 1 18
0.3 1 23
0.3 1 32
0.3 1 37
0.3 2 7
0.3 2 8
0.3 2 12
0.3 2 19
0.3 2 20
0.3 2 23
0.3 3 4
0.3 3 5
0.3 3 12
0.3 3 13
0.3 3 24
0.3 3 28
0.3 3 31
0.3 3 37
0.3 3 38
0.3 4 10
0.3 4 23
0.3 4 26
0.3 4 28
0.3 4 30
0.3 4 31
0.3 5 6
0.3 5 7
0.3 5 12
0.3 5 14
0.3 5 16
0.3 5 27
0.3 5 33
0.3 5 38
0.3 6 10
0.3 6 14
0.3 6 17
0.3 6 20
0.3 6 23
0.3 6 24
0.3 6 27
0.3 6 38
0.3 7 13
0.3 7 16
0.3 7 25
0.3 7 28
0.3 7 39
0.3 8 13
0.3 8 20
0.3 8 23
0.3 8 28
0.3 8 38
0.3 9 12
0.3 9 21
0.3 9 24
0.3 9 33
0.3 9 34
0.3 10 13
0.3 10 20
0.3 10 24
0.3 10 27
0.3 10 29
0.3 11 12
0.3 11 14
0.3 11 16
0.3 11 21
0.3 11 23
0.3 11 27
0.3 11 31
0.3 11 37
0.3 11 38
0.3 12 24
0.3 12 30
0.3 12 32
0.3 13 15
0.3 13 27
0.3 14 16
0.3 14 26
0.3 14 28
0.3 14 31
0.3 14 32
0.3 14 33
0.3 14 35
0.3 15 19
0.3 15 27
0.3 16 21
0.3 16 26
0.3 16 33
0.3 16 36
0.3 17 19
0.3 17 20
0.3 17 23
0.3 17 24
0.3 17 30
0.3 17 34
0.3 17 39
0.3 18 22
0.3 19 22
0.3 19 26
0.3 19 30
0.3 19 35
0.3 19 36
0.3 19 37
0.3 19 38
0.3 20 21
0.3 20 28
0.3 20 35
0.3 20 37
0.3 21 22
0.3 21 25
0.3 21 31
0.3 21 37
0.3 21 38
0.3 22 23
0.3 22 27
0.3 22 28
0.3 23 30
0.3 23 35
0.3 23 36
0.3 24 28
0.3 24 31
0.3 24 32
0.3 24 34
0.3 25 34
0.3 25 39
0.3 26 29
0.3 26 32
0.3 26 35
0.3 27 28
0.3 27 29
0.3 27 30
0.3 27 35
0.3 27 37
0.3 28 38
0.3 29 33
0.3 29 37
0.3 30 32
0.3 32 34
0.3 32 37
0.3 33 35
0.3 34 36
0.3 37 39
0.3 38 39

0 84 280 201 329 253 247 120 381 268 220 159 74 271 191 260 390 460 83 253 324 434 192 470 441 173 236 310 471 381 316 452 118 452 344 172 181 465 160 221 
84 0 167 331 241 391 482 302 263 150 366 489 76 215 317 456 423 423 89 352 416 69 267 394 199 322 127 419 404 129 51 134 412 482 246 422 456 127 183 471 
280 167 0 272 490 449 68 357 173 234 97 363 375 358 401 167 303 449 90 285 185 267 445 166 342 77 113 324 160 142 211 339 63 441 159 389 155 298 154 457 
201 331 272 0 157 216 463 55 415 464 238 434 258 202 429 289 206 249 472 399 333 376 277 459 323 370 57 100 285 107 151 369 438 61 271 418 457 182 414 64 
329 241 490 157 0 160 385 99 250 465 328 369 490 99 369 226 323 355 320 181 51 351 211 196 144 65 102 247 420 239 350 442 110 146 62 160 489 414 276 95 
253 391 449 216 160 0 440 415 290 193 432 332 339 255 175 88 438 487 245 151 491 294 217 80 80 74 258 266 78 252 268 395 408 428 316 331 264 173 439 87 
247 482 68 463 385 440 0 324 322 354 385 106 158 141 210 146 281 101 325 477 309 358 457 366 368 132 180 177 108 343 96 137 281 316 89 406 412 96 188 95 
120 302 357 55 99 415 324 0 287 169 398 490 100 497 151 134 449 440 408 56 419 185 500 461 361 457 374 311 470 159 101 489 98 206 483 119 318 497 462 67 
381 263 173 415 250 290 322 287 0 360 233 81 458 121 50 137 147 330 156 145 269 293 171 358 256 430 285 273 483 488 110 447 110 318 443 83 218 351 77 77 
268 150 234 464 465 193 354 169 360 0 241 102 468 129 174 108 382 159 303 114 207 159 436 57 469 425 50 229 80 157 205 404 391 264 282 403 336 304 340 285 
220 366 97 238 328 432 385 398 233 241 0 68 270 359 140 432 205 371 136 288 284 214 190 434 233 279 146 275 353 335 295 400 448 421 460 249 168 387 343 298 
159 489 363 434 369 332 106 490 81 102 68 0 79 54 95 340 479 169 356 236 453 116 190 59 214 280 65 160 293 470 425 448 58 487 497 122 207 128 124 466 
74 76 375 258 490 339 158 100 458 468 270 79 0 205 282 179 228 495 477 332 167 281 409 492 164 211 339 309 60 188 247 328 219 271 497 247 133 275 130 241 
271 215 358 202 99 255 141 497 121 129 359 54 205 0 397 61 250 138 211 321 135 349 65 145 470 353 102 267 81 188 264 146 301 103 180 218 472 480 325 301 
191 317 401 429 369 175 210 151 50 174 140 95 282 397 0 406 467 281 72 275 238 399 491 226 286 141 446 160 274 469 112 212 427 58 89 351 258 139 266 342 
260 456 167 289 226 88 146 134 137 108 432 340 179 61 406 0 125 384 399 128 272 283 202 448 331 417 470 405 170 198 141 146 315 221 345 490 183 445 284 201 
390 423 303 206 323 438 281 449 147 382 205 479 228 250 467 125 0 60 159 499 473 95 373 351 328 321 87 282 341 426 439 444 244 93 262 298 277 175 240 244 
460 423 449 249 355 487 101 440 330 159 371 169 495 138 281 384 60 0 478 302 339 208 382 347 294 80 225 205 491 242 467 357 490 142 72 354 264 341 280 101 
83 89 90 472 320 245 325 408 156 303 136 356 477 211 72 399 159 478 0 79 248 201 445 139 264 337 180 213 487 74 66 112 134 132 86 345 387 84 231 130 
253 352 285 399 181 151 477 56 145 114 288 236 332 321 275 128 499 302 79 0 480 315 238 491 337 435 146 434 452 473 181 461 411 277 374 100 305 483 250 203 
324 416 185 333 51 491 309 419 269 207 284 453 167 135 238 272 473 339 248 480 0 121 95 244 492 50 72 175 273 233 491 244 234 241 52 99 220 436 297 235 
434 69 267 376 351 294 358 185 293 159 214 116 281 349 399 283 95 208 201 315 121 0 60 498 115 122 303 457 191 60 246 309 393 405 148 56 196 204 377 329 
192 267 445 277 211 217 457 500 171 436 190 190 409 65 491 202 373 382 445 238 95 60 0 263 269 265 418 366 165 425 120 206 323 481 96 497 496 415 254 298 
470 394 166 459 196 80 366 461 358 57 434 59 492 145 226 448 351 347 139 491 244 498 263 0 439 84 310 305 413 212 257 314 498 112 246 77 384 308 443 379 
441 199 342 323 144 80 368 361 256 469 233 214 164 470 286 331 328 294 264 337 492 115 269 439 0 122 346 103 316 201 377 65 165 467 212 250 150 241 53 188 
173 322 77 370 65 74 132 457 430 425 279 280 211 353 141 417 321 80 337 435 50 122 265 84 122 0 108 144 328 296 489 82 111 487 447 103 145 304 429 283 
236 127 113 57 102 258 180 374 285 50 146 65 339 102 446 470 87 225 180 146 72 303 418 310 346 108 0 315 485 331 408 302 56 357 272 485 413 67 460 384 
310 419 324 100 247 266 177 311 273 229 275 160 309 267 160 405 282 205 213 434 175 457 366 305 103 144 315 0 328 224 172 180 295 194 244 457 433 440 184 411 
471 404 160 285 420 78 108 470 483 80 353 293 60 81 274 170 341 491 487 452 273 191 165 413 316 328 485 328 0 123 319 411 228 76 351 455 373 54 493 249 
381 129 142 107 239 252 343 159 488 157 335 470 188 188 469 198 426 242 74 473 233 60 425 212 201 296 331 224 123 0 338 328 334 326 457 394 87 440 145 120 
316 51 211 151 350 268 96 101 110 205 295 425 247 264 112 141 439 467 66 181 491 246 120 257 377 489 408 172 319 338 0 468 469 197 257 79 182 176 438 321 
452 134 339 369 442 395 137 489 447 404 400 448 328 146 212 146 444 357 112 461 244 309 206 314 65 82 302 180 411 328 468 0 297 479 194 126 53 225 152 177 
118 412 63 438 110 408 281 98 110 391 448 58 219 301 427 315 244 490 134 411 234 393 323 498 165 111 56 295 228 334 469 297 0 63 410 71 493 66 278 297 
452 482 441 61 146 428 316 206 318 264 421 487 271 103 58 221 93 142 132 277 241 405 481 112 467 487 357 194 76 326 197 479 63 0 367 418 495 181 298 485 
344 246 159 271 62 316 89 483 443 282 460 497 497 180 89 345 262 72 86 374 52 148 96 246 212 447 272 244 351 457 257 194 410 367 0 250 216 358 273 191 
172 422 389 418 160 331 406 119 83 403 249 122 247 218 351 490 298 354 345 100 99 56 497 77 250 103 485 457 455 394 79 126 71 418 250 0 481 430 260 98 
181 456 155 457 489 264 412 318 218 336 168 207 133 472 258 183 277 264 387 305 220 196 496 384 150 145 413 433 373 87 182 53 493 495 216 481 0 304 237 278 
465 127 298 182 414 173 96 497 351 304 387 128 275 480 139 445 175 341 84 483 436 204 415 308 241 304 67 440 54 440 176 225 66 181 358 430 304 0 411 236 
160 183 154 414 276 439 188 462 77 340 343 124 130 325 266 284 240 280 231 250 297 377 254 443 53 429 460 184 493 145 438 152 278 298 273 260 237 411 0 116 
221 471 457 64 95 87 95 67 77 285 298 466 241 301 342 201 244 101 130 203 235 329 298 379 188 283 384 411 249 120 321 177 297 485 191 98 278 236 116 0 

790.68 0 18
790.68 1 7
790.68 2 38
790.68 3 19
790.68 4 22
790.68 5 21
790.68 6 9
790.68 7 9
790.68 8 27
790.68 9 0
790.68 10 35
790.68 11 4
790.68 12 11
790.68 13 33
790.68 14 32
790.68 15 0
790.68 16 38
790.68 17 8
790.68 18 13
790.68 19 35
790.68 20 10
790.68 21 35
790.68 22 30
790.68 23 8
790.68 24 16
790.68 25 6
790.68 26 31
790.68 27 38
790.68 28 0
790.68 29 0
790.68 30 9
790.68 31 18
790.68 32 7
790.68 33 36
790.68 34 27
790.68 35 18
790.68 36 19
790.68 37 36
790.68 38 27
790.68 39 7
