20 20 3 38

0.2 0 12
0.2 0 17
0.2 1 8
0.2 1 10
0.2 1 14
0.2 1 19
0.2 2 4
0.2 2 5
0.2 2 6
0.2 2 7
0.2 2 8
0.2 2 14
0.2 3 14
0.2 4 5
0.2 4 6
0.2 4 11
0.2 4 12
0.2 4 18
0.2 5 15
0.2 5 16
0.2 6 12
0.2 6 14
0.2 6 15
0.2 7 14
0.2 7 18
0.2 8 10
0.2 8 16
0.2 9 11
0.2 9 18
0.2 10 12
0.2 11 12
0.2 11 15
0.2 11 16
0.2 12 16
0.2 12 19
0.2 13 16
0.2 17 19
0.2 18 19

0 98 267 337 350 226 302 145 360 275 416 475 258 416 283 435 396 188 179 160 
98 0 457 194 282 207 264 337 298 57 422 385 284 217 53 280 442 112 176 187 
267 457 0 127 408 289 254 411 485 197 245 117 487 207 406 394 496 318 452 149 
337 194 127 0 412 440 168 133 164 390 376 414 161 317 125 101 400 239 456 293 
350 282 408 412 0 162 244 403 64 175 297 451 173 226 306 195 347 465 332 472 
226 207 289 440 162 0 427 199 198 129 195 365 369 305 178 318 327 135 389 277 
302 264 254 168 244 427 0 440 208 96 302 155 447 299 89 465 205 203 78 394 
145 337 411 133 403 199 440 0 416 170 392 115 427 144 90 463 231 427 490 149 
360 298 485 164 64 198 208 416 0 275 483 136 489 279 371 494 367 128 197 402 
275 57 197 390 175 129 96 170 275 0 212 303 221 183 407 269 452 422 302 351 
416 422 245 376 297 195 302 392 483 212 0 273 342 212 420 468 308 150 361 283 
475 385 117 414 451 365 155 115 136 303 273 0 411 192 239 137 273 422 157 178 
258 284 487 161 173 369 447 427 489 221 342 411 0 134 353 498 372 175 134 457 
416 217 207 317 226 305 299 144 279 183 212 192 134 0 346 151 254 458 285 168 
283 53 406 125 306 178 89 90 371 407 420 239 353 346 0 55 126 184 295 305 
435 280 394 101 195 318 465 463 494 269 468 137 498 151 55 0 217 70 196 408 
396 442 496 400 347 327 205 231 367 452 308 273 372 254 126 217 0 399 102 124 
188 112 318 239 465 135 203 427 128 422 150 422 175 458 184 70 399 0 240 343 
179 176 452 456 332 389 78 490 197 302 361 157 134 285 295 196 102 240 0 53 
160 187 149 293 472 277 394 149 402 351 283 178 457 168 305 408 124 343 53 0 

454.25 0 14
454.25 1 10
454.25 2 14
454.25 3 12
454.25 4 10
454.25 5 6
454.25 6 9
454.25 7 0
454.25 8 0
454.25 9 7
454.25 10 14
454.25 11 2
454.25 12 3
454.25 13 15
454.25 14 9
454.25 15 16
454.25 16 7
454.25 17 8
454.25 18 13
454.25 19 16
