20 20 4 47

0.2 0 7
0.2 0 11
0.2 0 12
0.2 1 4
0.2 1 9
0.2 1 14
0.2 1 16
0.2 1 17
0.2 1 18
0.2 2 9
0.2 2 10
0.2 2 18
0.2 4 6
0.2 4 12
0.2 4 18
0.2 5 6
0.2 5 7
0.2 5 8
0.2 5 9
0.2 5 10
0.2 5 14
0.2 5 16
0.2 5 19
0.2 6 12
0.2 6 13
0.2 6 17
0.2 7 9
0.2 7 12
0.2 7 13
0.2 8 11
0.2 8 16
0.2 9 11
0.2 9 16
0.2 9 19
0.2 10 16
0.2 11 15
0.2 11 16
0.2 12 16
0.2 12 19
0.2 13 16
0.2 13 17
0.2 14 18
0.2 15 18
0.2 15 19
0.2 16 19
0.2 17 18
0.2 17 19

0 243 253 370 417 260 292 365 157 57 255 479 156 196 394 221 154 485 178 80 
243 0 83 353 60 233 202 206 430 342 444 182 399 268 487 442 100 416 129 160 
253 83 0 359 285 165 267 471 409 252 430 147 113 468 73 218 463 308 486 64 
370 353 359 0 489 353 330 185 350 292 472 334 114 89 65 416 347 400 363 174 
417 60 285 489 0 318 464 377 182 331 273 289 398 303 134 138 330 260 59 54 
260 233 165 353 318 0 357 143 443 218 393 283 150 68 294 436 479 451 315 368 
292 202 267 330 464 357 0 356 219 231 84 450 283 100 172 140 431 246 219 408 
365 206 471 185 377 143 356 0 485 446 344 346 335 307 239 384 123 143 386 358 
157 430 409 350 182 443 219 485 0 278 305 416 302 497 113 238 357 395 208 496 
57 342 252 292 331 218 231 446 278 0 54 392 60 232 236 158 170 354 468 63 
255 444 430 472 273 393 84 344 305 54 0 271 90 161 136 434 394 77 349 72 
479 182 147 334 289 283 450 346 416 392 271 0 245 87 213 252 299 146 472 278 
156 399 113 114 398 150 283 335 302 60 90 245 0 228 225 361 463 422 442 219 
196 268 468 89 303 68 100 307 497 232 161 87 228 0 422 166 313 400 195 200 
394 487 73 65 134 294 172 239 113 236 136 213 225 422 0 363 475 215 212 357 
221 442 218 416 138 436 140 384 238 158 434 252 361 166 363 0 140 75 114 204 
154 100 463 347 330 479 431 123 357 170 394 299 463 313 475 140 0 206 210 62 
485 416 308 400 260 451 246 143 395 354 77 146 422 400 215 75 206 0 111 366 
178 129 486 363 59 315 219 386 208 468 349 472 442 195 212 114 210 111 0 225 
80 160 64 174 54 368 408 358 496 63 72 278 219 200 357 204 62 366 225 0 

346.75 0 6
346.75 1 5
346.75 2 1
346.75 3 11
346.75 4 0
346.75 5 6
346.75 6 7
346.75 7 8
346.75 8 17
346.75 9 8
346.75 10 15
346.75 11 12
346.75 12 10
346.75 13 17
346.75 14 8
346.75 15 11
346.75 16 11
346.75 17 18
346.75 18 8
346.75 19 17
