20 20 4 38

0.4 0 11
0.4 0 12
0.4 0 18
0.4 1 5
0.4 1 19
0.4 2 6
0.4 2 7
0.4 3 7
0.4 3 12
0.4 3 13
0.4 3 15
0.4 3 18
0.4 4 15
0.4 4 18
0.4 4 19
0.4 5 8
0.4 5 17
0.4 5 18
0.4 6 15
0.4 7 18
0.4 8 12
0.4 8 14
0.4 8 15
0.4 9 11
0.4 9 16
0.4 10 13
0.4 10 15
0.4 11 12
0.4 12 17
0.4 12 18
0.4 13 18
0.4 13 19
0.4 14 17
0.4 14 18
0.4 15 16
0.4 16 18
0.4 17 18
0.4 17 19

0 362 440 288 488 500 129 439 282 363 473 208 315 419 175 496 404 215 453 252 
362 0 496 368 152 343 208 186 328 332 305 198 226 475 341 148 473 427 108 208 
440 496 0 406 471 187 469 244 499 444 482 258 406 447 246 312 390 304 349 406 
288 368 406 0 51 417 59 493 143 333 198 201 465 250 148 177 452 99 404 338 
488 152 471 51 0 347 388 438 475 333 71 187 58 472 204 273 425 407 420 174 
500 343 187 417 347 0 143 67 251 200 125 293 445 162 320 493 245 296 299 434 
129 208 469 59 388 143 0 494 137 176 498 407 164 462 169 123 155 379 474 321 
439 186 244 493 438 67 494 0 342 470 216 487 391 212 380 474 451 136 161 473 
282 328 499 143 475 251 137 342 0 116 261 474 414 77 432 464 120 260 387 186 
363 332 444 333 333 200 176 470 116 0 241 364 438 366 341 443 242 321 385 274 
473 305 482 198 71 125 498 216 261 241 0 124 120 176 145 191 382 277 411 84 
208 198 258 201 187 293 407 487 474 364 124 0 426 228 132 382 411 348 106 293 
315 226 406 465 58 445 164 391 414 438 120 426 0 259 211 470 93 497 213 198 
419 475 447 250 472 162 462 212 77 366 176 228 259 0 242 263 464 246 196 243 
175 341 246 148 204 320 169 380 432 341 145 132 211 242 0 265 122 112 479 107 
496 148 312 177 273 493 123 474 464 443 191 382 470 263 265 0 285 157 346 254 
404 473 390 452 425 245 155 451 120 242 382 411 93 464 122 285 0 425 206 146 
215 427 304 99 407 296 379 136 260 321 277 348 497 246 112 157 425 0 77 478 
453 108 349 404 420 299 474 161 387 385 411 106 213 196 479 346 206 77 0 259 
252 208 406 338 174 434 321 473 186 274 84 293 198 243 107 254 146 478 259 0 

928.5 0 18
928.5 1 14
928.5 2 0
928.5 3 13
928.5 4 14
928.5 5 16
928.5 6 7
928.5 7 13
928.5 8 18
928.5 9 10
928.5 10 17
928.5 11 12
928.5 12 2
928.5 13 14
928.5 14 11
928.5 15 11
928.5 16 13
928.5 17 3
928.5 18 13
928.5 19 15
