50 50 3 306

0.3 0 1
0.3 0 7
0.3 0 18
0.3 0 19
0.3 0 23
0.3 0 28
0.3 0 30
0.3 0 34
0.3 0 42
0.3 0 45
0.3 0 47
0.3 1 8
0.3 1 9
0.3 1 10
0.3 1 12
0.3 1 21
0.3 1 27
0.3 1 28
0.3 1 30
0.3 1 34
0.3 1 35
0.3 1 36
0.3 1 37
0.3 1 38
0.3 1 41
0.3 1 43
0.3 1 45
0.3 2 3
0.3 2 5
0.3 2 8
0.3 2 9
0.3 2 11
0.3 2 13
0.3 2 17
0.3 2 18
0.3 2 21
0.3 2 26
0.3 2 30
0.3 2 33
0.3 2 34
0.3 2 39
0.3 2 42
0.3 3 4
0.3 3 6
0.3 3 16
0.3 3 17
0.3 3 21
0.3 3 22
0.3 3 24
0.3 3 28
0.3 3 30
0.3 3 37
0.3 3 40
0.3 4 5
0.3 4 7
0.3 4 10
0.3 4 11
0.3 4 13
0.3 4 22
0.3 4 27
0.3 4 33
0.3 4 36
0.3 4 46
0.3 4 49
0.3 5 7
0.3 5 10
0.3 5 13
0.3 5 17
0.3 5 20
0.3 5 23
0.3 5 27
0.3 5 32
0.3 5 34
0.3 5 39
0.3 5 47
0.3 5 49
0.3 6 13
0.3 6 15
0.3 6 17
0.3 6 18
0.3 6 20
0.3 6 23
0.3 6 24
0.3 6 32
0.3 6 36
0.3 6 40
0.3 6 44
0.3 6 45
0.3 6 46
0.3 7 11
0.3 7 14
0.3 7 19
0.3 7 23
0.3 7 30
0.3 7 32
0.3 7 37
0.3 7 45
0.3 7 47
0.3 7 48
0.3 8 12
0.3 8 13
0.3 8 18
0.3 8 22
0.3 8 33
0.3 8 38
0.3 8 39
0.3 8 42
0.3 8 44
0.3 8 47
0.3 9 10
0.3 9 12
0.3 9 13
0.3 9 16
0.3 9 20
0.3 9 21
0.3 9 27
0.3 9 33
0.3 9 35
0.3 9 36
0.3 9 39
0.3 9 41
0.3 9 42
0.3 9 44
0.3 9 45
0.3 9 48
0.3 10 11
0.3 10 13
0.3 10 16
0.3 10 25
0.3 10 29
0.3 10 30
0.3 10 31
0.3 10 38
0.3 10 39
0.3 10 41
0.3 10 46
0.3 10 48
0.3 11 12
0.3 11 26
0.3 11 29
0.3 11 30
0.3 11 36
0.3 11 37
0.3 11 40
0.3 11 41
0.3 11 42
0.3 11 46
0.3 12 13
0.3 12 16
0.3 12 31
0.3 12 32
0.3 12 33
0.3 12 35
0.3 12 36
0.3 12 37
0.3 12 42
0.3 12 44
0.3 13 14
0.3 13 19
0.3 13 23
0.3 13 24
0.3 13 30
0.3 13 32
0.3 13 33
0.3 13 39
0.3 13 45
0.3 13 49
0.3 14 17
0.3 14 22
0.3 14 26
0.3 14 27
0.3 14 33
0.3 14 35
0.3 14 39
0.3 14 42
0.3 15 17
0.3 15 18
0.3 15 24
0.3 15 26
0.3 15 31
0.3 15 37
0.3 15 48
0.3 16 17
0.3 16 18
0.3 16 19
0.3 16 22
0.3 16 27
0.3 16 29
0.3 16 32
0.3 16 44
0.3 16 45
0.3 16 47
0.3 17 23
0.3 17 28
0.3 17 31
0.3 17 32
0.3 17 38
0.3 17 42
0.3 17 49
0.3 18 21
0.3 18 23
0.3 18 24
0.3 18 29
0.3 18 31
0.3 18 39
0.3 18 40
0.3 18 46
0.3 18 48
0.3 19 30
0.3 19 31
0.3 19 41
0.3 19 43
0.3 19 47
0.3 19 49
0.3 20 22
0.3 20 23
0.3 20 33
0.3 20 44
0.3 21 23
0.3 21 24
0.3 21 32
0.3 21 34
0.3 21 40
0.3 21 42
0.3 21 43
0.3 21 46
0.3 21 48
0.3 22 28
0.3 22 35
0.3 22 42
0.3 23 25
0.3 23 26
0.3 23 35
0.3 23 37
0.3 23 42
0.3 24 26
0.3 24 27
0.3 24 33
0.3 24 37
0.3 24 38
0.3 24 39
0.3 24 47
0.3 25 48
0.3 25 49
0.3 26 30
0.3 26 39
0.3 26 44
0.3 26 47
0.3 26 49
0.3 27 30
0.3 27 34
0.3 27 48
0.3 28 29
0.3 28 32
0.3 28 34
0.3 28 35
0.3 28 36
0.3 28 38
0.3 28 48
0.3 29 30
0.3 29 35
0.3 29 40
0.3 29 46
0.3 29 48
0.3 30 34
0.3 30 37
0.3 30 39
0.3 30 43
0.3 31 35
0.3 31 38
0.3 31 39
0.3 31 42
0.3 32 36
0.3 32 41
0.3 32 43
0.3 32 44
0.3 32 47
0.3 33 37
0.3 33 40
0.3 33 47
0.3 34 37
0.3 34 44
0.3 35 40
0.3 35 46
0.3 35 48
0.3 36 37
0.3 36 40
0.3 36 47
0.3 36 48
0.3 37 40
0.3 37 46
0.3 37 48
0.3 38 43
0.3 38 44
0.3 38 45
0.3 39 41
0.3 39 49
0.3 40 43
0.3 41 47
0.3 42 44
0.3 42 47
0.3 44 46
0.3 45 46
0.3 45 47
0.3 46 47
0.3 47 48

0 274 444 382 410 260 90 96 443 137 442 152 120 314 493 421 412 140 445 365 249 221 89 176 55 323 407 97 444 228 341 343 460 94 489 285 217 116 100 428 361 288 266 275 384 198 321 109 53 142 
274 0 495 430 106 288 184 153 473 421 87 439 276 177 412 252 435 361 392 315 66 135 298 478 466 109 398 113 289 175 167 414 386 430 235 370 272 278 253 349 328 65 336 181 493 267 334 347 438 195 
444 495 0 447 186 324 113 227 234 364 58 219 237 120 359 383 424 176 195 89 58 347 124 247 104 312 310 255 378 72 347 439 301 188 496 273 140 499 444 158 424 479 67 373 92 140 87 226 286 75 
382 430 447 0 340 94 384 223 424 274 262 107 190 163 61 120 80 211 136 333 476 231 132 95 93 320 142 370 240 171 222 396 356 272 308 392 453 452 91 122 178 446 410 484 189 149 428 416 94 293 
410 106 186 340 0 224 134 73 172 467 421 382 500 232 307 66 293 377 435 80 107 413 84 274 61 167 472 94 92 171 396 136 228 272 77 450 73 490 251 305 457 455 329 84 143 283 431 101 197 248 
260 288 324 94 224 0 137 231 435 330 349 191 203 500 175 266 435 148 319 493 239 396 327 66 368 430 162 161 198 156 468 335 342 113 151 177 460 439 400 338 164 323 459 107 391 338 400 190 365 496 
90 184 113 384 134 137 0 455 305 268 105 498 470 78 338 190 337 107 114 458 153 340 206 320 219 200 415 475 445 361 343 364 219 135 401 78 308 368 58 184 97 200 195 144 90 355 369 239 176 414 
96 153 227 223 73 231 455 0 101 497 223 305 474 220 289 386 174 262 266 170 148 140 69 80 92 379 80 354 169 213 52 185 364 156 130 286 111 316 440 106 401 270 382 93 313 311 83 306 58 226 
443 473 234 424 172 435 305 101 0 374 209 69 200 151 362 204 272 59 61 443 59 286 488 184 494 151 424 460 242 60 84 337 178 143 405 301 178 444 317 344 297 50 427 294 130 350 400 356 343 74 
137 421 364 274 467 330 268 497 374 0 282 188 99 467 478 189 125 247 70 426 142 140 399 116 403 254 441 446 313 61 56 154 323 347 186 162 262 492 281 360 387 133 333 69 373 385 280 497 285 369 
442 87 58 262 421 349 105 223 209 282 0 316 416 145 288 414 486 175 91 398 315 137 447 84 290 423 404 466 143 332 62 191 54 96 129 148 234 499 195 298 184 74 461 411 120 348 439 115 167 175 
152 439 219 107 382 191 498 305 69 188 316 0 444 415 271 130 456 139 475 304 492 241 122 466 295 162 353 375 302 459 96 105 441 79 174 332 417 250 250 318 78 269 97 291 326 196 105 158 482 273 
120 276 237 190 500 203 470 474 200 99 416 444 0 348 447 498 119 244 178 327 213 156 453 198 383 328 140 476 272 324 94 200 230 500 378 219 327 261 474 423 452 276 441 276 416 260 411 135 87 365 
314 177 120 163 232 500 78 220 151 467 145 415 348 0 468 380 464 261 335 98 337 352 177 325 62 348 282 145 88 181 472 443 447 63 363 248 54 483 355 484 440 437 114 79 422 230 264 332 494 75 
493 412 359 61 307 175 338 289 362 478 288 271 447 468 0 225 402 71 114 403 287 216 241 292 115 205 454 71 474 260 126 76 467 242 80 173 417 211 302 419 137 287 259 224 429 364 487 257 318 231 
421 252 383 120 66 266 190 386 204 189 414 130 498 380 225 0 86 362 489 472 497 420 348 354 414 321 100 379 353 303 226 277 213 77 351 82 477 273 56 445 499 234 196 306 99 280 172 235 399 55 
412 435 424 80 293 435 337 174 272 125 486 456 119 464 402 86 0 195 217 184 367 90 224 344 404 250 204 448 270 426 438 168 321 407 393 359 307 256 226 183 109 79 235 151 245 75 336 370 460 212 
140 361 176 211 377 148 107 262 59 247 175 139 244 261 71 362 195 0 482 93 279 320 332 486 181 201 115 369 118 440 379 465 187 266 135 114 270 433 486 133 228 346 160 142 310 156 323 190 86 440 
445 392 195 136 435 319 114 266 61 70 91 475 178 335 114 489 217 482 0 498 210 68 340 460 204 322 378 160 375 155 151 362 74 80 156 50 278 486 268 284 227 262 59 195 492 147 357 129 175 343 
365 315 89 333 80 493 458 170 443 426 398 304 327 98 403 472 184 93 498 0 243 307 314 290 125 132 51 157 355 195 378 476 297 349 161 200 461 454 113 74 97 188 481 464 500 363 499 91 441 420 
249 66 58 476 107 239 153 148 59 142 315 492 213 337 287 497 367 279 210 243 0 412 175 108 85 213 477 419 272 264 485 98 442 99 441 303 306 346 236 115 62 129 219 239 78 235 464 259 445 325 
221 135 347 231 413 396 340 140 286 140 137 241 156 352 216 420 90 320 68 307 412 0 81 168 480 387 405 71 243 236 297 102 127 61 469 146 274 327 151 98 193 171 160 126 62 153 324 129 103 395 
89 298 124 132 84 327 206 69 488 399 447 122 453 177 241 348 224 332 340 314 175 81 0 174 367 252 458 429 465 500 348 479 275 149 135 302 65 164 315 353 413 158 498 100 80 500 498 132 471 470 
176 478 247 95 274 66 320 80 184 116 84 466 198 325 292 354 344 486 460 290 108 168 174 0 146 323 177 297 135 242 427 152 94 362 483 448 263 233 200 97 68 397 257 246 331 412 460 362 415 409 
55 466 104 93 61 368 219 92 494 403 290 295 383 62 115 414 404 181 204 125 85 480 367 146 0 274 227 279 368 185 52 480 106 475 390 86 247 262 214 170 459 455 413 336 140 199 101 479 478 320 
323 109 312 320 167 430 200 379 151 254 423 162 328 348 205 321 250 201 322 132 213 387 252 323 274 0 297 406 242 221 90 482 463 91 396 290 414 388 340 140 142 256 226 145 169 450 310 159 322 51 
407 398 310 142 472 162 415 80 424 441 404 353 140 282 454 100 204 115 378 51 477 405 458 177 227 297 0 201 63 327 112 192 443 422 195 105 134 495 392 473 109 171 323 397 176 424 96 403 249 323 
97 113 255 370 94 161 475 354 460 446 466 375 476 145 71 379 448 369 160 157 419 71 429 297 279 406 201 0 164 53 223 91 354 104 441 250 211 176 276 282 77 402 121 184 218 325 383 433 243 238 
444 289 378 240 92 198 445 169 242 313 143 302 272 88 474 353 270 118 375 355 272 243 465 135 368 242 63 164 0 169 367 411 374 457 489 474 181 496 315 128 403 157 419 323 70 432 60 96 249 314 
228 175 72 171 171 156 361 213 60 61 332 459 324 181 260 303 426 440 155 195 264 236 500 242 185 221 327 53 169 0 115 266 208 344 402 398 436 258 122 260 77 296 390 381 139 262 149 170 497 342 
341 167 347 222 396 468 343 52 84 56 62 96 94 472 126 226 438 379 151 378 485 297 348 427 52 90 112 223 367 115 0 363 423 143 214 372 67 113 483 159 203 353 363 443 86 366 150 336 194 323 
343 414 439 396 136 335 364 185 337 154 191 105 200 443 76 277 168 465 362 476 98 102 479 152 480 482 192 91 411 266 363 0 333 257 477 258 104 318 365 55 263 151 391 98 160 336 88 155 459 406 
460 386 301 356 228 342 219 364 178 323 54 441 230 447 467 213 321 187 74 297 442 127 275 94 106 463 443 354 374 208 423 333 0 274 136 268 208 242 81 108 111 311 225 62 338 479 433 467 435 487 
94 430 188 272 272 113 135 156 143 347 96 79 500 63 242 77 407 266 80 349 99 61 149 362 475 91 422 104 457 344 143 257 274 0 416 145 157 111 426 474 334 87 381 315 129 212 187 62 186 104 
489 235 496 308 77 151 401 130 405 186 129 174 378 363 80 351 393 135 156 161 441 469 135 483 390 396 195 441 489 402 214 477 136 416 0 356 264 476 162 335 148 96 300 81 56 435 466 277 52 405 
285 370 273 392 450 177 78 286 301 162 148 332 219 248 173 82 359 114 50 200 303 146 302 448 86 290 105 250 474 398 372 258 268 145 356 0 231 231 489 119 67 473 260 96 431 261 363 275 338 235 
217 272 140 453 73 460 308 111 178 262 234 417 327 54 417 477 307 270 278 461 306 274 65 263 247 414 134 211 181 436 67 104 208 157 264 231 0 50 81 311 448 360 95 128 470 500 294 409 51 306 
116 278 499 452 490 439 368 316 444 492 499 250 261 483 211 273 256 433 486 454 346 327 164 233 262 388 495 176 496 258 113 318 242 111 476 231 50 0 170 469 402 453 201 382 96 496 334 222 386 318 
100 253 444 91 251 400 58 440 317 281 195 250 474 355 302 56 226 486 268 113 236 151 315 200 214 340 392 276 315 122 483 365 81 426 162 489 81 170 0 176 175 242 141 346 450 278 152 80 102 167 
428 349 158 122 305 338 184 106 344 360 298 318 423 484 419 445 183 133 284 74 115 98 353 97 170 140 473 282 128 260 159 55 108 474 335 119 311 469 176 0 451 116 472 372 306 105 400 471 100 330 
361 328 424 178 457 164 97 401 297 387 184 78 452 440 137 499 109 228 227 97 62 193 413 68 459 142 109 77 403 77 203 263 111 334 148 67 448 402 175 451 0 85 485 402 420 137 321 425 377 186 
288 65 479 446 455 323 200 270 50 133 74 269 276 437 287 234 79 346 262 188 129 171 158 397 455 256 171 402 157 296 353 151 311 87 96 473 360 453 242 116 85 0 309 256 276 332 91 145 426 292 
266 336 67 410 329 459 195 382 427 333 461 97 441 114 259 196 235 160 59 481 219 160 498 257 413 226 323 121 419 390 363 391 225 381 300 260 95 201 141 472 485 309 0 369 338 251 455 128 82 309 
275 181 373 484 84 107 144 93 294 69 411 291 276 79 224 306 151 142 195 464 239 126 100 246 336 145 397 184 323 381 443 98 62 315 81 96 128 382 346 372 402 256 369 0 91 347 438 59 415 258 
384 493 92 189 143 391 90 313 130 373 120 326 416 422 429 99 245 310 492 500 78 62 80 331 140 169 176 218 70 139 86 160 338 129 56 431 470 96 450 306 420 276 338 91 0 61 61 427 419 318 
198 267 140 149 283 338 355 311 350 385 348 196 260 230 364 280 75 156 147 363 235 153 500 412 199 450 424 325 432 262 366 336 479 212 435 261 500 496 278 105 137 332 251 347 61 0 197 91 106 246 
321 334 87 428 431 400 369 83 400 280 439 105 411 264 487 172 336 323 357 499 464 324 498 460 101 310 96 383 60 149 150 88 433 187 466 363 294 334 152 400 321 91 455 438 61 197 0 451 313 263 
109 347 226 416 101 190 239 306 356 497 115 158 135 332 257 235 370 190 129 91 259 129 132 362 479 159 403 433 96 170 336 155 467 62 277 275 409 222 80 471 425 145 128 59 427 91 451 0 134 480 
53 438 286 94 197 365 176 58 343 285 167 482 87 494 318 399 460 86 175 441 445 103 471 415 478 322 249 243 249 497 194 459 435 186 52 338 51 386 102 100 377 426 82 415 419 106 313 134 0 186 
142 195 75 293 248 496 414 226 74 369 175 273 365 75 231 55 212 440 343 420 325 395 470 409 320 51 323 238 314 342 323 406 487 104 405 235 306 318 167 330 186 292 309 258 318 246 263 480 186 0 

1459 0 13
1459 1 13
1459 2 41
1459 3 4
1459 4 22
1459 5 44
1459 6 31
1459 7 45
1459 8 43
1459 9 3
1459 10 7
1459 11 28
1459 12 38
1459 13 20
1459 14 6
1459 15 18
1459 16 36
1459 17 30
1459 18 31
1459 19 30
1459 20 43
1459 21 36
1459 22 23
1459 23 32
1459 24 23
1459 25 18
1459 26 16
1459 27 7
1459 28 15
1459 29 11
1459 30 26
1459 31 28
1459 32 29
1459 33 19
1459 34 37
1459 35 2
1459 36 19
1459 37 19
1459 38 47
1459 39 14
1459 40 28
1459 41 11
1459 42 43
1459 43 17
1459 44 31
1459 45 4
1459 46 36
1459 47 18
1459 48 35
1459 49 23
