30 30 4 43

0.3 0 1
0.3 0 2
0.3 0 4
0.3 0 12
0.3 0 25
0.3 1 14
0.3 1 22
0.3 2 3
0.3 2 7
0.3 2 13
0.3 2 21
0.3 3 17
0.3 3 27
0.3 4 14
0.3 4 17
0.3 5 9
0.3 6 11
0.3 7 19
0.3 7 21
0.3 7 22
0.3 8 15
0.3 8 22
0.3 9 17
0.3 9 20
0.3 9 24
0.3 10 11
0.3 11 13
0.3 11 15
0.3 12 23
0.3 13 28
0.3 13 29
0.3 14 17
0.3 15 21
0.3 15 23
0.3 15 24
0.3 16 18
0.3 16 25
0.3 17 20
0.3 17 22
0.3 18 20
0.3 20 21
0.3 22 26
0.3 26 28

0 370 452 232 429 50 379 449 124 58 249 368 124 394 340 433 116 340 175 406 217 220 140 124 462 455 271 71 305 161 
370 0 242 104 207 444 425 168 154 311 169 173 359 365 325 320 295 385 461 194 237 420 323 257 270 498 411 200 364 397 
452 242 0 259 206 479 119 318 351 279 387 380 295 136 93 366 403 361 278 163 299 327 219 215 454 290 59 107 411 158 
232 104 259 0 88 476 296 91 200 214 318 288 353 339 341 154 147 444 124 418 164 397 447 201 177 346 347 120 427 417 
429 207 206 88 0 179 353 109 312 105 171 454 279 306 175 213 94 304 440 391 72 301 75 89 226 409 52 242 142 261 
50 444 479 476 179 0 210 171 93 280 446 240 106 412 78 231 450 298 313 361 84 274 195 343 473 313 418 328 317 275 
379 425 119 296 353 210 0 421 382 364 234 345 339 158 171 240 273 390 195 52 382 84 400 337 343 111 301 481 485 99 
449 168 318 91 109 171 421 0 366 83 119 153 142 64 485 51 329 62 403 100 352 165 137 481 351 370 256 458 419 109 
124 154 351 200 312 93 382 366 0 462 113 51 140 486 79 243 121 491 171 157 158 296 174 210 97 290 414 174 265 91 
58 311 279 214 105 280 364 83 462 0 259 144 301 488 475 151 464 247 447 442 240 369 403 183 99 271 353 240 68 290 
249 169 387 318 171 446 234 119 113 259 0 485 97 150 263 367 359 379 336 323 456 86 63 59 273 254 371 131 156 478 
368 173 380 288 454 240 345 153 51 144 485 0 466 273 136 257 95 454 78 471 383 220 300 380 455 466 226 425 430 63 
124 359 295 353 279 106 339 142 140 301 97 466 0 441 313 344 226 90 61 174 352 105 229 129 346 243 414 202 193 309 
394 365 136 339 306 412 158 64 486 488 150 273 441 0 112 354 201 232 330 448 149 92 411 84 115 303 448 495 346 133 
340 325 93 341 175 78 171 485 79 475 263 136 313 112 0 357 114 66 124 188 496 90 100 74 498 72 466 485 60 443 
433 320 366 154 213 231 240 51 243 151 367 257 344 354 357 0 495 364 152 158 477 127 454 235 326 497 184 73 324 452 
116 295 403 147 94 450 273 329 121 464 359 95 226 201 114 495 0 233 397 72 247 126 445 379 276 108 201 428 498 185 
340 385 361 444 304 298 390 62 491 247 379 454 90 232 66 364 233 0 67 127 112 422 216 405 181 295 187 154 262 209 
175 461 278 124 440 313 195 403 171 447 336 78 61 330 124 152 397 67 0 422 479 185 249 138 335 208 134 471 308 482 
406 194 163 418 391 361 52 100 157 442 323 471 174 448 188 158 72 127 422 0 53 441 313 392 362 404 210 149 70 390 
217 237 299 164 72 84 382 352 158 240 456 383 352 149 496 477 247 112 479 53 0 368 459 205 467 361 210 289 396 421 
220 420 327 397 301 274 84 165 296 369 86 220 105 92 90 127 126 422 185 441 368 0 175 317 126 205 337 378 169 497 
140 323 219 447 75 195 400 137 174 403 63 300 229 411 100 454 445 216 249 313 459 175 0 58 142 229 268 287 247 410 
124 257 215 201 89 343 337 481 210 183 59 380 129 84 74 235 379 405 138 392 205 317 58 0 202 343 211 129 495 316 
462 270 454 177 226 473 343 351 97 99 273 455 346 115 498 326 276 181 335 362 467 126 142 202 0 92 495 87 408 165 
455 498 290 346 409 313 111 370 290 271 254 466 243 303 72 497 108 295 208 404 361 205 229 343 92 0 172 203 124 364 
271 411 59 347 52 418 301 256 414 353 371 226 414 448 466 184 201 187 134 210 210 337 268 211 495 172 0 416 488 67 
71 200 107 120 242 328 481 458 174 240 131 425 202 495 485 73 428 154 471 149 289 378 287 129 87 203 416 0 487 279 
305 364 411 427 142 317 485 419 265 68 156 430 193 346 60 324 498 262 308 70 396 169 247 495 408 124 488 487 0 438 
161 397 158 417 261 275 99 109 91 290 478 63 309 133 443 452 185 209 482 390 421 497 410 316 165 364 67 279 438 0 

631.95 0 26
631.95 1 17
631.95 2 18
631.95 3 16
631.95 4 24
631.95 5 18
631.95 6 4
631.95 7 16
631.95 8 13
631.95 9 11
631.95 10 11
631.95 11 17
631.95 12 10
631.95 13 22
631.95 14 22
631.95 15 1
631.95 16 10
631.95 17 27
631.95 18 6
631.95 19 28
631.95 20 5
631.95 21 7
631.95 22 9
631.95 23 13
631.95 24 5
631.95 25 16
631.95 26 22
631.95 27 17
631.95 28 25
631.95 29 1
