30 30 3 87

0.2 0 2
0.2 0 6
0.2 0 9
0.2 0 12
0.2 0 16
0.2 0 18
0.2 0 26
0.2 1 4
0.2 1 8
0.2 1 12
0.2 1 14
0.2 1 17
0.2 1 20
0.2 1 21
0.2 2 15
0.2 2 17
0.2 2 26
0.2 3 9
0.2 3 15
0.2 3 16
0.2 3 21
0.2 3 26
0.2 3 27
0.2 3 28
0.2 4 5
0.2 4 7
0.2 4 8
0.2 4 9
0.2 4 10
0.2 4 15
0.2 4 17
0.2 4 26
0.2 4 28
0.2 5 11
0.2 5 12
0.2 5 13
0.2 5 16
0.2 5 21
0.2 6 24
0.2 7 8
0.2 7 9
0.2 7 29
0.2 8 9
0.2 8 18
0.2 8 20
0.2 8 24
0.2 8 26
0.2 8 27
0.2 8 28
0.2 9 19
0.2 9 22
0.2 10 13
0.2 10 15
0.2 10 19
0.2 10 20
0.2 10 26
0.2 10 28
0.2 11 18
0.2 12 17
0.2 12 23
0.2 12 27
0.2 12 28
0.2 13 24
0.2 13 29
0.2 14 21
0.2 14 23
0.2 15 20
0.2 15 26
0.2 15 27
0.2 15 28
0.2 16 23
0.2 17 22
0.2 17 29
0.2 18 20
0.2 18 24
0.2 18 25
0.2 18 28
0.2 19 27
0.2 19 29
0.2 20 24
0.2 21 24
0.2 21 25
0.2 22 25
0.2 22 26
0.2 23 26
0.2 25 28
0.2 28 29

0 131 86 395 243 374 93 296 337 430 142 261 167 386 159 494 476 159 211 73 480 73 174 298 195 129 53 171 210 257 
131 0 274 104 100 89 229 308 367 261 115 400 182 101 307 114 247 307 164 262 68 377 265 322 135 118 215 116 224 118 
86 274 0 112 447 321 106 331 387 264 239 479 346 177 206 154 338 287 168 400 482 368 115 276 55 271 495 336 128 58 
395 104 112 0 284 216 467 227 418 132 405 293 137 335 113 383 489 248 318 234 336 384 436 104 110 296 127 127 213 174 
243 100 447 284 0 472 54 436 403 495 288 236 264 218 59 450 403 463 368 491 455 258 107 102 165 70 280 166 345 499 
374 89 321 216 472 0 263 325 160 344 450 345 340 211 290 205 157 199 67 290 355 255 436 259 414 405 291 340 401 343 
93 229 106 467 54 263 0 326 68 171 167 179 431 299 437 59 498 464 118 146 384 322 481 142 457 227 206 499 500 337 
296 308 331 227 436 325 326 0 213 71 83 360 141 129 398 492 399 454 469 391 281 258 189 131 253 215 349 367 179 99 
337 367 387 418 403 160 68 213 0 59 464 455 362 178 135 130 94 279 258 235 93 166 403 394 211 490 61 173 273 244 
430 261 264 132 495 344 171 71 59 0 204 497 197 405 281 220 395 184 149 410 201 372 379 473 485 440 208 279 339 92 
142 115 239 405 288 450 167 83 464 204 0 378 440 107 368 497 485 206 437 470 344 238 419 347 235 275 369 157 177 228 
261 400 479 293 236 345 179 360 455 497 378 0 183 421 426 209 325 194 374 361 236 352 486 459 473 361 172 86 139 467 
167 182 346 137 264 340 431 141 362 197 440 183 0 140 211 104 469 445 98 175 431 390 247 409 86 353 386 334 218 137 
386 101 177 335 218 211 299 129 178 405 107 421 140 0 459 401 166 313 119 387 105 219 58 404 445 438 290 375 162 112 
159 307 206 113 59 290 437 398 135 281 368 426 211 459 0 473 242 373 239 232 342 394 244 150 114 320 161 244 453 313 
494 114 154 383 450 205 59 492 130 220 497 209 104 401 473 0 427 420 111 50 371 100 208 145 168 271 81 409 254 306 
476 247 338 489 403 157 498 399 94 395 485 325 469 166 242 427 0 59 357 412 95 280 331 299 94 423 65 497 446 431 
159 307 287 248 463 199 464 454 279 184 206 194 445 313 373 420 59 0 437 99 132 277 208 53 86 55 228 336 83 472 
211 164 168 318 368 67 118 469 258 149 437 374 98 119 239 111 357 437 0 274 468 331 80 475 465 243 384 198 205 59 
73 262 400 234 491 290 146 391 235 410 470 361 175 387 232 50 412 99 274 0 192 323 202 217 259 459 209 364 354 377 
480 68 482 336 455 355 384 281 93 201 344 236 431 105 342 371 95 132 468 192 0 184 397 245 445 206 254 123 286 262 
73 377 368 384 258 255 322 258 166 372 238 352 390 219 394 100 280 277 331 323 184 0 382 428 124 307 361 420 247 421 
174 265 115 436 107 436 481 189 403 379 419 486 247 58 244 208 331 208 80 202 397 382 0 225 359 333 131 298 259 437 
298 322 276 104 102 259 142 131 394 473 347 459 409 404 150 145 299 53 475 217 245 428 225 0 90 457 466 458 356 498 
195 135 55 110 165 414 457 253 211 485 235 473 86 445 114 168 94 86 465 259 445 124 359 90 0 99 103 129 321 168 
129 118 271 296 70 405 227 215 490 440 275 361 353 438 320 271 423 55 243 459 206 307 333 457 99 0 297 258 178 195 
53 215 495 127 280 291 206 349 61 208 369 172 386 290 161 81 65 228 384 209 254 361 131 466 103 297 0 74 360 110 
171 116 336 127 166 340 499 367 173 279 157 86 334 375 244 409 497 336 198 364 123 420 298 458 129 258 74 0 485 439 
210 224 128 213 345 401 500 179 273 339 177 139 218 162 453 254 446 83 205 354 286 247 259 356 321 178 360 485 0 324 
257 118 58 174 499 343 337 99 244 92 228 467 137 112 313 306 431 472 59 377 262 421 437 498 168 195 110 439 324 0 

493.75 0 27
493.75 1 2
493.75 2 11
493.75 3 14
493.75 4 5
493.75 5 0
493.75 6 0
493.75 7 4
493.75 8 14
493.75 9 13
493.75 10 21
493.75 11 24
493.75 12 5
493.75 13 10
493.75 14 23
493.75 15 23
493.75 16 0
493.75 17 13
493.75 18 12
493.75 19 2
493.75 20 23
493.75 21 22
493.75 22 20
493.75 23 24
493.75 24 8
493.75 25 6
493.75 26 12
493.75 27 17
493.75 28 23
493.75 29 14
