30 30 4 43

0.25 0 9
0.25 0 12
0.25 0 22
0.25 1 10
0.25 1 13
0.25 1 16
0.25 1 23
0.25 1 26
0.25 2 10
0.25 2 19
0.25 2 20
0.25 3 5
0.25 3 16
0.25 3 23
0.25 5 25
0.25 6 17
0.25 6 21
0.25 6 25
0.25 6 28
0.25 7 18
0.25 7 22
0.25 8 10
0.25 8 15
0.25 8 19
0.25 8 25
0.25 9 20
0.25 10 17
0.25 11 14
0.25 11 23
0.25 12 23
0.25 12 29
0.25 13 18
0.25 14 21
0.25 14 24
0.25 16 19
0.25 16 25
0.25 17 19
0.25 17 24
0.25 17 26
0.25 19 26
0.25 20 22
0.25 21 23
0.25 22 24

0 451 377 212 322 458 488 145 278 242 344 492 350 84 420 393 98 349 285 349 235 185 133 500 125 230 216 243 330 323 
451 0 208 291 345 497 437 343 105 175 487 409 411 216 150 274 367 145 368 98 419 218 165 437 462 98 262 259 461 443 
377 208 0 219 210 490 199 77 159 275 499 470 306 194 206 95 69 239 377 175 274 232 368 96 214 226 416 424 156 252 
212 291 219 0 385 417 482 467 435 402 493 331 331 203 339 363 406 211 350 138 214 493 157 487 257 306 372 375 381 359 
322 345 210 385 0 483 171 447 433 59 224 393 69 326 112 64 280 159 91 253 222 219 216 379 129 257 68 410 203 403 
458 497 490 417 483 0 411 332 317 439 169 281 316 220 93 468 358 206 406 239 465 309 58 365 361 461 275 346 366 358 
488 437 199 482 171 411 0 339 147 154 404 196 269 372 188 56 224 425 102 174 309 218 384 107 179 465 308 136 60 239 
145 343 77 467 447 332 339 0 430 500 75 328 173 463 230 425 323 83 446 370 377 95 455 326 336 89 116 81 77 313 
278 105 159 435 433 317 147 430 0 111 462 213 71 418 350 293 253 449 285 396 261 442 79 180 116 423 207 217 482 430 
242 175 275 402 59 439 154 500 111 0 187 463 330 487 469 226 404 357 273 197 498 435 481 190 115 178 113 154 356 249 
344 487 499 493 224 169 404 75 462 187 0 181 467 188 249 296 379 85 304 135 269 291 139 197 139 296 323 62 371 340 
492 409 470 331 393 281 196 328 213 463 181 0 264 248 372 462 221 410 241 358 463 176 455 498 310 258 167 475 62 411 
350 411 306 331 69 316 269 173 71 330 467 264 0 379 237 351 359 207 144 294 102 353 212 53 201 490 77 427 72 311 
84 216 194 203 326 220 372 463 418 487 188 248 379 0 128 489 250 73 448 127 318 64 132 119 454 425 362 219 475 210 
420 150 206 339 112 93 188 230 350 469 249 372 237 128 0 150 165 266 90 225 344 96 173 263 367 94 296 87 75 180 
393 274 95 363 64 468 56 425 293 226 296 462 351 489 150 0 438 463 239 377 191 281 227 387 233 105 206 457 253 89 
98 367 69 406 280 358 224 323 253 404 379 221 359 250 165 438 0 147 186 427 70 236 56 74 133 246 364 337 158 392 
349 145 239 211 159 206 425 83 449 357 85 410 207 73 266 463 147 0 251 267 82 111 425 499 263 390 261 115 244 412 
285 368 377 350 91 406 102 446 285 273 304 241 144 448 90 239 186 251 0 490 315 364 168 367 380 365 195 74 497 292 
349 98 175 138 253 239 174 370 396 197 135 358 294 127 225 377 427 267 490 0 146 447 197 370 130 397 495 339 114 256 
235 419 274 214 222 465 309 377 261 498 269 463 102 318 344 191 70 82 315 146 0 316 216 453 266 343 305 478 287 362 
185 218 232 493 219 309 218 95 442 435 291 176 353 64 96 281 236 111 364 447 316 0 50 285 450 231 457 389 111 289 
133 165 368 157 216 58 384 455 79 481 139 455 212 132 173 227 56 425 168 197 216 50 0 452 99 129 241 99 138 320 
500 437 96 487 379 365 107 326 180 190 197 498 53 119 263 387 74 499 367 370 453 285 452 0 152 426 194 172 333 356 
125 462 214 257 129 361 179 336 116 115 139 310 201 454 367 233 133 263 380 130 266 450 99 152 0 200 322 383 88 106 
230 98 226 306 257 461 465 89 423 178 296 258 490 425 94 105 246 390 365 397 343 231 129 426 200 0 344 110 233 164 
216 262 416 372 68 275 308 116 207 113 323 167 77 362 296 206 364 261 195 495 305 457 241 194 322 344 0 128 382 188 
243 259 424 375 410 346 136 81 217 154 62 475 427 219 87 457 337 115 74 339 478 389 99 172 383 110 128 0 417 352 
330 461 156 381 203 366 60 77 482 356 371 62 72 475 75 253 158 244 497 114 287 111 138 333 88 233 382 417 0 104 
323 443 252 359 403 358 239 313 430 249 340 411 311 210 180 89 392 412 292 256 362 289 320 356 106 164 188 352 104 0 

530.75 0 20
530.75 1 5
530.75 2 5
530.75 3 14
530.75 4 7
530.75 5 6
530.75 6 14
530.75 7 8
530.75 8 2
530.75 9 21
530.75 10 14
530.75 11 15
530.75 12 0
530.75 13 4
530.75 14 16
530.75 15 20
530.75 16 19
530.75 17 20
530.75 18 2
530.75 19 15
530.75 20 6
530.75 21 22
530.75 22 6
530.75 23 3
530.75 24 5
530.75 25 28
530.75 26 0
530.75 27 13
530.75 28 29
530.75 29 0
