50 50 3 245

0.2 0 2
0.2 0 3
0.2 0 8
0.2 0 17
0.2 0 18
0.2 0 19
0.2 0 21
0.2 0 28
0.2 0 29
0.2 0 37
0.2 0 41
0.2 0 43
0.2 0 44
0.2 0 48
0.2 1 2
0.2 1 4
0.2 1 6
0.2 1 7
0.2 1 9
0.2 1 10
0.2 1 16
0.2 1 19
0.2 1 21
0.2 1 28
0.2 1 29
0.2 1 41
0.2 1 44
0.2 1 45
0.2 2 3
0.2 2 12
0.2 2 37
0.2 2 41
0.2 2 43
0.2 3 8
0.2 3 9
0.2 3 24
0.2 3 25
0.2 3 31
0.2 3 34
0.2 3 41
0.2 4 8
0.2 4 11
0.2 4 17
0.2 4 18
0.2 4 19
0.2 4 21
0.2 4 25
0.2 4 28
0.2 4 33
0.2 4 36
0.2 4 39
0.2 4 40
0.2 4 41
0.2 4 47
0.2 5 7
0.2 5 9
0.2 5 17
0.2 5 21
0.2 5 45
0.2 5 47
0.2 6 16
0.2 6 21
0.2 6 26
0.2 6 35
0.2 6 44
0.2 6 48
0.2 7 19
0.2 7 27
0.2 7 32
0.2 7 40
0.2 7 44
0.2 8 11
0.2 8 12
0.2 8 13
0.2 8 23
0.2 8 29
0.2 8 32
0.2 8 33
0.2 8 36
0.2 8 39
0.2 8 44
0.2 8 45
0.2 8 47
0.2 9 12
0.2 9 22
0.2 9 31
0.2 9 33
0.2 9 41
0.2 9 47
0.2 9 48
0.2 10 15
0.2 10 16
0.2 10 22
0.2 10 27
0.2 10 45
0.2 10 48
0.2 11 15
0.2 11 17
0.2 11 22
0.2 11 34
0.2 11 35
0.2 11 37
0.2 11 43
0.2 12 24
0.2 12 27
0.2 12 32
0.2 12 35
0.2 12 42
0.2 12 45
0.2 13 20
0.2 13 32
0.2 13 36
0.2 13 37
0.2 13 39
0.2 13 43
0.2 13 48
0.2 13 49
0.2 14 30
0.2 14 40
0.2 14 41
0.2 14 46
0.2 15 18
0.2 15 20
0.2 15 22
0.2 15 27
0.2 15 28
0.2 15 36
0.2 15 41
0.2 15 43
0.2 16 17
0.2 16 23
0.2 16 25
0.2 16 31
0.2 16 41
0.2 17 23
0.2 17 42
0.2 17 44
0.2 17 45
0.2 18 26
0.2 18 30
0.2 18 31
0.2 18 34
0.2 18 46
0.2 19 21
0.2 19 32
0.2 19 34
0.2 19 42
0.2 19 43
0.2 19 49
0.2 20 24
0.2 20 32
0.2 20 37
0.2 20 40
0.2 20 47
0.2 21 37
0.2 21 38
0.2 21 39
0.2 21 42
0.2 21 44
0.2 21 46
0.2 21 47
0.2 22 26
0.2 22 27
0.2 22 37
0.2 22 40
0.2 22 41
0.2 22 48
0.2 23 25
0.2 23 29
0.2 23 33
0.2 23 36
0.2 23 40
0.2 23 44
0.2 24 27
0.2 24 36
0.2 24 46
0.2 24 49
0.2 25 26
0.2 25 32
0.2 25 33
0.2 25 34
0.2 25 39
0.2 25 41
0.2 26 27
0.2 26 32
0.2 26 33
0.2 26 34
0.2 26 37
0.2 26 41
0.2 26 45
0.2 26 48
0.2 27 40
0.2 27 41
0.2 27 47
0.2 28 40
0.2 28 41
0.2 28 44
0.2 28 46
0.2 29 45
0.2 29 49
0.2 30 39
0.2 30 46
0.2 31 35
0.2 31 37
0.2 31 38
0.2 31 42
0.2 31 45
0.2 31 46
0.2 32 36
0.2 32 37
0.2 32 43
0.2 32 45
0.2 32 49
0.2 33 34
0.2 33 37
0.2 33 39
0.2 33 41
0.2 33 43
0.2 33 44
0.2 33 48
0.2 34 35
0.2 34 43
0.2 34 44
0.2 35 37
0.2 36 43
0.2 36 46
0.2 37 41
0.2 37 43
0.2 37 48
0.2 37 49
0.2 38 42
0.2 38 45
0.2 39 47
0.2 39 48
0.2 39 49
0.2 40 48
0.2 41 45
0.2 41 48
0.2 41 49
0.2 42 48
0.2 43 44
0.2 45 46
0.2 45 49
0.2 46 49
0.2 47 49

0 52 425 439 222 416 396 186 405 382 193 467 412 83 81 98 471 150 366 455 55 255 54 269 474 210 196 354 475 259 432 232 122 199 438 147 435 132 183 320 268 497 244 334 367 209 349 267 265 148 
52 0 371 325 367 229 395 178 128 480 439 201 447 494 422 485 400 160 430 417 102 463 426 462 461 474 382 221 213 312 451 83 359 463 482 367 382 450 341 282 334 398 63 347 484 234 62 458 198 177 
425 371 0 191 114 159 57 360 164 400 219 336 212 285 211 113 109 102 142 80 189 216 113 289 297 122 130 449 98 195 135 294 173 442 295 89 126 338 171 305 397 181 156 379 75 134 374 130 500 142 
439 325 191 0 248 304 63 417 163 203 200 297 311 384 410 382 148 238 91 165 341 161 288 103 498 419 289 73 312 441 243 73 146 247 487 285 422 473 398 131 333 102 423 104 268 403 325 106 190 439 
222 367 114 248 0 105 425 467 52 228 452 312 149 277 487 274 318 140 271 78 111 176 136 131 238 73 64 222 66 232 145 276 342 438 183 319 150 370 410 396 304 418 387 146 263 452 321 62 319 434 
416 229 159 304 105 0 377 487 241 71 351 170 390 335 150 106 226 366 267 263 150 387 260 448 499 403 373 144 476 450 75 145 268 343 101 93 218 82 404 334 297 187 350 469 496 395 151 308 115 252 
396 395 57 63 425 377 0 331 101 382 77 167 333 118 321 374 135 318 294 220 302 447 305 448 196 468 449 161 260 459 425 98 401 202 432 373 271 169 402 65 277 52 90 292 431 406 500 102 268 456 
186 178 360 417 467 487 331 0 83 93 344 425 237 370 434 364 418 455 496 99 109 189 474 376 82 253 488 58 296 455 94 408 456 307 453 488 149 332 98 352 290 380 115 245 166 355 415 340 266 480 
405 128 164 163 52 241 101 83 0 325 479 172 189 301 313 334 497 406 203 368 419 148 334 234 474 363 446 139 404 425 240 189 163 445 298 269 184 254 79 133 314 181 51 103 473 303 443 207 392 390 
382 480 400 203 228 71 382 93 325 0 143 359 364 476 339 415 68 233 336 389 372 259 372 453 365 264 367 175 111 219 136 289 396 113 138 386 420 264 58 452 390 232 75 247 379 273 137 73 100 125 
193 439 219 200 452 351 77 344 479 143 0 233 137 412 82 188 437 349 303 149 160 174 229 301 77 251 267 381 408 251 225 494 205 247 463 350 489 363 312 267 370 385 274 396 299 244 274 154 470 478 
467 201 336 297 312 170 167 425 172 359 233 0 127 305 409 410 91 71 462 199 181 153 297 297 76 307 104 294 412 84 409 120 233 451 470 292 197 76 164 359 174 385 291 494 381 279 256 464 391 484 
412 447 212 311 149 390 333 237 189 364 137 127 0 287 171 216 307 155 254 214 326 67 294 447 202 469 90 369 200 487 337 404 56 60 63 467 463 298 323 264 106 356 144 100 244 452 149 213 478 221 
83 494 285 384 277 335 118 370 301 476 412 305 287 0 477 163 102 219 292 465 283 313 340 144 231 153 471 82 289 365 259 86 241 221 363 443 465 433 435 194 70 229 417 200 475 72 229 429 416 228 
81 422 211 410 487 150 321 434 313 339 82 409 171 477 0 78 419 99 318 336 211 201 179 57 231 340 417 161 499 202 151 85 475 425 73 390 145 420 457 444 56 374 271 449 223 339 254 130 109 99 
98 485 113 382 274 106 374 364 334 415 188 410 216 163 78 0 283 332 364 62 197 128 180 251 78 198 61 136 201 393 201 262 268 194 374 306 325 401 299 280 244 243 93 195 296 447 171 93 379 221 
471 400 109 148 318 226 135 418 497 68 437 91 307 102 419 283 0 325 101 262 311 170 493 324 416 224 428 343 158 153 167 237 184 348 143 336 323 264 230 311 463 412 384 73 244 183 472 308 319 184 
150 160 102 238 140 366 318 455 406 233 349 71 155 219 99 332 325 0 56 106 181 209 318 97 183 367 430 408 288 407 251 202 176 361 392 270 84 134 209 163 495 473 482 263 61 269 411 466 115 304 
366 430 142 91 271 267 294 496 203 336 303 462 254 292 318 364 101 56 0 279 368 188 278 330 85 432 480 106 312 93 304 463 437 281 340 449 120 314 69 130 230 202 149 212 310 308 133 298 335 490 
455 417 80 165 78 263 220 99 368 389 149 199 214 465 336 62 262 106 279 0 117 88 251 52 212 377 80 259 244 261 73 247 381 162 394 363 393 417 313 361 299 485 135 197 297 278 349 219 442 205 
55 102 189 341 111 150 302 109 419 372 160 181 326 283 211 197 311 181 368 117 0 80 199 344 129 305 269 419 130 401 294 432 108 260 380 152 152 136 220 461 254 209 249 478 403 225 471 171 134 277 
255 463 216 161 176 387 447 189 148 259 174 153 67 313 201 128 170 209 188 88 80 0 138 123 386 162 178 484 426 111 272 463 399 93 436 233 125 270 379 445 418 83 445 242 409 144 497 116 100 280 
54 426 113 288 136 260 305 474 334 372 229 297 294 340 179 180 493 318 278 251 199 138 0 98 426 161 255 189 56 211 425 225 313 489 320 89 459 295 309 176 138 119 233 183 367 134 327 128 159 81 
269 462 289 103 131 448 448 376 234 453 301 297 447 144 57 251 324 97 330 52 344 123 98 0 86 220 343 155 96 482 112 112 170 390 176 364 207 253 411 432 283 437 354 409 390 382 400 448 67 56 
474 461 297 498 238 499 196 82 474 365 77 76 202 231 231 78 416 183 85 212 129 386 426 86 0 295 109 270 345 488 189 74 424 427 285 118 203 271 219 442 388 274 305 365 477 153 265 327 340 247 
210 474 122 419 73 403 468 253 363 264 251 307 469 153 340 198 224 367 432 377 305 162 161 220 295 0 131 164 490 424 162 365 177 296 471 55 51 377 351 282 232 243 456 470 229 314 108 125 432 299 
196 382 130 289 64 373 449 488 446 367 267 104 90 471 417 61 428 430 480 80 269 178 255 343 109 131 0 490 442 284 99 224 101 349 262 116 457 61 100 280 149 468 389 136 121 305 100 254 414 264 
354 221 449 73 222 144 161 58 139 175 381 294 369 82 161 136 343 408 106 259 419 484 189 155 270 164 490 0 206 88 113 330 253 200 179 105 172 152 348 337 252 261 167 346 354 248 434 293 499 373 
475 213 98 312 66 476 260 296 404 111 408 412 200 289 499 201 158 288 312 244 130 426 56 96 345 490 442 206 0 169 152 184 67 380 467 372 167 497 158 260 367 350 108 62 289 292 325 428 388 125 
259 312 195 441 232 450 459 455 425 219 251 84 487 365 202 393 153 407 93 261 401 111 211 482 488 424 284 88 169 0 344 326 133 188 497 93 294 484 109 482 481 495 311 339 405 72 166 240 146 105 
432 451 135 243 145 75 425 94 240 136 225 409 337 259 151 201 167 251 304 73 294 272 425 112 189 162 99 113 152 344 0 173 133 290 487 92 131 134 472 133 382 268 174 64 431 86 381 219 250 73 
232 83 294 73 276 145 98 408 189 289 494 120 404 86 85 262 237 202 463 247 432 463 225 112 74 365 224 330 184 326 173 0 139 78 160 469 101 335 291 79 134 346 58 103 362 451 380 194 359 430 
122 359 173 146 342 268 401 456 163 396 205 233 56 241 475 268 184 176 437 381 108 399 313 170 424 177 101 253 67 133 133 139 0 151 478 410 175 434 156 470 70 148 80 185 144 463 179 404 294 439 
199 463 442 247 438 343 202 307 445 113 247 451 60 221 425 194 348 361 281 162 260 93 489 390 427 296 349 200 380 188 290 78 151 0 281 338 414 178 142 144 485 399 280 393 456 378 254 55 250 166 
438 482 295 487 183 101 432 453 298 138 463 470 63 363 73 374 143 392 340 394 380 436 320 176 285 471 262 179 467 497 487 160 478 281 0 253 473 308 395 160 174 154 431 364 129 110 204 457 499 368 
147 367 89 285 319 93 373 488 269 386 350 292 467 443 390 306 336 270 449 363 152 233 89 364 118 55 116 105 372 93 92 469 410 338 253 0 483 59 272 365 81 66 417 488 357 414 206 172 319 373 
435 382 126 422 150 218 271 149 184 420 489 197 463 465 145 325 323 84 120 393 152 125 459 207 203 51 457 172 167 294 131 101 175 414 473 483 0 418 252 429 488 85 336 117 451 272 112 313 71 124 
132 450 338 473 370 82 169 332 254 264 363 76 298 433 420 401 264 134 314 417 136 270 295 253 271 377 61 152 497 484 134 335 434 178 308 59 418 0 297 382 401 363 472 156 59 222 410 59 474 80 
183 341 171 398 410 404 402 98 79 58 312 164 323 435 457 299 230 209 69 313 220 379 309 411 219 351 100 348 158 109 472 291 156 142 395 272 252 297 0 423 321 152 482 232 473 268 327 462 84 352 
320 282 305 131 396 334 65 352 133 452 267 359 264 194 444 280 311 163 130 361 461 445 176 432 442 282 280 337 260 482 133 79 470 144 160 365 429 382 423 0 301 423 337 378 424 281 54 226 170 220 
268 334 397 333 304 297 277 290 314 390 370 174 106 70 56 244 463 495 230 299 254 418 138 283 388 232 149 252 367 481 382 134 70 485 174 81 488 401 321 301 0 301 497 109 389 201 498 289 73 155 
497 398 181 102 418 187 52 380 181 232 385 385 356 229 374 243 412 473 202 485 209 83 119 437 274 243 468 261 350 495 268 346 148 399 154 66 85 363 152 423 301 0 462 127 479 463 100 322 260 330 
244 63 156 423 387 350 90 115 51 75 274 291 144 417 271 93 384 482 149 135 249 445 233 354 305 456 389 167 108 311 174 58 80 280 431 417 336 472 482 337 497 462 0 371 60 60 467 397 267 203 
334 347 379 104 146 469 292 245 103 247 396 494 100 200 449 195 73 263 212 197 478 242 183 409 365 470 136 346 62 339 64 103 185 393 364 488 117 156 232 378 109 127 371 0 339 360 146 453 257 83 
367 484 75 268 263 496 431 166 473 379 299 381 244 475 223 296 244 61 310 297 403 409 367 390 477 229 121 354 289 405 431 362 144 456 129 357 451 59 473 424 389 479 60 339 0 241 486 457 176 264 
209 234 134 403 452 395 406 355 303 273 244 279 452 72 339 447 183 269 308 278 225 144 134 382 153 314 305 248 292 72 86 451 463 378 110 414 272 222 268 281 201 463 60 360 241 0 220 233 327 459 
349 62 374 325 321 151 500 415 443 137 274 256 149 229 254 171 472 411 133 349 471 497 327 400 265 108 100 434 325 166 381 380 179 254 204 206 112 410 327 54 498 100 467 146 486 220 0 496 135 254 
267 458 130 106 62 308 102 340 207 73 154 464 213 429 130 93 308 466 298 219 171 116 128 448 327 125 254 293 428 240 219 194 404 55 457 172 313 59 462 226 289 322 397 453 457 233 496 0 445 398 
265 198 500 190 319 115 268 266 392 100 470 391 478 416 109 379 319 115 335 442 134 100 159 67 340 432 414 499 388 146 250 359 294 250 499 319 71 474 84 170 73 260 267 257 176 327 135 445 0 263 
148 177 142 439 434 252 456 480 390 125 478 484 221 228 99 221 184 304 490 205 277 280 81 56 247 299 264 373 125 105 73 430 439 166 368 373 124 80 352 220 155 330 203 83 264 459 254 398 263 0 

743.5 0 29
743.5 1 10
743.5 2 16
743.5 3 2
743.5 4 20
743.5 5 46
743.5 6 38
743.5 7 12
743.5 8 38
743.5 9 18
743.5 10 45
743.5 11 48
743.5 12 6
743.5 13 29
743.5 14 17
743.5 15 47
743.5 16 33
743.5 17 8
743.5 18 3
743.5 19 41
743.5 20 30
743.5 21 6
743.5 22 26
743.5 23 38
743.5 24 34
743.5 25 41
743.5 26 19
743.5 27 2
743.5 28 35
743.5 29 21
743.5 30 22
743.5 31 20
743.5 32 33
743.5 33 38
743.5 34 28
743.5 35 3
743.5 36 40
743.5 37 17
743.5 38 15
743.5 39 29
743.5 40 41
743.5 41 11
743.5 42 34
743.5 43 3
743.5 44 45
743.5 45 7
743.5 46 1
743.5 47 34
743.5 48 15
743.5 49 9
