30 30 3 87

0.25 0 1
0.25 0 3
0.25 0 10
0.25 0 15
0.25 0 19
0.25 0 20
0.25 0 21
0.25 0 26
0.25 1 6
0.25 1 8
0.25 1 13
0.25 1 23
0.25 1 24
0.25 2 3
0.25 2 11
0.25 2 15
0.25 2 17
0.25 2 21
0.25 2 23
0.25 3 8
0.25 3 9
0.25 3 10
0.25 3 26
0.25 4 6
0.25 4 16
0.25 4 19
0.25 4 20
0.25 5 17
0.25 5 19
0.25 5 20
0.25 5 28
0.25 5 29
0.25 6 7
0.25 6 12
0.25 6 14
0.25 7 10
0.25 7 14
0.25 7 15
0.25 7 22
0.25 7 25
0.25 7 27
0.25 8 10
0.25 8 11
0.25 8 13
0.25 8 17
0.25 8 18
0.25 8 24
0.25 8 28
0.25 9 11
0.25 9 19
0.25 9 23
0.25 9 24
0.25 10 15
0.25 10 17
0.25 11 17
0.25 11 22
0.25 11 25
0.25 12 18
0.25 12 27
0.25 13 25
0.25 14 19
0.25 14 27
0.25 14 28
0.25 14 29
0.25 15 16
0.25 15 18
0.25 16 17
0.25 16 18
0.25 16 21
0.25 16 24
0.25 16 25
0.25 16 26
0.25 16 28
0.25 17 19
0.25 17 21
0.25 17 22
0.25 17 25
0.25 17 29
0.25 18 28
0.25 21 27
0.25 22 26
0.25 23 28
0.25 23 29
0.25 24 25
0.25 26 27
0.25 27 29
0.25 28 29

0 350 361 434 74 442 204 257 182 174 171 269 263 409 450 115 192 201 436 301 193 488 128 412 373 251 435 352 387 404 
350 0 465 466 239 140 120 462 254 195 176 81 468 434 74 445 104 395 51 344 201 224 479 436 384 77 376 308 97 124 
361 465 0 323 304 117 352 447 180 231 127 283 424 252 89 446 432 296 434 191 225 474 452 89 318 196 473 303 331 291 
434 466 323 0 297 422 198 482 482 429 473 362 445 362 427 286 424 437 294 344 233 469 291 437 437 126 443 167 288 290 
74 239 304 297 0 397 169 411 321 199 81 420 152 255 124 109 350 210 255 309 68 127 390 436 362 176 415 303 155 172 
442 140 117 422 397 0 386 309 352 380 247 243 122 246 318 379 358 174 308 468 392 169 362 160 430 86 360 445 138 121 
204 120 352 198 169 386 0 387 415 68 115 493 324 483 189 488 498 180 498 289 468 206 468 159 471 344 401 493 297 77 
257 462 447 482 411 309 387 0 493 266 288 401 377 474 299 177 168 337 258 293 443 170 475 194 298 256 199 482 272 277 
182 254 180 482 321 352 415 493 0 301 415 271 338 465 242 134 498 465 374 403 259 71 267 497 341 177 262 387 147 417 
174 195 231 429 199 380 68 266 301 0 268 344 331 63 133 440 52 119 334 319 108 149 194 445 162 368 477 164 241 80 
171 176 127 473 81 247 115 288 415 268 0 72 255 256 157 159 116 446 368 53 162 227 219 172 93 192 81 341 472 256 
269 81 283 362 420 243 493 401 271 344 72 0 221 82 70 314 337 278 461 481 270 214 197 204 277 489 55 494 129 270 
263 468 424 445 152 122 324 377 338 331 255 221 0 433 163 404 160 229 284 403 116 300 375 235 304 297 76 313 335 479 
409 434 252 362 255 246 483 474 465 63 256 82 433 0 485 172 136 324 218 196 456 402 394 269 204 369 287 310 135 227 
450 74 89 427 124 318 189 299 242 133 157 70 163 485 0 276 451 54 368 482 412 398 481 65 387 493 182 226 176 349 
115 445 446 286 109 379 488 177 134 440 159 314 404 172 276 0 351 128 385 337 410 74 250 409 204 138 395 344 328 313 
192 104 432 424 350 358 498 168 498 52 116 337 160 136 451 351 0 134 464 196 471 293 99 450 407 237 185 315 154 312 
201 395 296 437 210 174 180 337 465 119 446 278 229 324 54 128 134 0 305 237 135 121 357 489 331 86 170 253 436 232 
436 51 434 294 255 308 498 258 374 334 368 461 284 218 368 385 464 305 0 351 406 467 272 310 83 365 191 338 261 347 
301 344 191 344 309 468 289 293 403 319 53 481 403 196 482 337 196 237 351 0 471 52 406 168 317 248 260 447 448 416 
193 201 225 233 68 392 468 443 259 108 162 270 116 456 412 410 471 135 406 471 0 386 84 393 272 447 163 147 250 167 
488 224 474 469 127 169 206 170 71 149 227 214 300 402 398 74 293 121 467 52 386 0 436 184 302 458 279 473 464 107 
128 479 452 291 390 362 468 475 267 194 219 197 375 394 481 250 99 357 272 406 84 436 0 61 89 402 448 323 492 119 
412 436 89 437 436 160 159 194 497 445 172 204 235 269 65 409 450 489 310 168 393 184 61 0 387 109 406 495 403 124 
373 384 318 437 362 430 471 298 341 162 93 277 304 204 387 204 407 331 83 317 272 302 89 387 0 495 351 233 317 277 
251 77 196 126 176 86 344 256 177 368 192 489 297 369 493 138 237 86 365 248 447 458 402 109 495 0 402 192 465 111 
435 376 473 443 415 360 401 199 262 477 81 55 76 287 182 395 185 170 191 260 163 279 448 406 351 402 0 274 226 233 
352 308 303 167 303 445 493 482 387 164 341 494 313 310 226 344 315 253 338 447 147 473 323 495 233 192 274 0 311 93 
387 97 331 288 155 138 297 272 147 241 472 129 335 135 176 328 154 436 261 448 250 464 492 403 317 465 226 311 0 75 
404 124 291 290 172 121 77 277 417 80 256 270 479 227 349 313 312 232 347 416 167 107 119 124 277 111 233 93 75 0 

722.7 0 16
722.7 1 10
722.7 2 7
722.7 3 22
722.7 4 19
722.7 5 25
722.7 6 13
722.7 7 23
722.7 8 25
722.7 9 13
722.7 10 12
722.7 11 13
722.7 12 3
722.7 13 1
722.7 14 27
722.7 15 10
722.7 16 25
722.7 17 10
722.7 18 6
722.7 19 22
722.7 20 2
722.7 21 24
722.7 22 3
722.7 23 14
722.7 24 26
722.7 25 0
722.7 26 7
722.7 27 25
722.7 28 6
722.7 29 15
