50 50 4 122

0.25 0 37
0.25 1 11
0.25 1 16
0.25 1 21
0.25 2 14
0.25 2 20
0.25 2 21
0.25 2 39
0.25 2 40
0.25 3 21
0.25 3 48
0.25 4 25
0.25 4 27
0.25 4 33
0.25 4 39
0.25 4 41
0.25 5 25
0.25 5 26
0.25 5 30
0.25 6 42
0.25 7 17
0.25 7 26
0.25 7 42
0.25 7 43
0.25 8 30
0.25 8 41
0.25 8 44
0.25 9 38
0.25 9 39
0.25 9 40
0.25 10 28
0.25 11 20
0.25 11 42
0.25 11 44
0.25 12 28
0.25 12 29
0.25 12 37
0.25 12 39
0.25 13 17
0.25 13 23
0.25 13 43
0.25 14 19
0.25 14 37
0.25 14 41
0.25 14 45
0.25 14 46
0.25 14 49
0.25 15 18
0.25 16 23
0.25 16 24
0.25 16 25
0.25 16 28
0.25 16 48
0.25 17 19
0.25 17 35
0.25 18 30
0.25 18 40
0.25 19 23
0.25 19 30
0.25 19 40
0.25 19 42
0.25 19 44
0.25 20 35
0.25 20 41
0.25 20 42
0.25 21 26
0.25 21 27
0.25 21 30
0.25 21 40
0.25 21 44
0.25 21 49
0.25 22 23
0.25 22 39
0.25 22 49
0.25 23 26
0.25 23 28
0.25 24 39
0.25 24 42
0.25 25 31
0.25 25 33
0.25 25 36
0.25 25 42
0.25 25 46
0.25 26 28
0.25 26 47
0.25 27 31
0.25 27 46
0.25 28 31
0.25 28 34
0.25 28 38
0.25 28 42
0.25 29 36
0.25 30 34
0.25 30 38
0.25 30 43
0.25 30 48
0.25 30 49
0.25 31 33
0.25 31 34
0.25 32 39
0.25 32 44
0.25 33 35
0.25 33 38
0.25 33 41
0.25 33 49
0.25 34 41
0.25 34 42
0.25 35 48
0.25 36 37
0.25 36 41
0.25 36 46
0.25 37 44
0.25 38 43
0.25 39 42
0.25 39 49
0.25 40 48
0.25 41 43
0.25 41 48
0.25 43 49
0.25 44 46
0.25 45 49
0.25 46 47

0 96 318 343 82 442 168 345 453 220 447 468 201 490 330 197 408 317 97 109 403 304 429 314 72 304 226 257 253 259 85 319 380 364 74 358 136 150 156 433 489 154 132 248 168 463 475 321 120 67 
96 0 350 177 277 237 210 404 256 337 124 309 113 97 312 452 56 290 382 276 131 248 153 137 167 294 251 247 159 451 240 332 498 61 355 60 472 377 336 244 350 472 382 398 137 70 482 467 271 239 
318 350 0 411 160 252 369 429 461 184 188 64 70 281 282 231 312 347 153 225 294 157 62 219 206 444 338 81 200 147 430 485 361 68 410 153 276 432 433 419 407 400 423 373 411 442 79 283 214 177 
343 177 411 0 212 404 439 404 255 86 315 210 335 131 86 209 220 232 151 239 446 484 174 282 252 229 439 405 399 219 486 248 127 141 465 158 161 251 199 337 337 126 279 134 330 475 275 157 328 253 
82 277 160 212 0 467 491 70 73 255 270 468 150 150 449 198 496 194 257 155 149 182 383 427 498 268 193 159 366 109 93 74 278 362 218 314 328 56 412 398 190 394 63 316 189 300 61 429 407 494 
442 237 252 404 467 0 325 83 310 125 386 477 275 345 466 485 348 88 321 56 143 102 297 407 357 292 199 465 398 297 148 284 144 441 196 203 354 263 375 103 298 137 69 240 326 471 149 391 257 423 
168 210 369 439 491 325 0 487 98 274 347 170 166 126 444 196 168 378 149 431 365 301 232 239 142 266 242 362 430 117 301 346 423 157 300 310 50 300 232 97 252 144 328 78 136 184 373 239 386 428 
345 404 429 404 70 83 487 0 201 457 114 223 130 132 62 486 461 180 350 408 283 182 168 231 306 497 193 203 478 181 341 81 309 287 304 319 330 353 330 430 161 325 347 411 69 388 475 210 275 483 
453 256 461 255 73 310 98 201 0 479 289 50 231 68 486 135 498 173 474 311 51 112 463 374 377 165 349 403 263 401 215 124 426 129 344 150 151 145 146 360 173 89 380 423 416 363 451 365 221 414 
220 337 184 86 255 125 274 457 479 0 482 187 352 386 485 248 387 332 337 326 280 82 196 167 229 178 422 54 394 497 433 60 433 136 446 128 424 337 377 461 342 395 407 265 125 164 143 209 108 165 
447 124 188 315 270 386 347 114 289 482 0 478 76 353 369 112 203 242 312 192 471 247 178 334 475 248 167 108 339 158 448 220 480 441 299 389 332 370 198 299 367 408 222 93 187 149 213 123 74 116 
468 309 64 210 468 477 170 223 50 187 478 0 61 436 260 424 482 303 142 230 349 221 210 386 365 370 348 145 417 164 211 279 204 195 241 52 98 236 204 142 459 358 148 198 251 272 346 112 364 210 
201 113 70 335 150 275 166 130 231 352 76 61 0 109 150 473 462 305 419 435 339 163 59 499 362 485 394 197 53 147 297 428 116 289 112 91 347 82 184 134 266 112 53 142 103 161 366 411 261 476 
490 97 281 131 150 345 126 132 68 386 353 436 109 0 449 448 413 396 184 446 246 247 161 216 381 96 163 408 344 448 111 468 447 398 364 424 176 419 261 391 422 441 402 96 74 396 461 354 385 497 
330 312 282 86 449 466 444 62 486 485 369 260 150 449 0 276 132 285 409 318 280 167 98 390 103 175 463 273 231 287 64 96 250 411 195 51 87 65 326 416 238 425 387 323 318 364 179 365 365 284 
197 452 231 209 198 485 196 486 135 248 112 424 473 448 276 0 166 212 416 294 285 469 319 230 93 361 72 314 148 150 451 443 265 115 464 241 310 439 307 471 68 147 418 212 331 183 341 496 442 313 
408 56 312 220 496 348 168 461 498 387 203 482 462 413 132 166 0 158 482 304 351 340 413 91 461 275 361 462 247 498 104 418 120 455 84 217 140 162 207 376 225 99 161 102 62 440 162 315 212 141 
317 290 347 232 194 88 378 180 173 332 242 303 305 396 285 212 158 0 140 74 286 482 230 352 221 150 88 166 345 468 371 151 107 195 500 138 246 108 370 383 452 127 238 209 279 94 425 392 148 391 
97 382 153 151 257 321 149 350 474 337 312 142 419 184 409 416 482 140 0 114 215 251 381 132 133 225 263 427 127 455 204 69 285 465 200 489 343 101 75 256 94 154 145 100 322 80 337 367 72 264 
109 276 225 239 155 56 431 408 311 326 192 230 435 446 318 294 304 74 114 0 465 98 201 219 347 344 164 180 268 451 279 122 399 148 294 464 123 357 174 129 133 129 233 174 454 119 462 50 418 199 
403 131 294 446 149 143 365 283 51 280 471 349 339 246 280 285 351 286 215 465 0 468 183 268 426 237 214 395 306 313 325 136 193 481 137 465 199 415 386 425 112 376 480 383 382 392 157 186 480 384 
304 248 157 484 182 102 301 182 112 82 247 221 163 247 167 469 340 482 251 98 468 0 102 349 56 486 124 495 450 288 155 345 336 52 91 453 244 173 117 349 218 268 183 283 393 464 131 337 98 439 
429 153 62 174 383 297 232 168 463 196 178 210 59 161 98 319 413 230 381 201 183 102 0 87 443 143 145 219 194 218 298 434 332 381 297 326 93 447 180 72 83 147 276 168 480 145 75 108 89 428 
314 137 219 282 427 407 239 231 374 167 334 386 499 216 390 230 91 352 132 219 268 349 87 0 362 198 70 158 193 325 112 384 283 392 169 483 407 94 278 303 117 473 378 336 55 271 268 161 224 399 
72 167 206 252 498 357 142 306 377 229 475 365 362 381 103 93 461 221 133 347 426 56 443 362 0 413 55 158 345 237 323 163 205 53 465 454 489 269 261 304 85 82 297 479 203 239 264 464 283 395 
304 294 444 229 268 292 266 497 165 178 248 370 485 96 175 361 275 150 225 344 237 486 143 198 413 0 439 383 395 119 122 256 295 82 363 195 150 260 286 264 402 208 419 181 291 189 414 467 285 276 
226 251 338 439 193 199 242 193 349 422 167 348 394 163 463 72 361 88 263 164 214 124 145 70 55 439 0 439 362 468 56 212 446 423 68 264 121 310 254 320 203 260 364 117 297 66 248 300 482 174 
257 247 81 405 159 465 362 203 403 54 108 145 197 408 273 314 462 166 427 180 395 495 219 158 158 383 439 0 453 81 148 376 81 359 294 51 140 92 335 201 56 351 55 70 386 90 252 193 134 442 
253 159 200 399 366 398 430 478 263 394 339 417 53 344 231 148 247 345 127 268 306 450 194 193 345 395 362 453 0 464 297 111 356 193 162 88 423 300 142 160 324 227 386 281 316 127 74 447 297 195 
259 451 147 219 109 297 117 181 401 497 158 164 147 448 287 150 498 468 455 451 313 288 218 325 237 119 468 81 464 0 294 215 160 330 282 106 390 393 444 418 91 365 388 255 337 269 96 154 361 341 
85 240 430 486 93 148 301 341 215 433 448 211 297 111 64 451 104 371 204 279 325 155 298 112 323 122 56 148 297 294 0 170 201 300 342 459 107 437 379 244 408 292 366 492 230 202 135 295 431 444 
319 332 485 248 74 284 346 81 124 60 220 279 428 468 96 443 418 151 69 122 136 345 434 384 163 256 212 376 111 215 170 0 235 263 187 152 266 400 249 299 68 332 468 235 190 296 255 474 123 419 
380 498 361 127 278 144 423 309 426 433 480 204 116 447 250 265 120 107 285 399 193 336 332 283 205 295 446 81 356 160 201 235 0 97 343 116 117 477 486 161 391 93 477 152 424 289 77 121 131 79 
364 61 68 141 362 441 157 287 129 136 441 195 289 398 411 115 455 195 465 148 481 52 381 392 53 82 423 359 193 330 300 263 97 0 458 318 89 368 67 369 315 192 288 364 348 143 165 284 144 327 
74 355 410 465 218 196 300 304 344 446 299 241 112 364 195 464 84 500 200 294 137 91 297 169 465 363 68 294 162 282 342 187 343 458 0 467 377 357 398 135 355 408 247 76 227 477 480 131 401 379 
358 60 153 158 314 203 310 319 150 128 389 52 91 424 51 241 217 138 489 464 465 453 326 483 454 195 264 51 88 106 459 152 116 318 467 0 395 483 397 265 288 437 490 174 319 295 88 256 244 279 
136 472 276 161 328 354 50 330 151 424 332 98 347 176 87 310 140 246 343 123 199 244 93 407 489 150 121 140 423 390 107 266 117 89 377 395 0 337 148 422 112 279 63 104 173 113 471 174 352 250 
150 377 432 251 56 263 300 353 145 337 370 236 82 419 65 439 162 108 101 357 415 173 447 94 269 260 310 92 300 393 437 400 477 368 357 483 337 0 336 182 313 259 74 311 69 160 108 76 494 306 
156 336 433 199 412 375 232 330 146 377 198 204 184 261 326 307 207 370 75 174 386 117 180 278 261 286 254 335 142 444 379 249 486 67 398 397 148 336 0 402 399 468 92 84 94 182 269 416 225 261 
433 244 419 337 398 103 97 430 360 461 299 142 134 391 416 471 376 383 256 129 425 349 72 303 304 264 320 201 160 418 244 299 161 369 135 265 422 182 402 0 442 74 150 233 295 182 421 489 279 370 
489 350 407 337 190 298 252 161 173 342 367 459 266 422 238 68 225 452 94 133 112 218 83 117 85 402 203 56 324 91 408 68 391 315 355 288 112 313 399 442 0 153 188 75 352 481 408 235 308 421 
154 472 400 126 394 137 144 325 89 395 408 358 112 441 425 147 99 127 154 129 376 268 147 473 82 208 260 351 227 365 292 332 93 192 408 437 279 259 468 74 153 0 265 334 438 282 188 245 249 327 
132 382 423 279 63 69 328 347 380 407 222 148 53 402 387 418 161 238 145 233 480 183 276 378 297 419 364 55 386 388 366 468 477 288 247 490 63 74 92 150 188 265 0 138 497 160 473 308 349 80 
248 398 373 134 316 240 78 411 423 265 93 198 142 96 323 212 102 209 100 174 383 283 168 336 479 181 117 70 281 255 492 235 152 364 76 174 104 311 84 233 75 334 138 0 405 141 481 145 276 153 
168 137 411 330 189 326 136 69 416 125 187 251 103 74 318 331 62 279 322 454 382 393 480 55 203 291 297 386 316 337 230 190 424 348 227 319 173 69 94 295 352 438 497 405 0 384 148 306 341 323 
463 70 442 475 300 471 184 388 363 164 149 272 161 396 364 183 440 94 80 119 392 464 145 271 239 189 66 90 127 269 202 296 289 143 477 295 113 160 182 182 481 282 160 141 384 0 152 172 420 70 
475 482 79 275 61 149 373 475 451 143 213 346 366 461 179 341 162 425 337 462 157 131 75 268 264 414 248 252 74 96 135 255 77 165 480 88 471 108 269 421 408 188 473 481 148 152 0 140 217 172 
321 467 283 157 429 391 239 210 365 209 123 112 411 354 365 496 315 392 367 50 186 337 108 161 464 467 300 193 447 154 295 474 121 284 131 256 174 76 416 489 235 245 308 145 306 172 140 0 52 170 
120 271 214 328 407 257 386 275 221 108 74 364 261 385 365 442 212 148 72 418 480 98 89 224 283 285 482 134 297 361 431 123 131 144 401 244 352 494 225 279 308 249 349 276 341 420 217 52 0 411 
67 239 177 253 494 423 428 483 414 165 116 210 476 497 284 313 141 391 264 199 384 439 428 399 395 276 174 442 195 341 444 419 79 327 379 279 250 306 261 370 421 327 80 153 323 70 172 170 411 0 

758 0 8
758 1 36
758 2 33
758 3 42
758 4 35
758 5 43
758 6 1
758 7 22
758 8 5
758 9 3
758 10 34
758 11 13
758 12 13
758 13 48
758 14 35
758 15 36
758 16 30
758 17 8
758 18 3
758 19 25
758 20 21
758 21 3
758 22 10
758 23 40
758 24 30
758 25 26
758 26 33
758 27 34
758 28 10
758 29 8
758 30 42
758 31 23
758 32 44
758 33 31
758 34 21
758 35 36
758 36 30
758 37 22
758 38 14
758 39 35
758 40 25
758 41 0
758 42 4
758 43 38
758 44 4
758 45 39
758 46 30
758 47 39
758 48 47
758 49 38
