50 50 4 122

0.3 0 2
0.3 0 9
0.3 0 10
0.3 0 13
0.3 0 20
0.3 0 30
0.3 0 31
0.3 0 39
0.3 0 42
0.3 1 13
0.3 2 4
0.3 2 17
0.3 2 34
0.3 3 9
0.3 3 14
0.3 3 16
0.3 3 21
0.3 3 31
0.3 3 36
0.3 3 42
0.3 3 43
0.3 4 7
0.3 4 8
0.3 4 21
0.3 4 22
0.3 4 27
0.3 4 29
0.3 4 45
0.3 5 11
0.3 5 13
0.3 5 30
0.3 5 31
0.3 5 32
0.3 5 45
0.3 6 24
0.3 6 48
0.3 7 14
0.3 7 18
0.3 7 19
0.3 7 48
0.3 8 15
0.3 8 30
0.3 8 35
0.3 8 40
0.3 8 43
0.3 8 45
0.3 8 46
0.3 8 47
0.3 9 10
0.3 9 14
0.3 9 26
0.3 9 28
0.3 9 33
0.3 9 41
0.3 9 44
0.3 10 13
0.3 10 14
0.3 10 25
0.3 10 27
0.3 11 28
0.3 12 21
0.3 12 37
0.3 13 45
0.3 13 46
0.3 13 47
0.3 13 49
0.3 14 26
0.3 14 39
0.3 14 46
0.3 15 44
0.3 15 47
0.3 16 24
0.3 16 38
0.3 17 26
0.3 17 28
0.3 17 33
0.3 17 36
0.3 17 37
0.3 17 45
0.3 18 47
0.3 18 49
0.3 19 37
0.3 19 39
0.3 19 45
0.3 20 21
0.3 20 22
0.3 20 32
0.3 20 34
0.3 20 41
0.3 20 46
0.3 21 29
0.3 21 37
0.3 21 49
0.3 22 30
0.3 22 31
0.3 22 33
0.3 23 44
0.3 24 38
0.3 24 40
0.3 24 44
0.3 25 30
0.3 25 35
0.3 25 37
0.3 26 34
0.3 26 46
0.3 26 49
0.3 27 29
0.3 27 45
0.3 29 43
0.3 31 34
0.3 32 37
0.3 32 39
0.3 32 42
0.3 32 45
0.3 33 35
0.3 33 45
0.3 34 43
0.3 35 43
0.3 39 49
0.3 41 48
0.3 43 46
0.3 46 47

0 498 372 400 165 146 321 406 201 364 349 277 160 180 124 170 431 306 150 142 338 188 166 247 180 454 416 275 364 124 188 338 487 127 302 362 214 264 61 375 473 244 175 400 371 422 218 235 319 442 
498 0 356 319 314 265 390 182 53 176 343 99 451 398 302 402 413 500 169 321 321 249 195 469 442 330 469 125 400 165 92 459 451 257 301 388 487 498 478 329 178 398 296 98 311 171 386 154 202 363 
372 356 0 254 168 50 439 167 97 420 55 421 85 482 335 437 241 382 224 217 131 444 260 51 205 314 206 302 359 222 403 497 306 344 182 440 186 84 270 214 336 197 63 111 423 307 51 239 114 188 
400 319 254 0 189 394 61 104 198 482 495 187 80 362 335 91 440 103 382 236 302 306 493 320 409 469 128 418 89 438 60 240 434 252 71 472 324 192 175 305 151 331 342 323 401 102 405 382 115 435 
165 314 168 189 0 397 226 273 131 316 110 250 189 403 146 82 454 288 167 391 188 153 462 52 165 168 404 170 174 271 471 225 175 236 303 243 301 456 393 163 372 283 427 150 324 487 214 415 475 230 
146 265 50 394 397 0 305 92 403 66 232 424 351 204 450 90 75 422 126 189 193 342 463 283 430 153 235 424 190 287 96 467 479 270 483 450 187 248 355 408 51 131 354 189 371 363 107 394 76 88 
321 390 439 61 226 305 0 411 305 246 55 235 303 432 445 280 292 89 107 119 157 92 260 136 242 101 81 386 97 234 488 287 427 296 404 360 229 412 202 90 468 356 294 383 227 215 208 270 158 138 
406 182 167 104 273 92 411 0 400 72 466 398 141 74 303 150 403 388 418 183 450 438 418 304 249 299 440 326 298 151 257 212 93 144 356 404 144 418 175 463 464 354 494 360 276 231 156 117 410 74 
201 53 97 198 131 403 305 400 0 166 120 54 373 431 485 443 470 364 220 232 267 122 284 232 383 94 500 51 310 427 280 223 409 175 60 107 429 245 458 333 177 478 446 452 129 140 165 190 315 88 
364 176 420 482 316 66 246 72 166 0 172 137 419 481 475 434 94 473 465 428 218 202 161 459 417 464 256 496 471 281 139 273 406 347 388 50 252 408 421 90 70 296 379 484 302 131 190 493 99 112 
349 343 55 495 110 232 55 466 120 172 0 409 197 445 198 289 388 383 367 92 350 348 312 205 457 414 108 268 183 399 183 301 345 321 211 406 458 415 430 195 447 250 343 396 388 407 426 459 177 72 
277 99 421 187 250 424 235 398 54 137 409 0 422 117 91 467 201 86 356 412 394 410 483 442 202 209 359 289 342 236 268 112 471 278 158 344 62 135 128 423 122 85 443 347 403 229 245 158 330 161 
160 451 85 80 189 351 303 141 373 419 197 422 0 230 484 364 450 92 356 198 310 473 104 452 419 393 308 436 472 252 488 491 397 149 191 85 463 320 244 244 381 60 155 287 64 185 151 264 492 254 
180 398 482 362 403 204 432 74 431 481 445 117 230 0 290 476 185 359 105 192 170 185 324 373 239 362 113 474 178 288 125 496 96 392 296 317 291 283 79 460 179 460 345 370 306 177 93 268 477 127 
124 302 335 335 146 450 445 303 485 475 198 91 484 290 0 167 391 410 368 287 110 418 342 160 496 164 403 495 109 284 470 394 121 97 80 363 497 397 143 366 434 425 424 106 291 300 197 398 306 53 
170 402 437 91 82 90 280 150 443 434 289 467 364 476 167 0 239 474 355 128 497 367 396 418 429 482 271 250 260 430 483 216 319 135 85 134 498 269 219 385 74 134 346 324 445 322 235 404 168 303 
431 413 241 440 454 75 292 403 470 94 388 201 450 185 391 239 0 271 193 280 61 84 366 291 177 278 477 332 320 417 359 234 280 422 412 53 390 98 500 175 120 453 372 307 181 133 73 452 430 454 
306 500 382 103 288 422 89 388 364 473 383 86 92 359 410 474 271 0 177 404 457 75 279 394 454 120 318 58 82 344 399 460 80 394 313 127 413 414 232 347 397 117 353 242 366 481 71 278 227 462 
150 169 224 382 167 126 107 418 220 465 367 356 356 105 368 355 193 177 0 411 322 317 224 78 133 183 370 313 255 190 155 322 140 410 342 278 162 323 384 484 234 142 259 327 349 329 441 301 176 83 
142 321 217 236 391 189 119 183 232 428 92 412 198 192 287 128 280 404 411 0 401 301 274 309 119 197 95 441 69 236 409 339 325 76 237 85 312 150 204 239 397 379 106 453 406 349 103 90 53 356 
338 321 131 302 188 193 157 450 267 218 350 394 310 170 110 497 61 457 322 401 0 243 126 132 161 65 433 279 120 132 295 368 398 307 265 393 243 65 315 154 352 142 151 259 245 96 449 323 493 283 
188 249 444 306 153 342 92 438 122 202 348 410 473 185 418 367 84 75 317 301 243 0 133 339 457 178 351 496 470 151 97 116 414 326 194 209 108 269 237 476 265 291 330 125 278 236 388 463 161 223 
166 195 260 493 462 463 260 418 284 161 312 483 104 324 342 396 366 279 224 274 126 133 0 133 436 125 323 258 332 463 492 386 210 246 325 409 311 264 191 362 260 277 188 406 417 352 203 92 401 486 
247 469 51 320 52 283 136 304 232 459 205 442 452 373 160 418 291 394 78 309 132 339 133 0 79 193 52 355 60 203 152 115 220 145 108 422 348 383 460 194 389 296 304 324 469 483 296 229 448 154 
180 442 205 409 165 430 242 249 383 417 457 202 419 239 496 429 177 454 133 119 161 457 436 79 0 339 240 90 249 120 59 219 132 382 432 331 102 215 481 235 123 482 475 56 139 320 273 288 345 490 
454 330 314 469 168 153 101 299 94 464 414 209 393 362 164 482 278 120 183 197 65 178 125 193 339 0 470 190 328 294 401 396 105 137 374 447 396 204 393 256 286 484 260 211 103 130 185 235 500 238 
416 469 206 128 404 235 81 440 500 256 108 359 308 113 403 271 477 318 370 95 433 351 323 52 240 470 0 412 269 213 223 466 185 81 323 500 446 377 113 454 437 77 86 182 64 254 469 61 268 223 
275 125 302 418 170 424 386 326 51 496 268 289 436 474 495 250 332 58 313 441 279 496 258 355 90 190 412 0 310 75 304 148 437 98 415 399 408 147 308 120 302 223 231 431 365 412 64 309 292 490 
364 400 359 89 174 190 97 298 310 471 183 342 472 178 109 260 320 82 255 69 120 470 332 60 249 328 269 310 0 328 320 199 461 265 332 287 367 281 493 456 427 414 185 376 431 246 310 235 367 453 
124 165 222 438 271 287 234 151 427 281 399 236 252 288 284 430 417 344 190 236 132 151 463 203 120 294 213 75 328 0 455 286 177 484 372 378 240 194 417 324 75 479 297 125 456 134 82 349 191 410 
188 92 403 60 471 96 488 257 280 139 183 268 488 125 470 483 359 399 155 409 295 97 492 152 59 401 223 304 320 455 0 309 245 459 362 148 234 87 333 156 443 299 440 405 231 274 190 477 105 418 
338 459 497 240 225 467 287 212 223 273 301 112 491 496 394 216 234 460 322 339 368 116 386 115 219 396 466 148 199 286 309 0 204 342 134 356 288 251 53 87 399 364 311 275 301 168 478 177 393 394 
487 451 306 434 175 479 427 93 409 406 345 471 397 96 121 319 280 80 140 325 398 414 210 220 132 105 185 437 461 177 245 204 0 240 379 472 433 398 395 359 203 132 299 173 266 255 174 454 343 273 
127 257 344 252 236 270 296 144 175 347 321 278 149 392 97 135 422 394 410 76 307 326 246 145 382 137 81 98 265 484 459 342 240 0 250 87 127 328 310 320 485 446 453 222 360 80 191 215 169 313 
302 301 182 71 303 483 404 356 60 388 211 158 191 296 80 85 412 313 342 237 265 194 325 108 432 374 323 415 332 372 362 134 379 250 0 327 318 150 385 342 50 195 359 305 201 427 138 58 458 84 
362 388 440 472 243 450 360 404 107 50 406 344 85 317 363 134 53 127 278 85 393 209 409 422 331 447 500 399 287 378 148 356 472 87 327 0 233 354 494 228 282 366 225 274 296 241 94 368 73 209 
214 487 186 324 301 187 229 144 429 252 458 62 463 291 497 498 390 413 162 312 243 108 311 348 102 396 446 408 367 240 234 288 433 127 318 233 0 75 371 434 242 76 306 362 437 393 455 316 403 351 
264 498 84 192 456 248 412 418 245 408 415 135 320 283 397 269 98 414 323 150 65 269 264 383 215 204 377 147 281 194 87 251 398 328 150 354 75 0 86 382 224 257 359 187 134 141 296 278 115 173 
61 478 270 175 393 355 202 175 458 421 430 128 244 79 143 219 500 232 384 204 315 237 191 460 481 393 113 308 493 417 333 53 395 310 385 494 371 86 0 191 245 219 425 340 279 179 200 191 190 441 
375 329 214 305 163 408 90 463 333 90 195 423 244 460 366 385 175 347 484 239 154 476 362 194 235 256 454 120 456 324 156 87 359 320 342 228 434 382 191 0 369 260 458 69 65 483 119 456 424 145 
473 178 336 151 372 51 468 464 177 70 447 122 381 179 434 74 120 397 234 397 352 265 260 389 123 286 437 302 427 75 443 399 203 485 50 282 242 224 245 369 0 52 237 377 142 223 193 478 372 442 
244 398 197 331 283 131 356 354 478 296 250 85 60 460 425 134 453 117 142 379 142 291 277 296 482 484 77 223 414 479 299 364 132 446 195 366 76 257 219 260 52 0 267 235 166 292 332 149 317 463 
175 296 63 342 427 354 294 494 446 379 343 443 155 345 424 346 372 353 259 106 151 330 188 304 475 260 86 231 185 297 440 311 299 453 359 225 306 359 425 458 237 267 0 366 174 418 70 320 253 464 
400 98 111 323 150 189 383 360 452 484 396 347 287 370 106 324 307 242 327 453 259 125 406 324 56 211 182 431 376 125 405 275 173 222 305 274 362 187 340 69 377 235 366 0 156 114 294 448 363 195 
371 311 423 401 324 371 227 276 129 302 388 403 64 306 291 445 181 366 349 406 245 278 417 469 139 103 64 365 431 456 231 301 266 360 201 296 437 134 279 65 142 166 174 156 0 419 131 368 293 297 
422 171 307 102 487 363 215 231 140 131 407 229 185 177 300 322 133 481 329 349 96 236 352 483 320 130 254 412 246 134 274 168 255 80 427 241 393 141 179 483 223 292 418 114 419 0 218 217 58 467 
218 386 51 405 214 107 208 156 165 190 426 245 151 93 197 235 73 71 441 103 449 388 203 296 273 185 469 64 310 82 190 478 174 191 138 94 455 296 200 119 193 332 70 294 131 218 0 107 481 205 
235 154 239 382 415 394 270 117 190 493 459 158 264 268 398 404 452 278 301 90 323 463 92 229 288 235 61 309 235 349 477 177 454 215 58 368 316 278 191 456 478 149 320 448 368 217 107 0 429 457 
319 202 114 115 475 76 158 410 315 99 177 330 492 477 306 168 430 227 176 53 493 161 401 448 345 500 268 292 367 191 105 393 343 169 458 73 403 115 190 424 372 317 253 363 293 58 481 429 0 184 
442 363 188 435 230 88 138 74 88 112 72 161 254 127 53 303 454 462 83 356 283 223 486 154 490 238 223 490 453 410 418 394 273 313 84 209 351 173 441 145 442 463 464 195 297 467 205 457 184 0 

995.61 0 21
995.61 1 16
995.61 2 48
995.61 3 43
995.61 4 24
995.61 5 45
995.61 6 0
995.61 7 30
995.61 8 48
995.61 9 13
995.61 10 46
995.61 11 26
995.61 12 31
995.61 13 32
995.61 14 10
995.61 15 44
995.61 16 30
995.61 17 37
995.61 18 43
995.61 19 11
995.61 20 40
995.61 21 13
995.61 22 36
995.61 23 31
995.61 24 29
995.61 25 48
995.61 26 30
995.61 27 38
995.61 28 37
995.61 29 22
995.61 30 10
995.61 31 9
995.61 32 38
995.61 33 9
995.61 34 8
995.61 35 18
995.61 36 5
995.61 37 13
995.61 38 48
995.61 39 9
995.61 40 27
995.61 41 1
995.61 42 36
995.61 43 9
995.61 44 39
995.61 45 2
995.61 46 4
995.61 47 20
995.61 48 39
995.61 49 3
