30 30 4 87

0.3 0 4
0.3 0 7
0.3 0 9
0.3 0 13
0.3 0 16
0.3 0 19
0.3 0 22
0.3 0 25
0.3 0 29
0.3 1 3
0.3 1 11
0.3 1 15
0.3 1 16
0.3 1 26
0.3 1 28
0.3 2 4
0.3 2 5
0.3 2 11
0.3 2 18
0.3 2 22
0.3 2 24
0.3 2 25
0.3 2 26
0.3 3 6
0.3 3 7
0.3 3 12
0.3 3 14
0.3 3 15
0.3 3 18
0.3 3 22
0.3 3 27
0.3 4 5
0.3 4 6
0.3 4 7
0.3 4 15
0.3 4 16
0.3 4 26
0.3 4 27
0.3 4 28
0.3 5 9
0.3 5 10
0.3 5 23
0.3 6 13
0.3 6 17
0.3 6 18
0.3 6 26
0.3 7 8
0.3 7 13
0.3 7 19
0.3 7 29
0.3 8 12
0.3 8 16
0.3 8 22
0.3 8 25
0.3 8 26
0.3 9 12
0.3 9 14
0.3 9 26
0.3 9 27
0.3 9 28
0.3 10 12
0.3 10 18
0.3 10 19
0.3 10 25
0.3 10 27
0.3 11 14
0.3 12 15
0.3 12 17
0.3 12 28
0.3 13 24
0.3 13 25
0.3 13 28
0.3 14 21
0.3 14 24
0.3 14 26
0.3 14 27
0.3 14 29
0.3 15 20
0.3 15 25
0.3 16 18
0.3 16 25
0.3 18 23
0.3 19 20
0.3 19 28
0.3 22 26
0.3 23 26
0.3 24 25

0 300 356 478 99 328 491 90 456 373 459 443 385 183 57 235 367 126 105 71 216 102 244 416 481 218 457 93 109 72 
300 0 282 482 329 51 246 370 447 489 305 248 378 413 435 284 288 96 107 311 81 488 211 215 254 473 348 321 81 441 
356 282 0 119 127 61 99 445 71 318 231 441 299 138 428 240 309 140 64 423 273 496 154 462 317 332 88 424 446 200 
478 482 119 0 353 426 420 265 255 450 57 268 409 52 158 149 301 433 229 366 247 60 320 393 181 318 116 420 401 131 
99 329 127 353 0 301 433 59 302 341 224 411 83 142 233 417 422 219 298 175 439 425 385 370 82 141 345 225 124 472 
328 51 61 426 301 0 466 110 303 353 163 387 346 315 238 360 417 206 381 470 348 432 101 386 401 305 248 136 473 352 
491 246 99 420 433 466 0 326 232 207 474 290 468 448 249 444 241 376 101 490 52 282 70 78 453 56 491 268 80 238 
90 370 445 265 59 110 326 0 490 108 471 165 241 474 111 175 160 345 306 171 454 132 77 279 329 329 73 470 494 302 
456 447 71 255 302 303 232 490 0 278 239 395 404 464 487 208 166 365 234 202 255 96 451 408 317 58 286 203 404 324 
373 489 318 450 341 353 207 108 278 0 174 299 453 403 158 466 302 97 81 345 355 301 148 480 374 79 308 112 167 269 
459 305 231 57 224 163 474 471 239 174 0 104 199 414 144 123 353 418 408 418 108 171 129 440 497 216 164 424 261 51 
443 248 441 268 411 387 290 165 395 299 104 0 208 439 332 181 481 496 125 459 95 262 438 268 416 297 90 400 129 434 
385 378 299 409 83 346 468 241 404 453 199 208 0 313 332 429 152 233 99 438 376 332 143 299 243 431 315 135 76 142 
183 413 138 52 142 315 448 474 464 403 414 439 313 0 91 476 185 149 308 230 369 394 139 80 383 375 199 417 79 470 
57 435 428 158 233 238 249 111 487 158 144 332 332 91 0 95 312 297 201 65 468 215 362 75 200 332 306 208 53 63 
235 284 240 149 417 360 444 175 208 466 123 181 429 476 95 0 194 99 352 452 448 477 282 75 228 247 344 456 426 168 
367 288 309 301 422 417 241 160 166 302 353 481 152 185 312 194 0 387 155 165 251 448 127 107 497 248 365 457 164 499 
126 96 140 433 219 206 376 345 365 97 418 496 233 149 297 99 387 0 340 69 193 218 444 476 179 329 102 229 420 273 
105 107 64 229 298 381 101 306 234 81 408 125 99 308 201 352 155 340 0 89 193 186 328 173 374 369 481 155 133 300 
71 311 423 366 175 470 490 171 202 345 418 459 438 230 65 452 165 69 89 0 372 410 378 394 472 198 239 469 120 163 
216 81 273 247 439 348 52 454 255 355 108 95 376 369 468 448 251 193 193 372 0 72 322 413 184 418 385 72 132 192 
102 488 496 60 425 432 282 132 96 301 171 262 332 394 215 477 448 218 186 410 72 0 297 266 404 68 434 470 312 140 
244 211 154 320 385 101 70 77 451 148 129 438 143 139 362 282 127 444 328 378 322 297 0 239 497 132 438 71 432 440 
416 215 462 393 370 386 78 279 408 480 440 268 299 80 75 75 107 476 173 394 413 266 239 0 209 170 420 260 101 481 
481 254 317 181 82 401 453 329 317 374 497 416 243 383 200 228 497 179 374 472 184 404 497 209 0 405 302 416 91 402 
218 473 332 318 141 305 56 329 58 79 216 297 431 375 332 247 248 329 369 198 418 68 132 170 405 0 342 162 157 127 
457 348 88 116 345 248 491 73 286 308 164 90 315 199 306 344 365 102 481 239 385 434 438 420 302 342 0 193 329 81 
93 321 424 420 225 136 268 470 203 112 424 400 135 417 208 456 457 229 155 469 72 470 71 260 416 162 193 0 57 199 
109 81 446 401 124 473 80 494 404 167 261 129 76 79 53 426 164 420 133 120 132 312 432 101 91 157 329 57 0 234 
72 441 200 131 472 352 238 302 324 269 51 434 142 470 63 168 499 273 300 163 192 140 440 481 402 127 81 199 234 0 

636.24 0 10
636.24 1 14
636.24 2 3
636.24 3 10
636.24 4 5
636.24 5 10
636.24 6 11
636.24 7 16
636.24 8 10
636.24 9 12
636.24 10 16
636.24 11 13
636.24 12 13
636.24 13 14
636.24 14 6
636.24 15 11
636.24 16 1
636.24 17 18
636.24 18 2
636.24 19 7
636.24 20 2
636.24 21 22
636.24 22 3
636.24 23 9
636.24 24 9
636.24 25 21
636.24 26 7
636.24 27 6
636.24 28 15
636.24 29 6
