50 50 4 122

0.3 0 7
0.3 0 18
0.3 0 24
0.3 0 30
0.3 0 31
0.3 0 39
0.3 1 9
0.3 1 30
0.3 1 31
0.3 1 49
0.3 2 25
0.3 2 27
0.3 2 49
0.3 3 14
0.3 3 18
0.3 3 21
0.3 3 24
0.3 3 39
0.3 3 46
0.3 4 21
0.3 5 10
0.3 5 26
0.3 5 28
0.3 5 35
0.3 5 36
0.3 5 37
0.3 5 41
0.3 7 9
0.3 7 18
0.3 7 24
0.3 7 28
0.3 7 32
0.3 7 38
0.3 7 39
0.3 7 41
0.3 8 20
0.3 8 32
0.3 9 11
0.3 9 20
0.3 9 33
0.3 10 46
0.3 11 23
0.3 11 42
0.3 11 44
0.3 12 38
0.3 12 41
0.3 12 44
0.3 13 17
0.3 13 24
0.3 13 34
0.3 13 36
0.3 13 40
0.3 14 25
0.3 15 25
0.3 15 30
0.3 15 47
0.3 16 23
0.3 16 29
0.3 16 33
0.3 16 44
0.3 17 28
0.3 17 36
0.3 17 45
0.3 18 19
0.3 18 20
0.3 18 21
0.3 18 22
0.3 18 24
0.3 18 35
0.3 18 36
0.3 18 45
0.3 18 47
0.3 19 20
0.3 19 23
0.3 19 35
0.3 19 43
0.3 20 24
0.3 20 28
0.3 20 34
0.3 21 27
0.3 21 37
0.3 21 41
0.3 22 26
0.3 22 30
0.3 24 41
0.3 24 49
0.3 25 32
0.3 25 49
0.3 26 35
0.3 26 43
0.3 27 28
0.3 27 33
0.3 27 44
0.3 27 47
0.3 28 33
0.3 28 45
0.3 28 48
0.3 29 48
0.3 30 32
0.3 30 33
0.3 30 36
0.3 30 38
0.3 31 40
0.3 31 41
0.3 31 42
0.3 31 48
0.3 32 37
0.3 32 40
0.3 32 48
0.3 33 47
0.3 34 45
0.3 35 37
0.3 35 38
0.3 36 37
0.3 36 42
0.3 37 46
0.3 37 49
0.3 38 43
0.3 40 46
0.3 43 47
0.3 45 47
0.3 46 49

0 478 432 295 258 365 299 330 137 78 103 152 276 180 85 428 203 384 322 426 417 439 88 347 344 422 498 97 220 374 231 292 469 141 111 458 260 168 77 226 217 372 137 427 368 487 67 286 240 174 
478 0 454 260 334 330 184 457 496 324 68 382 227 280 70 146 295 365 75 360 389 487 419 278 358 83 475 94 245 329 309 273 273 313 203 334 52 136 120 303 478 124 290 428 230 283 206 405 170 437 
432 454 0 321 155 401 217 192 97 227 100 255 177 106 442 221 448 438 475 396 138 83 307 67 443 386 475 430 261 262 85 213 89 326 372 156 418 413 485 259 376 158 368 163 411 472 99 165 275 160 
295 260 321 0 132 169 60 88 114 183 478 394 453 82 175 212 430 95 357 252 205 206 467 464 386 423 277 286 197 94 266 83 51 316 221 429 367 218 244 429 106 317 212 207 171 177 270 233 362 102 
258 334 155 132 0 385 389 73 427 406 78 469 117 134 426 484 443 348 137 452 488 483 227 208 475 495 409 177 500 281 277 245 468 499 348 304 226 146 100 78 62 68 85 468 469 363 242 155 282 243 
365 330 401 169 385 0 171 259 51 298 196 250 290 170 296 451 329 144 419 265 293 351 393 201 159 63 318 183 305 229 336 440 235 159 413 193 167 72 102 262 469 165 254 490 152 371 230 137 87 226 
299 184 217 60 389 171 0 292 359 219 148 442 250 391 401 268 356 69 86 435 418 205 346 433 477 439 198 468 333 241 253 369 127 438 472 422 471 362 364 374 308 130 96 270 165 315 92 155 239 452 
330 457 192 88 73 259 292 0 393 63 114 289 493 130 153 65 445 120 302 415 353 454 458 420 240 95 198 358 492 487 456 449 172 335 471 401 75 105 118 388 191 365 315 320 240 67 276 70 362 309 
137 496 97 114 427 51 359 393 0 417 359 384 59 480 179 291 229 386 249 208 124 475 414 330 456 371 410 167 188 241 283 395 130 94 87 224 343 74 68 459 410 170 499 439 159 243 311 341 131 61 
78 324 227 183 406 298 219 63 417 0 290 199 374 479 110 144 215 163 288 466 496 291 140 227 462 137 327 376 223 281 446 359 436 417 286 494 59 216 159 394 361 446 203 412 348 399 499 484 321 252 
103 68 100 478 78 196 148 114 359 290 0 354 96 335 427 163 124 233 149 289 362 343 153 94 464 431 193 382 459 478 196 394 273 419 146 397 160 481 497 164 414 351 161 344 68 302 218 99 369 461 
152 382 255 394 469 250 442 289 384 199 354 0 77 373 419 371 496 463 449 60 207 148 400 343 419 101 423 315 252 379 63 298 134 315 81 142 194 362 276 183 117 317 411 290 388 115 288 468 157 128 
276 227 177 453 117 290 250 493 59 374 96 77 0 203 66 123 141 444 56 290 178 179 380 400 169 246 265 281 340 454 180 372 63 176 122 226 253 414 53 328 238 391 495 328 303 161 248 118 318 494 
180 280 106 82 134 170 391 130 480 479 335 373 203 0 419 141 249 324 366 318 222 187 65 478 164 164 238 291 91 193 282 280 52 495 497 333 52 67 239 387 237 369 259 75 122 399 327 63 338 301 
85 70 442 175 426 296 401 153 179 110 427 419 66 419 0 206 269 375 332 293 309 303 383 235 108 498 500 142 133 131 467 286 370 129 212 379 148 260 360 252 57 89 74 270 396 339 178 141 85 385 
428 146 221 212 484 451 268 65 291 144 163 371 123 141 206 0 266 146 128 471 380 167 230 246 295 409 108 424 361 293 323 95 108 194 233 145 426 296 491 179 107 180 89 96 51 415 128 103 307 369 
203 295 448 430 443 329 356 445 229 215 124 496 141 249 269 266 0 325 59 174 173 431 220 192 200 125 375 420 322 234 119 102 312 181 230 244 131 222 69 442 347 177 170 81 435 444 200 458 419 365 
384 365 438 95 348 144 69 120 386 163 233 463 444 324 375 146 325 0 377 380 74 427 92 356 492 462 100 113 130 421 466 355 431 405 286 186 491 257 69 346 298 72 112 242 130 497 55 178 336 259 
322 75 475 357 137 419 86 302 249 288 149 449 56 366 332 128 59 377 0 390 315 470 411 92 95 327 61 368 209 153 263 60 326 233 212 454 331 187 224 65 159 87 146 495 399 86 241 136 272 476 
426 360 396 252 452 265 435 415 208 466 289 60 290 318 293 471 174 380 390 0 294 261 461 51 493 451 245 419 452 55 490 71 89 368 411 466 398 243 228 208 280 401 449 272 431 181 495 416 154 223 
417 389 138 205 488 293 418 353 124 496 362 207 178 222 309 380 173 74 315 294 0 179 385 255 392 332 98 379 500 51 326 100 237 480 101 128 383 378 273 378 197 347 436 301 449 322 473 162 222 115 
439 487 83 206 483 351 205 454 475 291 343 148 179 187 303 167 431 427 470 261 179 0 265 422 73 141 420 449 480 313 475 336 368 475 152 393 204 281 363 117 445 413 74 232 166 328 423 106 99 200 
88 419 307 467 227 393 346 458 414 140 153 400 380 65 383 230 220 92 411 461 385 265 0 66 228 453 320 225 75 213 247 496 85 316 65 199 291 124 145 233 68 342 352 329 134 131 416 171 116 163 
347 278 67 464 208 201 433 420 330 227 94 343 400 478 235 246 192 356 92 51 255 422 66 0 344 483 266 390 174 50 345 54 448 441 236 317 392 210 349 370 273 148 417 278 285 250 498 373 400 206 
344 358 443 386 475 159 477 240 456 462 464 419 169 164 108 295 200 492 95 493 392 73 228 344 0 133 246 194 358 499 187 387 255 155 440 186 315 234 388 404 83 163 476 456 373 442 171 94 116 243 
422 83 386 423 495 63 439 95 371 137 431 101 246 164 498 409 125 462 327 451 332 141 453 483 133 0 478 480 474 238 455 389 180 428 233 374 170 209 387 84 309 339 273 347 56 270 79 132 128 416 
498 475 475 277 409 318 198 198 410 327 193 423 265 238 500 108 375 100 61 245 98 420 320 266 246 478 0 309 350 382 343 459 406 130 483 187 388 253 60 345 484 412 269 302 390 494 177 57 300 114 
97 94 430 286 177 183 468 358 167 376 382 315 281 291 142 424 420 113 368 419 379 449 225 390 194 480 309 0 247 356 375 229 434 462 293 302 382 188 326 433 408 332 56 493 67 403 379 319 202 124 
220 245 261 197 500 305 333 492 188 223 459 252 340 91 133 361 322 130 209 452 500 480 75 174 358 474 350 247 0 211 336 470 150 297 469 404 126 210 102 193 67 350 266 363 97 184 465 290 361 254 
374 329 262 94 281 229 241 487 241 281 478 379 454 193 131 293 234 421 153 55 51 313 213 50 499 238 382 356 211 0 198 50 162 354 370 173 246 370 75 129 117 122 242 235 95 381 174 470 292 279 
231 309 85 266 277 336 253 456 283 446 196 63 180 282 467 323 119 466 263 490 326 475 247 345 187 455 343 375 336 198 0 377 67 79 166 497 378 319 285 82 169 166 484 398 208 373 485 429 133 130 
292 273 213 83 245 440 369 449 395 359 394 298 372 280 286 95 102 355 60 71 100 336 496 54 387 389 459 229 470 50 377 0 118 388 80 361 93 85 129 125 234 429 109 290 171 377 238 283 307 134 
469 273 89 51 468 235 127 172 130 436 273 134 63 52 370 108 312 431 326 89 237 368 85 448 255 180 406 434 150 162 67 118 0 167 280 457 248 212 145 383 95 404 482 162 482 163 330 130 168 423 
141 313 326 316 499 159 438 335 94 417 419 315 176 495 129 194 181 405 233 368 480 475 316 441 155 428 130 462 297 354 79 388 167 0 488 152 51 231 476 291 251 275 107 60 119 345 83 93 114 447 
111 203 372 221 348 413 472 471 87 286 146 81 122 497 212 233 230 286 212 411 101 152 65 236 440 233 483 293 469 370 166 80 280 488 0 497 166 460 79 54 498 245 271 447 292 261 458 466 168 187 
458 334 156 429 304 193 422 401 224 494 397 142 226 333 379 145 244 186 454 466 128 393 199 317 186 374 187 302 404 173 497 361 457 152 497 0 181 308 402 167 314 422 273 336 450 232 278 236 157 165 
260 52 418 367 226 167 471 75 343 59 160 194 253 52 148 426 131 491 331 398 383 204 291 392 315 170 388 382 126 246 378 93 248 51 166 181 0 460 78 259 219 146 312 50 428 215 471 180 152 380 
168 136 413 218 146 72 362 105 74 216 481 362 414 67 260 296 222 257 187 243 378 281 124 210 234 209 253 188 210 370 319 85 212 231 460 308 460 0 393 134 61 81 73 423 408 75 256 328 357 345 
77 120 485 244 100 102 364 118 68 159 497 276 53 239 360 491 69 69 224 228 273 363 145 349 388 387 60 326 102 75 285 129 145 476 79 402 78 393 0 262 211 286 87 155 189 249 261 256 469 424 
226 303 259 429 78 262 374 388 459 394 164 183 328 387 252 179 442 346 65 208 378 117 233 370 404 84 345 433 193 129 82 125 383 291 54 167 259 134 262 0 335 473 310 195 87 164 281 227 440 391 
217 478 376 106 62 469 308 191 410 361 414 117 238 237 57 107 347 298 159 280 197 445 68 273 83 309 484 408 67 117 169 234 95 251 498 314 219 61 211 335 0 478 227 334 462 424 254 311 385 96 
372 124 158 317 68 165 130 365 170 446 351 317 391 369 89 180 177 72 87 401 347 413 342 148 163 339 412 332 350 122 166 429 404 275 245 422 146 81 286 473 478 0 198 205 415 51 429 62 337 141 
137 290 368 212 85 254 96 315 499 203 161 411 495 259 74 89 170 112 146 449 436 74 352 417 476 273 269 56 266 242 484 109 482 107 271 273 312 73 87 310 227 198 0 435 181 229 275 194 96 225 
427 428 163 207 468 490 270 320 439 412 344 290 328 75 270 96 81 242 495 272 301 232 329 278 456 347 302 493 363 235 398 290 162 60 447 336 50 423 155 195 334 205 435 0 264 291 208 379 409 297 
368 230 411 171 469 152 165 240 159 348 68 388 303 122 396 51 435 130 399 431 449 166 134 285 373 56 390 67 97 95 208 171 482 119 292 450 428 408 189 87 462 415 181 264 0 400 255 282 382 392 
487 283 472 177 363 371 315 67 243 399 302 115 161 399 339 415 444 497 86 181 322 328 131 250 442 270 494 403 184 381 373 377 163 345 261 232 215 75 249 164 424 51 229 291 400 0 404 493 339 109 
67 206 99 270 242 230 92 276 311 499 218 288 248 327 178 128 200 55 241 495 473 423 416 498 171 79 177 379 465 174 485 238 330 83 458 278 471 256 261 281 254 429 275 208 255 404 0 432 215 165 
286 405 165 233 155 137 155 70 341 484 99 468 118 63 141 103 458 178 136 416 162 106 171 373 94 132 57 319 290 470 429 283 130 93 466 236 180 328 256 227 311 62 194 379 282 493 432 0 300 463 
240 170 275 362 282 87 239 362 131 321 369 157 318 338 85 307 419 336 272 154 222 99 116 400 116 128 300 202 361 292 133 307 168 114 168 157 152 357 469 440 385 337 96 409 382 339 215 300 0 74 
174 437 160 102 243 226 452 309 61 252 461 128 494 301 385 369 365 259 476 223 115 200 163 206 243 416 114 124 254 279 130 134 423 447 187 165 380 345 424 391 96 141 225 297 392 109 165 463 74 0 

980.76 0 43
980.76 1 44
980.76 2 5
980.76 3 21
980.76 4 45
980.76 5 14
980.76 6 34
980.76 7 8
980.76 8 15
980.76 9 27
980.76 10 44
980.76 11 4
980.76 12 30
980.76 13 20
980.76 14 6
980.76 15 28
980.76 16 15
980.76 17 30
980.76 18 1
980.76 19 20
980.76 20 9
980.76 21 22
980.76 22 9
980.76 23 29
980.76 24 43
980.76 25 41
980.76 26 42
980.76 27 14
980.76 28 32
980.76 29 41
980.76 30 2
980.76 31 32
980.76 32 41
980.76 33 12
980.76 34 3
980.76 35 42
980.76 36 26
980.76 37 43
980.76 38 0
980.76 39 42
980.76 40 21
980.76 41 0
980.76 42 2
980.76 43 7
980.76 44 21
980.76 45 8
980.76 46 35
980.76 47 41
980.76 48 38
980.76 49 36
