50 50 3 306

0.25 0 1
0.25 0 8
0.25 0 11
0.25 0 14
0.25 0 15
0.25 0 19
0.25 0 20
0.25 0 28
0.25 0 38
0.25 0 39
0.25 0 41
0.25 0 44
0.25 1 17
0.25 1 22
0.25 1 26
0.25 1 28
0.25 1 32
0.25 1 35
0.25 1 40
0.25 1 46
0.25 1 49
0.25 2 6
0.25 2 8
0.25 2 17
0.25 2 19
0.25 2 22
0.25 2 26
0.25 2 28
0.25 2 33
0.25 2 42
0.25 2 44
0.25 3 14
0.25 3 15
0.25 3 28
0.25 3 31
0.25 3 37
0.25 3 41
0.25 4 5
0.25 4 8
0.25 4 17
0.25 4 25
0.25 4 29
0.25 4 35
0.25 4 48
0.25 5 6
0.25 5 7
0.25 5 13
0.25 5 14
0.25 5 20
0.25 5 27
0.25 5 31
0.25 6 13
0.25 6 15
0.25 6 22
0.25 6 24
0.25 6 27
0.25 6 29
0.25 6 31
0.25 6 32
0.25 6 46
0.25 7 17
0.25 7 20
0.25 7 21
0.25 7 22
0.25 7 23
0.25 7 26
0.25 7 28
0.25 7 32
0.25 7 33
0.25 7 34
0.25 7 35
0.25 7 42
0.25 7 44
0.25 7 45
0.25 8 11
0.25 8 14
0.25 8 17
0.25 8 21
0.25 8 22
0.25 8 23
0.25 8 24
0.25 8 26
0.25 8 27
0.25 8 31
0.25 8 32
0.25 8 40
0.25 8 41
0.25 9 11
0.25 9 17
0.25 9 18
0.25 9 19
0.25 9 23
0.25 9 25
0.25 9 26
0.25 9 30
0.25 9 32
0.25 9 35
0.25 9 39
0.25 9 41
0.25 9 44
0.25 9 46
0.25 9 48
0.25 10 12
0.25 10 18
0.25 10 19
0.25 10 26
0.25 10 32
0.25 10 36
0.25 10 42
0.25 10 44
0.25 10 46
0.25 11 14
0.25 11 15
0.25 11 24
0.25 11 28
0.25 11 31
0.25 11 39
0.25 11 40
0.25 11 42
0.25 11 48
0.25 11 49
0.25 12 14
0.25 12 20
0.25 12 22
0.25 12 24
0.25 12 26
0.25 12 29
0.25 12 30
0.25 12 34
0.25 12 36
0.25 12 39
0.25 12 42
0.25 12 43
0.25 12 48
0.25 13 14
0.25 13 15
0.25 13 16
0.25 13 18
0.25 13 19
0.25 13 21
0.25 13 26
0.25 13 28
0.25 13 30
0.25 13 31
0.25 13 45
0.25 14 17
0.25 14 22
0.25 14 25
0.25 14 27
0.25 14 30
0.25 14 33
0.25 14 36
0.25 14 42
0.25 14 45
0.25 14 46
0.25 15 17
0.25 15 20
0.25 15 25
0.25 15 30
0.25 15 31
0.25 15 36
0.25 15 39
0.25 15 40
0.25 15 44
0.25 15 45
0.25 15 47
0.25 15 49
0.25 16 18
0.25 16 25
0.25 16 41
0.25 16 47
0.25 16 49
0.25 17 21
0.25 17 27
0.25 17 32
0.25 17 35
0.25 17 37
0.25 17 44
0.25 17 46
0.25 18 25
0.25 18 34
0.25 18 37
0.25 18 43
0.25 19 21
0.25 19 28
0.25 19 34
0.25 19 38
0.25 19 41
0.25 19 42
0.25 19 44
0.25 19 46
0.25 20 26
0.25 20 30
0.25 20 33
0.25 20 43
0.25 20 47
0.25 21 25
0.25 21 28
0.25 21 29
0.25 21 31
0.25 21 32
0.25 21 33
0.25 22 25
0.25 22 41
0.25 22 43
0.25 22 49
0.25 23 24
0.25 23 25
0.25 23 27
0.25 23 29
0.25 23 30
0.25 23 31
0.25 23 34
0.25 23 36
0.25 23 46
0.25 24 27
0.25 24 28
0.25 24 29
0.25 24 34
0.25 24 39
0.25 24 44
0.25 24 46
0.25 24 48
0.25 25 29
0.25 25 31
0.25 25 34
0.25 25 39
0.25 25 43
0.25 25 48
0.25 25 49
0.25 26 31
0.25 26 32
0.25 26 35
0.25 26 36
0.25 26 42
0.25 26 47
0.25 27 28
0.25 27 43
0.25 28 29
0.25 28 31
0.25 28 37
0.25 28 40
0.25 28 45
0.25 28 46
0.25 28 48
0.25 28 49
0.25 29 30
0.25 29 36
0.25 29 44
0.25 29 47
0.25 29 48
0.25 30 31
0.25 30 36
0.25 30 41
0.25 30 47
0.25 30 49
0.25 31 32
0.25 31 34
0.25 31 36
0.25 31 40
0.25 31 41
0.25 31 45
0.25 31 46
0.25 31 47
0.25 31 48
0.25 31 49
0.25 32 33
0.25 32 34
0.25 32 43
0.25 32 44
0.25 32 45
0.25 32 49
0.25 33 34
0.25 33 35
0.25 33 36
0.25 33 47
0.25 34 35
0.25 34 37
0.25 34 39
0.25 34 45
0.25 34 46
0.25 34 49
0.25 35 44
0.25 35 46
0.25 36 47
0.25 36 49
0.25 37 44
0.25 37 46
0.25 37 47
0.25 37 49
0.25 38 39
0.25 38 40
0.25 38 42
0.25 38 48
0.25 39 45
0.25 40 47
0.25 40 48
0.25 41 43
0.25 41 46
0.25 41 48
0.25 42 44
0.25 43 45
0.25 43 47
0.25 43 48
0.25 44 49
0.25 46 48

0 258 404 102 326 411 333 315 232 180 295 363 320 417 416 192 161 169 491 260 93 122 495 209 246 83 277 403 369 158 315 477 109 381 301 169 408 423 205 187 350 176 384 193 69 60 160 152 183 411 
258 0 123 303 449 477 433 188 356 280 127 102 391 298 456 147 362 166 337 302 347 429 313 473 359 74 211 164 305 477 425 398 359 63 415 309 498 212 440 52 438 369 479 92 397 290 413 147 124 419 
404 123 0 318 117 151 72 156 290 217 83 74 371 355 204 154 198 108 68 300 365 270 375 430 104 306 441 202 92 128 386 290 62 58 473 87 221 211 267 310 329 336 313 453 486 276 126 159 180 160 
102 303 318 0 414 317 429 129 196 247 73 401 243 292 467 284 323 160 361 158 74 103 163 107 382 74 448 102 76 233 292 118 177 97 292 65 182 444 329 494 417 267 310 364 380 402 369 244 404 194 
326 449 117 414 0 365 136 89 466 193 263 491 344 127 215 63 272 387 80 165 215 397 318 376 268 222 446 420 207 281 52 396 461 281 303 266 221 479 241 230 422 356 387 367 373 404 335 189 111 98 
411 477 151 317 365 0 100 139 363 127 376 380 63 138 294 158 371 423 290 357 225 277 102 129 79 350 484 185 413 170 325 499 267 284 311 409 267 175 163 236 131 370 311 244 152 301 440 168 228 109 
333 433 72 429 136 100 0 88 248 430 123 191 77 61 494 345 244 211 225 286 281 370 397 235 175 284 481 470 228 259 279 393 276 389 189 73 450 65 483 157 374 468 452 67 439 122 483 79 317 233 
315 188 156 129 89 139 88 0 269 295 77 186 274 306 312 62 272 399 293 469 280 382 387 189 72 174 470 360 466 439 379 381 342 131 251 67 440 315 331 375 384 84 157 176 137 249 251 60 125 367 
232 356 290 196 466 363 248 269 0 150 63 101 308 207 164 235 364 157 383 260 204 145 66 140 445 415 289 132 88 290 83 134 351 191 164 467 71 158 122 72 253 176 229 360 477 131 79 89 248 197 
180 280 217 247 193 127 430 295 150 0 229 260 177 321 236 189 56 351 482 465 154 180 355 437 147 338 261 415 120 193 424 426 408 241 58 340 110 174 273 365 287 389 394 112 223 191 358 99 438 54 
295 127 83 73 263 376 123 77 63 229 0 384 275 330 156 73 387 422 161 311 160 157 460 208 453 262 398 343 435 160 375 305 353 147 302 111 465 95 150 209 278 339 312 134 405 141 100 254 217 389 
363 102 74 401 491 380 191 186 101 260 384 0 142 108 178 247 100 354 360 274 500 395 202 221 51 183 346 319 398 328 433 459 310 163 352 269 365 190 472 361 427 306 187 424 370 203 70 64 53 153 
320 391 371 243 344 63 77 274 308 177 275 142 0 67 263 347 369 404 50 261 364 478 331 99 229 368 495 140 409 263 84 358 472 345 316 98 337 448 427 277 140 167 229 335 485 382 179 152 201 485 
417 298 355 292 127 138 61 306 207 321 330 108 67 0 380 344 271 473 115 301 168 473 269 232 288 388 278 131 105 95 410 95 398 238 338 160 276 140 163 302 488 427 302 176 292 171 55 474 148 472 
416 456 204 467 215 294 494 312 164 236 156 178 263 380 0 76 69 136 480 317 55 419 98 273 444 412 260 79 447 433 403 368 384 101 302 319 159 459 195 457 84 202 221 498 232 134 486 181 250 449 
192 147 154 284 63 158 345 62 235 189 73 247 347 344 76 0 248 64 167 279 472 399 108 202 368 68 332 488 435 379 336 260 232 85 259 344 73 291 130 463 495 499 118 154 430 64 266 115 67 51 
161 362 198 323 272 371 244 272 364 56 387 100 369 271 69 248 0 90 380 369 284 404 345 119 134 241 490 183 195 357 342 381 485 244 99 277 82 320 51 416 473 192 85 269 185 216 308 109 384 442 
169 166 108 160 387 423 211 399 157 351 422 354 404 473 136 64 90 0 139 104 363 200 430 290 380 120 149 73 285 379 281 416 300 443 344 312 324 400 128 414 100 63 204 166 408 52 218 210 104 404 
491 337 68 361 80 290 225 293 383 482 161 360 50 115 480 167 380 139 0 276 465 178 410 263 282 70 406 265 464 313 192 247 185 55 89 87 339 447 338 188 422 419 103 352 75 423 142 362 128 373 
260 302 300 158 165 357 286 469 260 465 311 274 261 301 317 279 369 104 276 0 459 314 476 285 305 177 377 394 389 52 427 279 470 92 410 237 112 307 413 224 305 236 165 58 220 364 336 270 102 140 
93 347 365 74 215 225 281 280 204 154 160 500 364 168 55 472 284 363 465 459 0 304 294 198 185 115 61 112 418 163 300 343 349 331 286 306 137 468 387 354 180 205 339 168 138 407 59 280 77 175 
122 429 270 103 397 277 370 382 145 180 157 395 478 473 419 399 404 200 178 314 304 0 305 94 465 464 425 254 244 483 401 497 182 361 244 215 474 204 390 259 72 459 458 285 123 417 128 98 424 75 
495 313 375 163 318 102 397 387 66 355 460 202 331 269 98 108 345 430 410 476 294 305 0 53 78 495 325 493 360 391 90 180 149 236 461 108 234 182 480 401 381 129 114 318 119 384 371 414 243 487 
209 473 430 107 376 129 235 189 140 437 208 221 99 232 273 202 119 290 263 285 198 94 53 0 337 199 338 468 311 81 282 139 438 448 288 80 206 434 163 404 396 284 66 186 393 376 215 308 89 90 
246 359 104 382 268 79 175 72 445 147 453 51 229 288 444 368 134 380 282 305 185 465 78 337 0 99 445 338 306 433 292 279 167 345 421 314 487 51 457 279 175 327 336 105 122 143 314 314 319 151 
83 74 306 74 222 350 284 174 415 338 262 183 368 388 412 68 241 120 70 177 115 464 495 199 99 0 452 260 321 251 328 178 484 52 372 429 118 411 225 66 266 389 368 388 241 491 488 171 138 142 
277 211 441 448 446 484 481 470 289 261 398 346 495 278 260 332 490 149 406 377 61 425 325 338 445 452 0 392 60 98 215 173 110 227 275 172 51 308 102 221 362 284 319 156 324 115 476 142 115 363 
403 164 202 102 420 185 470 360 132 415 343 319 140 131 79 488 183 73 265 394 112 254 493 468 338 260 392 0 480 445 249 200 73 411 149 362 376 346 234 333 421 277 143 238 431 456 103 306 315 118 
369 305 92 76 207 413 228 466 88 120 435 398 409 105 447 435 195 285 464 389 418 244 360 311 306 321 60 480 0 71 132 377 116 280 371 307 260 117 365 373 93 279 413 186 426 466 270 57 456 449 
158 477 128 233 281 170 259 439 290 193 160 328 263 95 433 379 357 379 313 52 163 483 391 81 433 251 98 445 71 0 366 255 71 229 141 177 140 70 471 151 435 374 492 226 94 380 167 432 480 447 
315 425 386 292 52 325 279 379 83 424 375 433 84 410 403 336 342 281 192 427 300 401 90 282 292 328 215 249 132 366 0 272 295 293 98 346 72 117 344 370 90 185 290 390 212 95 464 490 133 383 
477 398 290 118 396 499 393 381 134 426 305 459 358 95 368 260 381 416 247 279 343 497 180 139 279 178 173 200 377 255 272 0 175 367 378 182 375 490 69 266 394 405 52 329 202 233 380 160 139 359 
109 359 62 177 461 267 276 342 351 408 353 310 472 398 384 232 485 300 185 470 349 182 149 438 167 484 110 73 116 71 295 175 0 242 55 192 345 440 166 153 129 242 227 475 442 377 79 79 311 121 
381 63 58 97 281 284 389 131 191 241 147 163 345 238 101 85 244 443 55 92 331 361 236 448 345 52 227 411 280 229 293 367 242 0 277 139 450 278 317 386 369 471 102 98 405 78 90 148 264 493 
301 415 473 292 303 311 189 251 164 58 302 352 316 338 302 259 99 344 89 410 286 244 461 288 421 372 275 149 371 141 98 378 55 277 0 197 263 434 104 260 310 378 312 399 288 134 455 110 249 52 
169 309 87 65 266 409 73 67 467 340 111 269 98 160 319 344 277 312 87 237 306 215 108 80 314 429 172 362 307 177 346 182 192 139 197 0 65 418 357 89 50 304 320 98 70 487 120 218 372 170 
408 498 221 182 221 267 450 440 71 110 465 365 337 276 159 73 82 324 339 112 137 474 234 206 487 118 51 376 260 140 72 375 345 450 263 65 0 159 431 121 450 96 364 293 263 329 236 473 442 102 
423 212 211 444 479 175 65 315 158 174 95 190 448 140 459 291 320 400 447 307 468 204 182 434 51 411 308 346 117 70 117 490 440 278 434 418 159 0 86 123 183 101 470 416 226 206 193 139 272 442 
205 440 267 329 241 163 483 331 122 273 150 472 427 163 195 130 51 128 338 413 387 390 480 163 457 225 102 234 365 471 344 69 166 317 104 357 431 86 0 414 384 338 183 224 157 235 321 435 447 243 
187 52 310 494 230 236 157 375 72 365 209 361 277 302 457 463 416 414 188 224 354 259 401 404 279 66 221 333 373 151 370 266 153 386 260 89 121 123 414 0 202 223 299 152 239 166 266 62 190 456 
350 438 329 417 422 131 374 384 253 287 278 427 140 488 84 495 473 100 422 305 180 72 381 396 175 266 362 421 93 435 90 394 129 369 310 50 450 183 384 202 0 196 364 235 156 103 51 188 416 446 
176 369 336 267 356 370 468 84 176 389 339 306 167 427 202 499 192 63 419 236 205 459 129 284 327 389 284 277 279 374 185 405 242 471 378 304 96 101 338 223 196 0 445 64 269 83 128 188 370 131 
384 479 313 310 387 311 452 157 229 394 312 187 229 302 221 118 85 204 103 165 339 458 114 66 336 368 319 143 413 492 290 52 227 102 312 320 364 470 183 299 364 445 0 282 108 76 493 76 400 108 
193 92 453 364 367 244 67 176 360 112 134 424 335 176 498 154 269 166 352 58 168 285 318 186 105 388 156 238 186 226 390 329 475 98 399 98 293 416 224 152 235 64 282 0 140 192 387 497 116 186 
69 397 486 380 373 152 439 137 477 223 405 370 485 292 232 430 185 408 75 220 138 123 119 393 122 241 324 431 426 94 212 202 442 405 288 70 263 226 157 239 156 269 108 140 0 204 133 368 468 310 
60 290 276 402 404 301 122 249 131 191 141 203 382 171 134 64 216 52 423 364 407 417 384 376 143 491 115 456 466 380 95 233 377 78 134 487 329 206 235 166 103 83 76 192 204 0 234 208 356 263 
160 413 126 369 335 440 483 251 79 358 100 70 179 55 486 266 308 218 142 336 59 128 371 215 314 488 476 103 270 167 464 380 79 90 455 120 236 193 321 266 51 128 493 387 133 234 0 112 134 187 
152 147 159 244 189 168 79 60 89 99 254 64 152 474 181 115 109 210 362 270 280 98 414 308 314 171 142 306 57 432 490 160 79 148 110 218 473 139 435 62 188 188 76 497 368 208 112 0 108 251 
183 124 180 404 111 228 317 125 248 438 217 53 201 148 250 67 384 104 128 102 77 424 243 89 319 138 115 315 456 480 133 139 311 264 249 372 442 272 447 190 416 370 400 116 468 356 134 108 0 166 
411 419 160 194 98 109 233 367 197 54 389 153 485 472 449 51 442 404 373 140 175 75 487 90 151 142 363 118 449 447 383 359 121 493 52 170 102 442 243 456 446 131 108 186 310 263 187 251 166 0 

940.5 0 22
940.5 1 16
940.5 2 39
940.5 3 32
940.5 4 19
940.5 5 23
940.5 6 4
940.5 7 48
940.5 8 31
940.5 9 20
940.5 10 37
940.5 11 23
940.5 12 40
940.5 13 32
940.5 14 34
940.5 15 2
940.5 16 13
940.5 17 28
940.5 18 42
940.5 19 2
940.5 20 38
940.5 21 45
940.5 22 39
940.5 23 12
940.5 24 41
940.5 25 21
940.5 26 27
940.5 27 0
940.5 28 6
940.5 29 33
940.5 30 24
940.5 31 29
940.5 32 6
940.5 33 19
940.5 34 17
940.5 35 25
940.5 36 43
940.5 37 27
940.5 38 29
940.5 39 25
940.5 40 3
940.5 41 22
940.5 42 48
940.5 43 48
940.5 44 10
940.5 45 38
940.5 46 6
940.5 47 28
940.5 48 17
940.5 49 4
