30 30 3 43

0.2 0 9
0.2 0 22
0.2 1 4
0.2 1 12
0.2 1 18
0.2 1 19
0.2 1 22
0.2 1 24
0.2 2 24
0.2 2 28
0.2 3 16
0.2 4 17
0.2 4 26
0.2 6 7
0.2 6 12
0.2 6 14
0.2 6 29
0.2 7 19
0.2 7 21
0.2 7 26
0.2 8 10
0.2 8 16
0.2 8 19
0.2 8 24
0.2 9 20
0.2 9 24
0.2 10 22
0.2 10 23
0.2 11 24
0.2 12 19
0.2 12 24
0.2 12 26
0.2 15 20
0.2 17 18
0.2 17 19
0.2 18 24
0.2 18 25
0.2 19 23
0.2 21 23
0.2 21 26
0.2 22 27
0.2 24 28
0.2 24 29

0 472 337 126 338 418 432 376 434 114 201 75 360 292 137 296 458 167 298 464 376 150 261 214 399 72 316 362 402 145 
472 0 334 162 203 435 257 99 318 75 425 412 499 137 340 51 146 497 175 448 278 431 246 200 168 366 434 69 339 177 
337 334 0 500 125 310 184 497 75 138 195 297 425 194 469 69 342 291 169 241 88 429 406 88 375 348 398 171 137 237 
126 162 500 0 453 470 489 325 405 396 92 137 448 86 269 322 297 195 114 252 388 317 165 74 121 311 270 457 459 497 
338 203 125 453 0 164 150 361 361 478 169 345 151 349 274 293 115 497 159 469 354 312 347 413 165 355 165 361 407 222 
418 435 310 470 164 0 220 126 359 55 295 114 402 395 162 156 110 153 102 418 395 317 152 136 495 446 315 193 363 81 
432 257 184 489 150 220 0 112 237 331 262 369 209 137 335 466 277 160 216 163 152 159 282 291 367 88 292 147 336 455 
376 99 497 325 361 126 112 0 229 494 251 457 188 69 479 86 434 82 121 221 200 313 365 455 464 253 482 465 364 336 
434 318 75 405 361 359 237 229 0 231 100 181 395 421 86 212 151 315 279 132 330 270 462 460 415 113 369 413 431 150 
114 75 138 396 478 55 331 494 231 0 465 435 147 255 490 361 463 227 62 121 119 316 326 52 273 414 310 262 479 498 
201 425 195 92 169 295 262 251 100 465 0 193 95 317 129 380 226 412 369 385 251 367 466 200 259 324 336 279 217 199 
75 412 297 137 345 114 369 457 181 435 193 0 75 264 195 231 140 253 356 461 204 145 392 121 439 435 314 412 395 80 
360 499 425 448 151 402 209 188 395 147 95 75 0 306 405 488 298 214 264 175 289 301 254 167 392 408 348 243 148 476 
292 137 194 86 349 395 137 69 421 255 317 264 306 0 474 134 371 252 347 182 198 405 282 497 101 397 88 148 429 122 
137 340 469 269 274 162 335 479 86 490 129 195 405 474 0 254 496 457 229 342 395 240 410 223 230 154 377 221 381 182 
296 51 69 322 293 156 466 86 212 361 380 231 488 134 254 0 272 172 261 295 491 154 70 155 346 323 261 78 59 123 
458 146 342 297 115 110 277 434 151 463 226 140 298 371 496 272 0 348 344 454 166 55 147 117 268 169 118 168 379 50 
167 497 291 195 497 153 160 82 315 227 412 253 214 252 457 172 348 0 374 451 312 98 223 391 439 363 67 68 235 269 
298 175 169 114 159 102 216 121 279 62 369 356 264 347 229 261 344 374 0 103 360 60 498 431 252 468 376 323 437 339 
464 448 241 252 469 418 163 221 132 121 385 461 175 182 342 295 454 451 103 0 94 336 414 82 95 268 465 252 163 379 
376 278 88 388 354 395 152 200 330 119 251 204 289 198 395 491 166 312 360 94 0 167 296 282 105 171 172 487 353 454 
150 431 429 317 312 317 159 313 270 316 367 145 301 405 240 154 55 98 60 336 167 0 349 391 455 197 198 391 211 482 
261 246 406 165 347 152 282 365 462 326 466 392 254 282 410 70 147 223 498 414 296 349 0 71 476 113 340 269 437 249 
214 200 88 74 413 136 291 455 460 52 200 121 167 497 223 155 117 391 431 82 282 391 71 0 211 389 241 362 311 62 
399 168 375 121 165 495 367 464 415 273 259 439 392 101 230 346 268 439 252 95 105 455 476 211 0 135 372 355 197 193 
72 366 348 311 355 446 88 253 113 414 324 435 408 397 154 323 169 363 468 268 171 197 113 389 135 0 107 147 83 185 
316 434 398 270 165 315 292 482 369 310 336 314 348 88 377 261 118 67 376 465 172 198 340 241 372 107 0 266 80 324 
362 69 171 457 361 193 147 465 413 262 279 412 243 148 221 78 168 68 323 252 487 391 269 362 355 147 266 0 265 96 
402 339 137 459 407 363 336 364 431 479 217 395 148 429 381 59 379 235 437 163 353 211 437 311 197 83 80 265 0 425 
145 177 237 497 222 81 455 336 150 498 199 80 476 122 182 123 50 269 339 379 454 482 249 62 193 185 324 96 425 0 

526.5 0 25
526.5 1 4
526.5 2 23
526.5 3 4
526.5 4 5
526.5 5 20
526.5 6 12
526.5 7 20
526.5 8 12
526.5 9 10
526.5 10 24
526.5 11 0
526.5 12 9
526.5 13 25
526.5 14 19
526.5 15 19
526.5 16 26
526.5 17 18
526.5 18 13
526.5 19 13
526.5 20 11
526.5 21 18
526.5 22 10
526.5 23 21
526.5 24 7
526.5 25 22
526.5 26 1
526.5 27 3
526.5 28 7
526.5 29 6
