10 10 3 9

0.25 0 1
0.25 0 3
0.25 1 2
0.25 1 6
0.25 3 4
0.25 3 6
0.25 3 8
0.25 5 6
0.25 5 7

0 401 308 191 289 74 491 143 319 306 
401 0 297 460 133 484 135 377 200 111 
308 297 0 392 101 393 346 89 205 257 
191 460 392 0 255 159 348 273 426 357 
289 133 101 255 0 217 70 453 458 316 
74 484 393 159 217 0 201 439 208 488 
491 135 346 348 70 201 0 108 116 96 
143 377 89 273 453 439 108 0 174 208 
319 200 205 426 458 208 116 174 0 353 
306 111 257 357 316 488 96 208 353 0 

316.47 0 3
316.47 1 2
316.47 2 7
316.47 3 6
316.47 4 2
316.47 5 6
316.47 6 4
316.47 7 6
316.47 8 2
316.47 9 2
