10 10 4 11

0.4 0 3
0.4 0 6
0.4 1 2
0.4 1 8
0.4 1 9
0.4 2 3
0.4 3 6
0.4 3 9
0.4 4 5
0.4 5 8
0.4 5 9

0 393 108 325 83 322 294 61 308 485 
393 0 261 74 359 274 109 289 154 265 
108 261 0 175 82 137 108 480 148 302 
325 74 175 0 235 285 127 404 407 67 
83 359 82 235 0 166 76 204 420 450 
322 274 137 285 166 0 129 242 360 330 
294 109 108 127 76 129 0 257 232 291 
61 289 480 404 204 242 257 0 444 294 
308 154 148 407 420 360 232 444 0 114 
485 265 302 67 450 330 291 294 114 0 

397.5 0 1
397.5 1 2
397.5 2 1
397.5 3 1
397.5 4 2
397.5 5 6
397.5 6 8
397.5 7 1
397.5 8 3
397.5 9 8
