50 50 3 306

0.25 0 1
0.25 0 5
0.25 0 7
0.25 0 8
0.25 0 9
0.25 0 11
0.25 0 18
0.25 0 22
0.25 0 27
0.25 0 30
0.25 0 31
0.25 0 33
0.25 0 38
0.25 0 43
0.25 0 45
0.25 1 6
0.25 1 14
0.25 1 28
0.25 1 40
0.25 1 44
0.25 1 49
0.25 2 9
0.25 2 10
0.25 2 17
0.25 2 18
0.25 2 19
0.25 2 27
0.25 2 28
0.25 2 29
0.25 2 31
0.25 2 32
0.25 2 35
0.25 2 39
0.25 2 42
0.25 2 49
0.25 3 4
0.25 3 6
0.25 3 14
0.25 3 15
0.25 3 16
0.25 3 17
0.25 3 22
0.25 3 31
0.25 3 38
0.25 3 49
0.25 4 15
0.25 4 17
0.25 4 18
0.25 4 27
0.25 4 28
0.25 4 34
0.25 4 41
0.25 4 43
0.25 4 45
0.25 4 49
0.25 5 6
0.25 5 8
0.25 5 11
0.25 5 12
0.25 5 13
0.25 5 16
0.25 5 17
0.25 5 23
0.25 5 27
0.25 5 30
0.25 5 31
0.25 5 36
0.25 5 37
0.25 5 39
0.25 5 46
0.25 5 47
0.25 6 15
0.25 6 18
0.25 6 20
0.25 6 22
0.25 6 24
0.25 6 31
0.25 6 35
0.25 6 45
0.25 6 47
0.25 6 48
0.25 7 12
0.25 7 25
0.25 7 28
0.25 7 31
0.25 7 32
0.25 7 33
0.25 7 35
0.25 7 43
0.25 7 48
0.25 8 9
0.25 8 14
0.25 8 18
0.25 8 19
0.25 8 24
0.25 8 26
0.25 8 28
0.25 8 29
0.25 8 32
0.25 8 36
0.25 8 38
0.25 8 41
0.25 9 10
0.25 9 14
0.25 9 32
0.25 9 36
0.25 9 39
0.25 9 44
0.25 10 16
0.25 10 18
0.25 10 19
0.25 10 26
0.25 10 28
0.25 10 33
0.25 10 35
0.25 10 36
0.25 10 41
0.25 10 49
0.25 11 14
0.25 11 18
0.25 11 20
0.25 11 21
0.25 11 23
0.25 11 26
0.25 11 28
0.25 11 33
0.25 11 39
0.25 11 43
0.25 11 45
0.25 11 48
0.25 12 15
0.25 12 19
0.25 12 20
0.25 12 22
0.25 12 26
0.25 12 28
0.25 12 41
0.25 12 45
0.25 13 21
0.25 13 27
0.25 13 34
0.25 13 38
0.25 13 39
0.25 13 40
0.25 13 49
0.25 14 19
0.25 14 21
0.25 14 24
0.25 14 27
0.25 14 29
0.25 14 33
0.25 14 34
0.25 14 36
0.25 14 37
0.25 14 42
0.25 14 43
0.25 14 47
0.25 15 21
0.25 15 22
0.25 15 23
0.25 15 24
0.25 15 27
0.25 15 40
0.25 15 43
0.25 15 47
0.25 15 48
0.25 16 17
0.25 16 18
0.25 16 23
0.25 16 25
0.25 16 27
0.25 16 32
0.25 16 38
0.25 16 43
0.25 16 44
0.25 16 47
0.25 16 48
0.25 17 24
0.25 17 27
0.25 17 40
0.25 17 43
0.25 17 45
0.25 17 47
0.25 18 20
0.25 18 22
0.25 18 23
0.25 18 27
0.25 18 30
0.25 18 40
0.25 19 28
0.25 19 29
0.25 19 30
0.25 19 36
0.25 19 37
0.25 19 46
0.25 20 24
0.25 20 35
0.25 20 41
0.25 20 44
0.25 20 45
0.25 21 22
0.25 21 24
0.25 21 26
0.25 21 32
0.25 21 34
0.25 21 36
0.25 21 38
0.25 21 39
0.25 21 46
0.25 21 49
0.25 22 24
0.25 22 26
0.25 22 27
0.25 22 29
0.25 22 31
0.25 22 33
0.25 22 34
0.25 22 37
0.25 22 42
0.25 22 47
0.25 23 28
0.25 23 30
0.25 23 35
0.25 23 37
0.25 23 39
0.25 23 46
0.25 23 49
0.25 24 29
0.25 24 34
0.25 24 39
0.25 24 44
0.25 24 48
0.25 25 26
0.25 25 28
0.25 25 30
0.25 25 35
0.25 25 38
0.25 25 40
0.25 25 42
0.25 25 46
0.25 26 32
0.25 26 42
0.25 26 45
0.25 26 47
0.25 26 48
0.25 27 30
0.25 27 31
0.25 27 33
0.25 27 38
0.25 27 41
0.25 27 43
0.25 28 30
0.25 28 31
0.25 28 33
0.25 28 37
0.25 28 48
0.25 29 31
0.25 29 33
0.25 29 41
0.25 29 42
0.25 29 43
0.25 29 45
0.25 29 46
0.25 30 35
0.25 30 36
0.25 30 37
0.25 30 38
0.25 30 41
0.25 30 42
0.25 30 47
0.25 31 36
0.25 31 40
0.25 31 43
0.25 31 45
0.25 31 49
0.25 32 34
0.25 32 37
0.25 32 39
0.25 32 48
0.25 33 46
0.25 33 47
0.25 34 39
0.25 34 42
0.25 34 44
0.25 34 47
0.25 35 41
0.25 36 39
0.25 36 44
0.25 37 39
0.25 37 45
0.25 37 46
0.25 37 49
0.25 38 40
0.25 38 42
0.25 38 44
0.25 40 48
0.25 41 44
0.25 41 45
0.25 41 49
0.25 42 43
0.25 42 46
0.25 44 47
0.25 45 48
0.25 47 48
0.25 47 49
0.25 48 49

0 99 442 297 387 490 354 418 191 95 448 173 180 183 400 172 121 277 427 474 328 132 147 137 492 465 321 96 58 498 209 418 124 342 453 292 370 181 53 117 412 233 72 449 475 319 161 161 145 154 
99 0 356 230 278 99 349 79 345 373 409 445 403 95 461 159 240 102 209 404 403 141 408 269 458 209 491 106 472 345 214 330 356 275 336 368 383 303 294 104 157 474 179 70 116 213 418 239 84 467 
442 356 0 183 430 363 165 121 351 450 293 171 392 118 76 116 290 194 450 379 132 385 119 132 62 269 137 198 143 100 167 212 171 340 479 373 164 467 370 277 417 329 331 320 480 462 488 364 310 428 
297 230 183 0 163 299 199 235 240 232 319 388 337 206 114 183 289 166 487 434 500 437 237 410 367 326 382 329 418 55 53 291 121 237 240 66 278 493 436 175 159 365 258 334 130 230 444 461 249 89 
387 278 430 163 0 461 73 430 286 487 314 135 134 290 318 499 473 100 472 279 353 86 471 270 102 218 382 170 274 72 265 333 395 285 446 404 246 323 384 468 329 445 264 97 108 65 400 358 302 211 
490 99 363 299 461 0 464 355 206 196 73 222 134 56 94 368 110 268 430 379 289 265 269 117 180 421 491 469 199 194 380 427 304 288 70 412 471 89 311 180 124 461 264 104 81 212 83 102 390 149 
354 349 165 199 73 464 0 265 487 488 489 238 483 465 451 458 106 123 254 231 408 413 350 76 373 81 103 75 115 180 283 170 449 160 275 382 458 339 216 250 55 381 113 392 372 108 265 100 361 439 
418 79 121 235 430 355 265 0 466 105 231 326 122 350 221 204 274 461 456 318 345 394 169 200 313 209 90 464 309 297 165 322 217 92 330 409 131 88 104 195 401 339 273 238 370 429 267 99 157 489 
191 345 351 240 286 206 487 466 0 445 309 215 189 179 192 157 268 376 346 435 222 339 393 383 474 134 259 107 75 99 266 298 101 328 88 157 155 195 417 141 233 433 337 360 222 456 479 437 346 341 
95 373 450 232 487 196 488 105 445 0 110 151 183 409 494 464 484 294 466 261 331 361 244 380 141 94 379 407 291 452 286 386 334 384 159 357 314 433 424 193 98 367 320 481 223 200 311 116 499 343 
448 409 293 319 314 73 489 231 309 110 0 68 276 227 61 375 416 91 451 248 481 424 251 108 151 282 258 454 335 312 214 107 274 312 55 230 123 140 108 387 93 331 132 226 244 204 342 283 148 316 
173 445 171 388 135 222 238 326 215 151 68 0 305 66 483 458 261 89 451 355 478 166 484 452 383 187 386 160 490 125 217 462 269 178 490 385 347 234 206 248 265 221 336 124 453 102 399 336 283 74 
180 403 392 337 134 134 483 122 189 183 276 305 0 251 476 349 496 349 409 445 304 263 128 116 118 431 411 448 104 449 97 310 350 470 268 185 59 74 404 466 182 216 134 183 347 189 61 212 223 385 
183 95 118 206 290 56 465 350 179 409 227 66 251 0 133 490 399 80 285 174 384 263 395 78 218 155 173 213 241 146 496 155 135 451 114 149 156 465 368 207 472 480 437 132 394 238 102 59 83 219 
400 461 76 114 318 94 451 221 192 494 61 483 476 133 0 391 237 430 434 270 113 165 276 220 165 450 471 245 199 321 166 214 433 159 71 286 388 156 228 189 182 135 386 486 106 117 488 182 189 147 
172 159 116 183 499 368 458 204 157 464 375 458 349 490 391 0 128 421 217 151 444 323 100 173 268 404 455 412 421 52 194 426 482 109 329 486 102 50 255 365 66 227 321 155 479 471 124 126 472 461 
121 240 290 289 473 110 106 274 268 484 416 261 496 399 237 128 0 478 186 367 163 51 307 404 100 453 162 305 395 94 316 55 140 326 420 246 89 53 444 403 188 355 77 286 412 256 51 360 452 139 
277 102 194 166 100 268 123 461 376 294 91 89 349 80 430 421 478 0 99 241 442 279 376 319 251 101 157 155 118 470 375 480 169 354 401 327 141 290 241 93 473 58 352 346 146 126 395 397 408 419 
427 209 450 487 472 430 254 456 346 466 451 451 409 285 434 217 186 99 0 80 174 167 389 367 326 493 385 292 165 179 238 56 489 149 144 91 168 481 157 437 486 123 435 85 495 276 350 233 230 339 
474 404 379 434 279 379 231 318 435 261 248 355 445 174 270 151 367 241 80 0 187 224 167 155 258 70 474 275 307 439 286 243 333 380 390 337 215 310 116 82 492 50 306 312 379 96 413 397 434 155 
328 403 132 500 353 289 408 345 222 331 481 478 304 384 113 444 163 442 174 187 0 316 56 58 73 476 313 316 374 88 54 472 347 316 91 226 270 316 321 377 81 153 138 435 413 321 483 268 436 100 
132 141 385 437 86 265 413 394 339 361 424 166 263 263 165 323 51 279 167 224 316 0 261 201 111 364 495 404 271 295 176 267 255 264 106 254 89 352 235 429 143 500 489 144 294 161 140 374 245 81 
147 408 119 237 471 269 350 169 393 244 251 484 128 395 276 100 307 376 389 167 56 261 0 500 184 289 426 138 305 452 80 125 165 435 141 116 184 369 400 211 443 107 58 374 385 446 242 162 221 467 
137 269 132 410 270 117 76 200 383 380 108 452 116 78 220 173 404 319 367 155 58 201 500 0 196 76 120 407 148 412 55 258 105 256 193 176 273 63 490 385 415 355 447 281 276 96 385 356 399 437 
492 458 62 367 102 180 373 313 474 141 151 383 118 218 165 268 100 251 326 258 73 111 184 196 0 114 487 377 86 272 335 272 234 495 457 179 100 195 198 217 61 343 199 174 146 124 310 457 327 128 
465 209 269 326 218 421 81 209 134 94 282 187 431 155 450 404 453 101 493 70 476 364 289 76 114 0 203 402 415 256 198 410 281 151 280 215 75 417 121 340 376 481 412 200 490 214 477 188 242 318 
321 491 137 382 382 491 103 90 259 379 258 386 411 173 471 455 162 157 385 474 313 495 426 120 487 203 0 401 237 266 277 406 461 401 244 263 372 374 423 263 424 141 473 398 84 494 193 285 198 496 
96 106 198 329 170 469 75 464 107 407 454 160 448 213 245 412 305 155 292 275 316 404 138 407 377 402 401 0 444 64 90 255 195 189 218 297 109 128 334 147 397 467 204 426 309 261 390 231 121 208 
58 472 143 418 274 199 115 309 75 291 335 490 104 241 199 421 395 118 165 307 374 271 305 148 86 415 237 444 0 170 414 207 438 345 393 60 492 334 286 109 440 164 153 312 124 383 277 225 478 308 
498 345 100 55 72 194 180 297 99 452 312 125 449 146 321 52 94 470 179 439 88 295 452 412 272 256 266 64 170 0 498 320 487 262 136 392 344 218 179 157 388 72 431 90 68 357 140 229 336 282 
209 214 167 53 265 380 283 165 266 286 214 217 97 496 166 194 316 375 238 286 54 176 80 55 335 198 277 90 414 498 0 460 154 407 168 393 341 464 302 451 220 80 319 66 303 243 414 199 404 447 
418 330 212 291 333 427 170 322 298 386 107 462 310 155 214 426 55 480 56 243 472 267 125 258 272 410 406 255 207 320 460 0 268 393 346 59 361 466 289 177 107 347 383 467 99 201 144 92 123 413 
124 356 171 121 395 304 449 217 101 334 274 269 350 135 433 482 140 169 489 333 347 255 165 105 234 281 461 195 438 487 154 268 0 243 423 259 433 227 423 212 252 252 109 110 134 276 265 418 370 248 
342 275 340 237 285 288 160 92 328 384 312 178 470 451 159 109 326 354 149 380 316 264 435 256 495 151 401 189 345 262 407 393 243 0 146 472 211 430 378 227 344 359 356 92 489 411 401 269 213 374 
453 336 479 240 446 70 275 330 88 159 55 490 268 114 71 329 420 401 144 390 91 106 141 193 457 280 244 218 393 136 168 346 423 146 0 282 345 458 431 58 423 211 347 56 386 137 87 259 322 208 
292 368 373 66 404 412 382 409 157 357 230 385 185 149 286 486 246 327 91 337 226 254 116 176 179 215 263 297 60 392 393 59 259 472 282 0 179 256 63 179 80 404 323 364 192 291 164 276 379 410 
370 383 164 278 246 471 458 131 155 314 123 347 59 156 388 102 89 141 168 215 270 89 184 273 100 75 372 109 492 344 341 361 433 211 345 179 0 469 188 113 174 319 119 146 276 123 191 321 310 229 
181 303 467 493 323 89 339 88 195 433 140 234 74 465 156 50 53 290 481 310 316 352 369 63 195 417 374 128 334 218 464 466 227 430 458 256 469 0 147 258 428 299 410 399 257 403 58 309 182 146 
53 294 370 436 384 311 216 104 417 424 108 206 404 368 228 255 444 241 157 116 321 235 400 490 198 121 423 334 286 179 302 289 423 378 431 63 188 147 0 324 431 242 302 101 269 219 382 81 242 154 
117 104 277 175 468 180 250 195 141 193 387 248 466 207 189 365 403 93 437 82 377 429 211 385 217 340 263 147 109 157 451 177 212 227 58 179 113 258 324 0 357 459 162 213 448 285 376 464 362 276 
412 157 417 159 329 124 55 401 233 98 93 265 182 472 182 66 188 473 486 492 81 143 443 415 61 376 424 397 440 388 220 107 252 344 423 80 174 428 431 357 0 165 437 135 430 102 320 132 180 195 
233 474 329 365 445 461 381 339 433 367 331 221 216 480 135 227 355 58 123 50 153 500 107 355 343 481 141 467 164 72 80 347 252 359 211 404 319 299 242 459 165 0 384 485 219 130 430 314 97 176 
72 179 331 258 264 264 113 273 337 320 132 336 134 437 386 321 77 352 435 306 138 489 58 447 199 412 473 204 153 431 319 383 109 356 347 323 119 410 302 162 437 384 0 494 156 93 275 299 145 301 
449 70 320 334 97 104 392 238 360 481 226 124 183 132 486 155 286 346 85 312 435 144 374 281 174 200 398 426 312 90 66 467 110 92 56 364 146 399 101 213 135 485 494 0 483 448 87 294 109 79 
475 116 480 130 108 81 372 370 222 223 244 453 347 394 106 479 412 146 495 379 413 294 385 276 146 490 84 309 124 68 303 99 134 489 386 192 276 257 269 448 430 219 156 483 0 74 238 79 130 101 
319 213 462 230 65 212 108 429 456 200 204 102 189 238 117 471 256 126 276 96 321 161 446 96 124 214 494 261 383 357 243 201 276 411 137 291 123 403 219 285 102 130 93 448 74 0 469 432 491 398 
161 418 488 444 400 83 265 267 479 311 342 399 61 102 488 124 51 395 350 413 483 140 242 385 310 477 193 390 277 140 414 144 265 401 87 164 191 58 382 376 320 430 275 87 238 469 0 126 80 491 
161 239 364 461 358 102 100 99 437 116 283 336 212 59 182 126 360 397 233 397 268 374 162 356 457 188 285 231 225 229 199 92 418 269 259 276 321 309 81 464 132 314 299 294 79 432 126 0 288 190 
145 84 310 249 302 390 361 157 346 499 148 283 223 83 189 472 452 408 230 434 436 245 221 399 327 242 198 121 478 336 404 123 370 213 322 379 310 182 242 362 180 97 145 109 130 491 80 288 0 73 
154 467 428 89 211 149 439 489 341 343 316 74 385 219 147 461 139 419 339 155 100 81 467 437 128 318 496 208 308 282 447 413 248 374 208 410 229 146 154 276 195 176 301 79 101 398 491 190 73 0 

1022.67 0 46
1022.67 1 48
1022.67 2 23
1022.67 3 22
1022.67 4 19
1022.67 5 47
1022.67 6 34
1022.67 7 46
1022.67 8 15
1022.67 9 21
1022.67 10 9
1022.67 11 37
1022.67 12 19
1022.67 13 17
1022.67 14 28
1022.67 15 35
1022.67 16 1
1022.67 17 13
1022.67 18 35
1022.67 19 29
1022.67 20 10
1022.67 21 28
1022.67 22 35
1022.67 23 47
1022.67 24 43
1022.67 25 28
1022.67 26 47
1022.67 27 29
1022.67 28 4
1022.67 29 46
1022.67 30 24
1022.67 31 1
1022.67 32 2
1022.67 33 3
1022.67 34 29
1022.67 35 21
1022.67 36 1
1022.67 37 14
1022.67 38 18
1022.67 39 17
1022.67 40 35
1022.67 41 27
1022.67 42 10
1022.67 43 5
1022.67 44 0
1022.67 45 38
1022.67 46 47
1022.67 47 2
1022.67 48 3
1022.67 49 37
