20 20 4 38

0.3 1 2
0.3 1 11
0.3 1 14
0.3 2 7
0.3 2 12
0.3 2 16
0.3 3 4
0.3 3 6
0.3 3 8
0.3 3 15
0.3 4 15
0.3 4 16
0.3 4 18
0.3 5 8
0.3 5 10
0.3 5 18
0.3 6 8
0.3 6 14
0.3 7 13
0.3 7 14
0.3 8 10
0.3 8 19
0.3 9 13
0.3 9 15
0.3 9 18
0.3 10 12
0.3 10 15
0.3 10 18
0.3 11 13
0.3 11 19
0.3 12 16
0.3 12 17
0.3 13 16
0.3 13 19
0.3 14 16
0.3 14 19
0.3 15 17
0.3 15 18

0 227 350 81 347 97 229 254 460 174 210 285 264 157 249 408 80 471 403 370 
227 0 205 196 96 446 120 353 393 271 299 236 309 155 496 271 379 214 344 320 
350 205 0 354 125 261 413 459 410 398 355 364 195 408 55 107 203 342 327 205 
81 196 354 0 175 377 288 288 393 456 123 249 161 343 368 279 282 456 180 95 
347 96 125 175 0 103 175 198 450 152 86 195 265 414 180 378 140 299 255 117 
97 446 261 377 103 0 273 354 321 445 480 463 53 198 430 419 70 260 103 301 
229 120 413 288 175 273 0 258 425 401 102 158 313 174 338 187 412 142 244 323 
254 353 459 288 198 354 258 0 352 363 290 294 165 424 439 221 277 470 312 326 
460 393 410 393 450 321 425 352 0 77 332 412 367 189 332 332 358 298 368 334 
174 271 398 456 152 445 401 363 77 0 60 429 96 360 205 91 350 390 464 217 
210 299 355 123 86 480 102 290 332 60 0 425 82 287 203 101 315 277 71 75 
285 236 364 249 195 463 158 294 412 429 425 0 165 388 91 255 270 52 431 152 
264 309 195 161 265 53 313 165 367 96 82 165 0 261 468 437 260 82 408 404 
157 155 408 343 414 198 174 424 189 360 287 388 261 0 75 168 356 395 306 184 
249 496 55 368 180 430 338 439 332 205 203 91 468 75 0 248 237 250 401 203 
408 271 107 279 378 419 187 221 332 91 101 255 437 168 248 0 285 112 121 231 
80 379 203 282 140 70 412 277 358 350 315 270 260 356 237 285 0 481 354 70 
471 214 342 456 299 260 142 470 298 390 277 52 82 395 250 112 481 0 356 164 
403 344 327 180 255 103 244 312 368 464 71 431 408 306 401 121 354 356 0 491 
370 320 205 95 117 301 323 326 334 217 75 152 404 184 203 231 70 164 491 0 

505.56 0 8
505.56 1 7
505.56 2 10
505.56 3 11
505.56 4 1
505.56 5 18
505.56 6 3
505.56 7 14
505.56 8 11
505.56 9 10
505.56 10 6
505.56 11 12
505.56 12 16
505.56 13 14
505.56 14 12
505.56 15 18
505.56 16 17
505.56 17 4
505.56 18 7
505.56 19 7
